10;40;30;db;Minkowski_2;1;1
1;1;1;2;2;0;1;3;3;3;3;1;2;1;2;2;1;3;3;3;2;3;3;2;0;3;2;1;1;1;3;1;3;0;3;3;0;1;1;1;1;0;3;1;2;2;2;0;1;2;2;0;1;3;3;3;2;2;3;3;3;3;2;2;0;1;3;3;1;2;1;3;3;3;1;3;1;1;3;2;1;1;2;2;0;3;1;0;0;1;2;2;1;1;0;2;3;3;1;3;1;2;3;0;3;2;2;2;1;1;3;2;0;1;2;1;3;1;3;2;2;1;3;3;3;3;0;0;2;3;1;0;1;2;3;1;1;1;1;3;1;1;0;0;1;2;3;3;1;2;0,618087678384;0,583308024936;0,589738316931;0,71527091281;0,646466943922;2,84611655783;0;0;0;0
2;2;2;2;2;0;2;0;0;0;0;2;2;2;2;2;2;0;0;0;2;0;0;2;0;0;2;2;0;2;0;2;0;0;0;0;0;2;2;2;2;0;0;2;2;2;2;0;2;2;2;0;0;0;0;0;2;2;0;0;0;0;2;2;1;2;0;0;2;2;2;0;0;0;2;0;0;2;0;2;2;0;2;2;0;0;0;0;0;0;2;2;2;2;0;2;0;0;2;0;2;2;0;0;0;2;2;2;2;2;0;2;0;0;2;2;0;2;0;2;2;2;0;0;0;0;0;0;2;0;2;0;2;2;0;2;0;2;1;0;2;2;1;0;2;2;0;0;2;2;0,4158958723;0,384398288498;0,555621357178;0,393026784142;0,460390034409;3,05356358951;0;0;0;0
2;2;2;2;2;0;2;0;0;0;0;2;2;2;2;2;2;0;0;0;2;0;0;2;2;0;2;2;0;2;0;2;0;0;0;0;0;2;2;2;2;0;0;2;2;2;2;0;2;2;2;0;0;0;0;0;2;2;0;0;0;0;2;2;1;2;0;0;2;2;2;0;0;0;2;0;0;2;0;2;2;0;2;2;0;0;0;0;0;0;2;2;2;2;0;2;0;0;2;0;2;2;0;0;0;2;2;2;2;2;0;2;0;0;2;2;0;2;0;2;2;2;0;0;0;0;0;0;2;0;2;0;2;2;0;2;0;2;1;0;2;2;0;0;2;2;0;0;2;2;0,42885251636;0,397943551978;0,591755230938;0,406325088557;0,481814923946;3,0819846196;0;0;0;0
0;0;0;0;0;3;0;2;2;2;2;0;0;0;0;0;0;2;2;2;0;2;2;0;3;2;0;0;2;0;2;0;2;3;2;2;2;0;0;0;0;0;2;0;1;0;0;0;0;0;0;3;2;2;2;2;0;0;2;2;2;2;0;0;0;0;2;2;0;0;0;2;2;2;0;2;0;0;2;1;0;0;0;0;3;2;0;0;3;2;0;0;0;0;3;0;2;2;0;2;0;0;2;3;2;0;0;0;0;0;2;0;3;0;0;0;2;0;2;0;0;0;2;2;2;2;3;0;0;2;0;0;0;0;2;0;0;0;0;2;0;0;2;3;0;0;2;2;0;0;0,451208370671;0,446517447381;0,53611545532;0,457874765431;0,493915801632;3,3744485552;0;0;0;0
0;0;0;0;0;3;0;2;2;2;2;0;0;0;0;0;0;2;2;2;0;2;2;0;3;2;0;0;2;0;2;0;2;3;2;2;2;0;0;0;0;0;2;0;1;0;0;0;0;0;0;3;2;2;2;2;0;0;2;2;2;2;0;0;0;0;2;2;0;0;0;2;2;2;0;2;0;0;2;1;0;0;0;0;3;2;0;0;3;2;0;0;0;0;3;0;2;2;0;2;0;0;2;3;2;0;0;0;0;0;2;0;3;0;0;0;2;0;2;0;0;0;2;2;2;2;3;0;0;2;0;0;0;0;2;0;0;0;0;2;0;0;2;3;0;0;2;2;0;0;0,451208370671;0,446517447381;0,53611545532;0,457874765431;0,493915801632;3,3744485552;0;0;0;0
0;0;0;0;0;3;0;2;2;2;2;0;0;0;0;0;0;2;2;2;0;2;2;0;3;2;0;0;2;0;2;0;2;3;2;2;2;0;0;0;0;0;2;0;1;0;0;0;0;0;0;3;2;2;2;2;0;0;2;2;2;2;0;0;0;0;2;2;0;0;0;2;2;2;0;2;0;0;2;1;0;0;0;0;3;2;0;0;3;2;0;0;0;0;3;0;2;2;0;2;0;0;2;3;2;0;0;0;0;0;2;0;3;0;0;0;2;0;2;0;0;0;2;2;2;2;3;0;0;2;0;0;0;0;2;0;0;0;0;2;0;0;2;3;0;0;2;2;0;0;0,451208370671;0,446517447381;0,53611545532;0,457874765431;0,493915801632;3,3744485552;0;0;0;0
0;0;0;0;0;3;0;2;2;2;2;0;0;0;0;0;0;2;2;2;0;2;2;0;3;2;0;0;2;0;2;0;2;3;2;2;2;0;0;0;0;0;2;0;1;0;0;0;0;0;0;3;2;2;2;2;0;0;2;2;2;2;0;0;0;0;2;2;0;0;0;2;2;2;0;2;0;0;2;1;0;0;0;0;3;2;0;0;3;2;0;0;0;0;3;0;2;2;0;2;0;0;2;3;2;0;0;0;0;0;2;0;3;0;0;0;2;0;2;0;0;0;2;2;2;2;3;0;0;2;0;0;0;0;2;0;0;0;0;2;0;0;2;3;0;0;2;2;0;0;0,451208370671;0,446517447381;0,53611545532;0,457874765431;0,493915801632;3,3744485552;0;0;0;0
0;0;0;0;0;0;0;1;1;1;1;0;0;0;0;0;0;1;1;1;0;1;1;0;0;1;0;0;0;0;1;0;1;1;1;1;1;0;0;0;0;0;1;0;0;0;0;0;0;0;0;0;0;1;1;1;0;0;1;1;1;1;0;0;0;0;1;1;0;0;0;1;1;1;0;1;0;0;1;0;0;0;0;0;0;1;0;0;1;0;0;0;0;0;1;0;1;1;0;1;0;0;1;0;1;0;0;0;0;0;1;0;1;0;0;0;1;0;1;0;0;0;1;1;1;1;1;0;0;1;0;0;0;0;1;0;0;0;0;1;0;0;0;0;0;0;1;1;0;0;0,477207652439;0,438134246547;0,746965377349;0,441596503005;0,555052797764;4,60965264628;0;0;0;0
0;0;0;0;0;0;0;1;1;1;1;0;0;0;0;0;0;1;1;1;0;1;1;0;0;1;0;0;0;0;1;0;1;1;1;1;1;0;0;0;0;0;1;0;0;0;0;0;0;0;0;0;0;1;1;1;0;0;1;1;1;1;0;0;0;0;1;1;0;0;0;1;1;1;0;1;0;0;1;0;0;0;0;0;0;1;0;0;1;0;0;0;0;0;1;0;1;1;0;1;0;0;1;0;1;0;0;0;0;0;1;0;1;0;0;0;1;0;1;0;0;0;1;1;1;1;1;0;0;1;0;0;0;0;1;0;0;0;0;1;0;0;0;0;0;0;1;1;0;0;0,477207652439;0,438134246547;0,746965377349;0,441596503005;0,555052797764;4,60965264628;0;0;0;0
0;0;0;0;0;0;0;1;1;1;1;0;0;0;0;0;0;1;1;1;0;1;1;0;0;1;0;0;0;0;1;0;1;1;1;1;1;0;0;0;0;0;1;0;0;0;0;0;0;0;0;0;0;1;1;1;0;0;1;1;1;1;0;0;0;0;1;1;0;0;0;1;1;1;0;1;0;0;1;0;0;0;0;0;0;1;0;0;1;0;0;0;0;0;1;0;1;1;0;1;0;0;1;0;1;0;0;0;0;0;1;0;1;0;0;0;1;0;1;0;0;0;1;1;1;1;1;0;0;1;0;0;0;0;1;0;0;0;0;1;0;0;0;0;0;0;1;1;0;0;0,477207652439;0,438134246547;0,746965377349;0,441596503005;0,555052797764;4,60965264628;0;0;0;0
0;0;0;0;0;0;0;1;1;1;1;0;0;0;0;0;0;1;1;1;0;1;1;0;0;1;0;0;0;0;1;0;1;1;1;1;1;0;0;0;0;0;1;0;0;0;0;0;0;0;0;0;0;1;1;1;0;0;1;1;1;1;0;0;0;0;1;1;0;0;0;1;1;1;0;1;0;0;1;0;0;0;0;0;0;1;0;0;0;0;0;0;0;0;1;0;1;1;0;1;0;0;1;0;1;0;0;0;0;0;1;0;1;0;0;0;1;0;1;0;0;0;1;1;1;1;1;0;0;1;0;0;0;0;1;0;0;0;0;1;0;0;0;0;0;0;1;1;0;0;0,485035051142;0,448493041913;0,769268622032;0,451892098371;0,569337689975;4,7289104341;0;0;0;0
0;0;0;0;0;0;0;1;1;1;1;0;0;0;0;0;0;1;1;1;0;1;1;0;0;1;0;0;0;0;1;0;1;1;1;1;0;0;0;0;0;0;1;0;0;0;0;0;0;0;0;0;0;1;1;1;0;0;1;1;1;1;0;0;0;0;1;1;0;0;0;1;1;1;0;1;0;0;1;0;0;0;0;0;0;1;0;0;0;0;0;0;0;0;1;0;1;1;0;1;0;0;1;0;1;0;0;0;0;0;1;0;1;0;0;0;1;0;1;0;0;0;1;1;1;1;1;0;0;1;0;0;0;0;1;0;0;0;0;1;0;0;0;0;0;0;1;1;0;0;0,493227333457;0,460347621214;0,794649082689;0,463674273193;0,585633786637;4,86084540592;0;0;0;0
0;0;0;0;0;0;0;1;1;1;1;0;0;0;0;0;0;1;1;1;0;1;1;0;0;1;0;0;0;0;1;0;1;1;1;1;0;0;0;0;0;0;1;0;0;0;0;0;0;0;0;0;0;1;1;1;0;0;1;1;1;1;0;0;0;0;1;1;0;0;0;1;1;1;0;1;0;0;1;0;0;0;0;0;0;1;0;0;0;0;0;0;0;0;1;0;1;1;0;1;0;0;1;0;1;0;0;0;0;0;1;0;1;0;0;0;1;0;1;0;0;0;1;1;1;1;1;0;0;1;0;0;0;0;1;0;0;0;0;1;0;0;0;0;0;0;1;1;0;0;0,493227333457;0,460347621214;0,794649082689;0,463674273193;0,585633786637;4,86084540592;0;0;0;0
0;0;0;0;0;0;0;1;1;1;1;0;0;0;0;0;0;1;1;1;0;1;1;0;0;1;0;0;0;0;1;0;1;1;1;1;0;0;0;0;0;0;1;0;0;0;0;0;0;0;0;0;0;1;1;1;0;0;1;1;1;1;0;0;0;0;1;1;0;0;0;1;1;1;0;1;0;0;1;0;0;0;0;0;0;1;0;0;0;0;0;0;0;0;1;0;1;1;0;1;0;0;1;0;1;0;0;0;0;0;1;0;1;0;0;0;1;0;1;0;0;0;1;1;1;1;1;0;0;1;0;0;0;0;1;0;0;0;0;1;0;0;0;0;0;0;1;1;0;0;0,493227333457;0,460347621214;0,794649082689;0,463674273193;0,585633786637;4,86084540592;0;0;0;0
0;0;0;0;0;0;0;1;1;1;1;0;0;0;0;0;0;1;1;1;0;1;1;0;0;1;0;0;0;0;1;0;1;0;1;1;0;0;0;0;0;0;1;0;0;0;0;0;0;0;0;0;0;1;1;1;0;0;1;1;1;1;0;0;0;0;1;1;0;0;0;1;1;1;0;1;0;0;1;0;0;0;0;0;0;1;0;0;0;0;0;0;0;0;1;0;1;1;0;1;0;0;1;0;1;0;0;0;0;0;1;0;1;0;0;0;1;0;1;0;0;0;1;1;1;1;1;0;0;1;0;0;0;0;1;0;0;0;0;1;0;0;0;0;0;0;1;1;0;0;0,501778550725;0,474225479646;0,824100121045;0,477467263519;0,604626136653;4,97267512109;0;0;0;0
0;0;0;0;0;0;0;1;1;1;1;0;0;0;0;0;0;1;1;1;0;1;1;0;0;1;0;0;0;0;1;0;1;0;1;1;0;0;0;0;0;0;1;0;0;0;0;0;0;0;0;0;0;1;1;1;0;0;1;1;1;1;0;0;0;0;1;1;0;0;0;1;1;1;0;1;0;0;1;0;0;0;0;0;0;1;0;0;0;0;0;0;0;0;1;0;1;1;0;1;0;0;1;0;1;0;0;0;0;0;1;0;1;0;0;0;1;0;1;0;0;0;1;1;1;1;1;0;0;1;0;0;0;0;1;0;0;0;0;1;0;0;0;0;0;0;1;1;0;0;0,501778550725;0,474225479646;0,824100121045;0,477467263519;0,604626136653;4,97267512109;0;0;0;0
0;0;0;0;0;0;0;1;1;1;1;0;0;0;0;0;0;1;1;1;0;1;1;0;0;1;0;0;0;0;1;0;1;0;1;1;0;0;0;0;0;0;1;0;0;0;0;0;0;0;0;0;0;1;1;1;0;0;1;1;1;1;0;0;0;0;1;1;0;0;0;1;1;1;0;1;0;0;1;0;0;0;0;0;0;1;0;0;0;0;0;0;0;0;1;0;1;1;0;1;0;0;1;0;1;0;0;0;0;0;1;0;0;0;0;0;1;0;1;0;0;0;1;1;1;1;0;0;0;1;0;0;0;0;1;0;0;0;0;1;0;0;0;0;0;0;1;1;0;0;0,519933072445;0,516663219761;0,91069690523;0,519644719873;0,661714418293;5,20072284383;0;0;0;0
0;0;0;0;0;0;0;1;1;1;1;0;0;0;0;0;0;1;1;1;0;1;1;0;0;1;0;0;0;0;1;0;1;0;1;1;0;0;0;0;0;0;1;0;0;0;0;0;0;0;0;0;0;1;1;1;0;0;1;1;1;1;0;0;0;0;1;1;0;0;0;1;1;1;0;1;0;0;1;0;0;0;0;0;0;1;0;0;0;0;0;0;0;0;1;0;1;1;0;1;0;0;1;0;1;0;0;0;0;0;1;0;0;0;0;0;1;0;1;0;0;0;1;1;1;1;0;0;0;1;0;0;0;0;1;0;0;0;0;1;0;0;0;0;0;0;1;1;0;0;0,519933072445;0,516663219761;0,91069690523;0,519644719873;0,661714418293;5,20072284383;0;0;0;0
0;0;0;0;0;0;0;1;1;1;1;0;0;0;0;0;0;1;1;1;0;1;1;0;0;1;0;0;0;0;1;0;1;0;1;1;0;0;0;0;0;0;1;0;0;0;0;0;0;0;0;0;0;1;1;1;0;0;1;1;1;1;0;0;0;0;1;1;0;0;0;1;1;1;0;1;0;0;1;0;0;0;0;0;0;1;0;0;0;0;0;0;0;0;1;0;1;1;0;1;0;0;1;0;1;0;0;0;0;0;1;0;0;0;0;0;1;0;1;0;0;0;1;1;1;1;0;0;0;1;0;0;0;0;1;0;0;0;0;1;0;0;0;0;0;0;1;1;0;0;0,519933072445;0,516663219761;0,91069690523;0,519644719873;0,661714418293;5,20072284383;0;0;0;0
0;0;0;0;0;0;0;1;1;1;1;0;0;0;0;0;0;1;1;1;0;1;1;0;0;1;0;0;0;0;1;0;1;0;1;1;0;0;0;0;0;0;1;0;0;0;0;0;0;0;0;0;0;1;1;1;0;0;1;1;1;1;0;0;0;0;1;1;0;0;0;1;1;1;0;1;0;0;1;0;0;0;0;0;0;1;0;0;0;0;0;0;0;0;1;0;1;1;0;1;0;0;1;0;1;0;0;0;0;0;1;0;0;0;0;0;1;0;1;0;0;0;1;1;1;1;0;0;0;1;0;0;0;0;1;0;0;0;0;1;0;0;0;0;0;0;1;1;0;0;0,519933072445;0,516663219761;0,91069690523;0,519644719873;0,661714418293;5,20072284383;0;0;0;0
0;0;0;0;0;0;0;1;1;1;1;0;0;0;0;0;0;1;1;1;0;1;1;0;0;1;0;0;0;0;1;0;1;0;1;1;0;0;0;0;0;0;1;0;0;0;0;0;0;0;0;0;0;1;1;1;0;0;1;1;1;1;0;0;0;0;1;1;0;0;0;1;1;1;0;1;0;0;1;0;0;0;0;0;0;1;0;0;0;0;0;0;0;0;1;0;1;1;0;1;0;0;1;0;1;0;0;0;0;0;1;0;0;0;0;0;1;0;1;0;0;0;1;1;1;1;0;0;0;1;0;0;0;0;1;0;0;0;0;1;0;0;0;0;0;0;1;1;0;0;0,519933072445;0,516663219761;0,91069690523;0,519644719873;0,661714418293;5,20072284383;0;0;0;0
0;0;0;0;0;0;0;1;1;1;1;0;0;0;0;0;0;1;1;1;0;1;1;0;0;1;0;0;0;0;1;0;1;0;1;1;0;0;0;0;0;0;1;0;0;0;0;0;0;0;0;0;0;1;1;1;0;0;1;1;1;1;0;0;0;0;1;1;0;0;0;1;1;1;0;1;0;0;1;0;0;0;0;0;0;1;0;0;0;0;0;0;0;0;1;0;1;1;0;1;0;0;1;0;1;0;0;0;0;0;1;0;0;0;0;0;1;0;1;0;0;0;1;1;1;1;0;0;0;1;0;0;0;0;1;0;0;0;0;1;0;0;0;0;0;0;1;1;0;0;0,519933072445;0,516663219761;0,91069690523;0,519644719873;0,661714418293;5,20072284383;0;0;0;0
0;0;0;0;0;0;0;1;1;1;1;0;0;0;0;0;0;1;1;1;0;1;1;0;0;1;0;0;0;0;1;0;1;0;1;1;0;0;0;0;0;0;1;0;0;0;0;0;0;0;0;0;0;1;1;1;0;0;1;1;1;1;0;0;0;0;1;1;0;0;0;1;1;1;0;1;0;0;1;0;0;0;0;0;0;1;0;0;0;0;0;0;0;0;1;0;1;1;0;1;0;0;1;0;1;0;0;0;0;0;1;0;0;0;0;0;1;0;1;0;0;0;1;1;1;1;0;0;0;1;0;0;0;0;1;0;0;0;0;1;0;0;0;0;0;0;1;1;0;0;0,519933072445;0,516663219761;0,91069690523;0,519644719873;0,661714418293;5,20072284383;0;0;0;0
0;0;0;0;0;0;0;1;1;1;1;0;0;0;0;0;0;1;1;1;0;1;1;0;0;1;0;0;0;0;1;0;1;0;1;1;0;0;0;0;0;0;1;0;0;0;0;0;0;0;0;0;0;1;1;1;0;0;1;1;1;1;0;0;0;0;1;1;0;0;0;1;1;1;0;1;0;0;1;0;0;0;0;0;0;1;0;0;0;0;0;0;0;0;1;0;1;1;0;1;0;0;1;0;1;0;0;0;0;0;1;0;0;0;0;0;1;0;1;0;0;0;1;1;1;1;0;0;0;1;0;0;0;0;1;0;0;0;0;1;0;0;0;0;0;0;1;1;0;0;0,519933072445;0,516663219761;0,91069690523;0,519644719873;0,661714418293;5,20072284383;0;0;0;0
0;0;0;0;0;0;0;1;1;1;1;0;0;0;0;0;0;1;1;1;0;1;1;0;0;1;0;0;0;0;1;0;1;0;1;1;0;0;0;0;0;0;1;0;0;0;0;0;0;0;0;0;0;1;1;1;0;0;1;1;1;1;0;0;0;0;1;1;0;0;0;1;1;1;0;1;0;0;1;0;0;0;0;0;0;1;0;0;0;0;0;0;0;0;1;0;1;1;0;1;0;0;1;0;1;0;0;0;0;0;1;0;0;0;0;0;1;0;1;0;0;0;1;1;1;1;0;0;0;1;0;0;0;0;1;0;0;0;0;1;0;0;0;0;0;0;1;1;0;0;0,519933072445;0,516663219761;0,91069690523;0,519644719873;0,661714418293;5,20072284383;0;0;0;0
0;0;0;0;0;0;0;1;1;1;1;0;0;0;0;0;0;1;1;1;0;1;1;0;0;1;0;0;0;0;1;0;1;0;1;1;0;0;0;0;0;0;1;0;0;0;0;0;0;0;0;0;0;1;1;1;0;0;1;1;1;1;0;0;0;0;1;1;0;0;0;1;1;1;0;1;0;0;1;0;0;0;0;0;0;1;0;0;0;0;0;0;0;0;1;0;1;1;0;1;0;0;1;0;1;0;0;0;0;0;1;0;0;0;0;0;1;0;1;0;0;0;1;1;1;1;0;0;0;1;0;0;0;0;1;0;0;0;0;1;0;0;0;0;0;0;1;1;0;0;0,519933072445;0,516663219761;0,91069690523;0,519644719873;0,661714418293;5,20072284383;0;0;0;0
0;0;0;0;0;0;0;1;1;1;1;0;0;0;0;0;0;1;1;1;0;1;1;0;0;1;0;0;0;0;1;0;1;0;1;1;0;0;0;0;0;0;1;0;0;0;0;0;0;0;0;0;0;1;1;1;0;0;1;1;1;1;0;0;0;0;1;1;0;0;0;1;1;1;0;1;0;0;1;0;0;0;0;0;0;1;0;0;0;0;0;0;0;0;1;0;1;1;0;1;0;0;1;0;1;0;0;0;0;0;1;0;0;0;0;0;1;0;1;0;0;0;1;1;1;1;0;0;0;1;0;0;0;0;1;0;0;0;0;1;0;0;0;0;0;0;1;1;0;0;0,519933072445;0,516663219761;0,91069690523;0,519644719873;0,661714418293;5,20072284383;0;0;0;0
0;0;0;0;0;0;0;1;1;1;1;0;0;0;0;0;0;1;1;1;0;1;1;0;0;1;0;0;0;0;1;0;1;0;1;1;0;0;0;0;0;0;1;0;0;0;0;0;0;0;0;0;0;1;1;1;0;0;1;1;1;1;0;0;0;0;1;1;0;0;0;1;1;1;0;1;0;0;1;0;0;0;0;0;0;1;0;0;0;0;0;0;0;0;1;0;1;1;0;1;0;0;1;0;1;0;0;0;0;0;1;0;0;0;0;0;1;0;1;0;0;0;1;1;1;1;0;0;0;1;0;0;0;0;1;0;0;0;0;1;0;0;0;0;0;0;1;1;0;0;0,519933072445;0,516663219761;0,91069690523;0,519644719873;0,661714418293;5,20072284383;0;0;0;0
0;0;0;0;0;0;0;1;1;1;1;0;0;0;0;0;0;1;1;1;0;1;1;0;0;1;0;0;0;0;1;0;1;0;1;1;0;0;0;0;0;0;1;0;0;0;0;0;0;0;0;0;0;1;1;1;0;0;1;1;1;1;0;0;0;0;1;1;0;0;0;1;1;1;0;1;0;0;1;0;0;0;0;0;0;1;0;0;0;0;0;0;0;0;1;0;1;1;0;1;0;0;1;0;1;0;0;0;0;0;1;0;0;0;0;0;1;0;1;0;0;0;1;1;1;1;0;0;0;1;0;0;0;0;1;0;0;0;0;1;0;0;0;0;0;0;1;1;0;0;0,519933072445;0,516663219761;0,91069690523;0,519644719873;0,661714418293;5,20072284383;0;0;0;0
0;0;0;0;0;0;0;1;1;1;1;0;0;0;0;0;0;1;1;1;0;1;1;0;0;1;0;0;0;0;1;0;1;0;1;1;0;0;0;0;0;0;1;0;0;0;0;0;0;0;0;0;0;1;1;1;0;0;1;1;1;1;0;0;0;0;1;1;0;0;0;1;1;1;0;1;0;0;1;0;0;0;0;0;0;1;0;0;0;0;0;0;0;0;1;0;1;1;0;1;0;0;1;0;1;0;0;0;0;0;1;0;0;0;0;0;1;0;1;0;0;0;1;1;1;1;0;0;0;1;0;0;0;0;1;0;0;0;0;1;0;0;0;0;0;0;1;1;0;0;0,519933072445;0,516663219761;0,91069690523;0,519644719873;0,661714418293;5,20072284383;0;0;0;0
