10;40;30;cs;Cosine;1;1
3;3;3;0;0;3;3;3;3;0;3;2;3;1;3;0;3;3;3;0;3;1;3;3;0;3;1;3;1;3;0;1;1;3;3;3;0;3;1;0;3;3;0;0;3;0;0;0;2;3;0;3;3;0;3;3;3;3;3;1;0;0;3;0;3;3;3;0;3;0;3;1;3;1;3;0;0;2;3;3;0;3;3;0;3;0;1;1;3;3;3;0;3;3;3;2;0;0;0;0;0;0;3;1;3;0;2;2;3;0;3;3;3;3;3;0;0;3;0;3;0;1;3;3;3;1;3;0;0;0;0;0;0;3;3;0;3;0;1;3;2;0;3;3;3;3;0;0;3;0;0,504009064996;0,546024202659;0,557750984033;0,554914094651;0,556328922826;1,89832422807;0;0;0;0
1;1;1;0;0;1;1;1;1;0;1;1;1;1;1;0;1;1;1;0;1;1;1;1;0;1;1;1;1;1;0;1;1;1;1;1;0;1;1;0;1;1;0;0;1;0;0;0;1;1;0;1;1;0;1;1;1;1;1;1;0;0;1;0;1;1;1;0;1;0;1;1;1;1;1;0;0;1;1;1;0;1;1;0;1;0;1;1;1;1;1;0;1;1;1;1;0;0;0;0;0;0;1;1;1;0;1;1;1;1;1;1;1;1;1;0;0;1;0;1;0;1;1;1;1;1;1;0;0;0;0;0;0;1;1;0;1;0;1;1;1;0;1;1;1;1;0;0;1;0;0,534256231884;0,516908856218;0,897316647282;0,519887466518;0,658343669592;3,59418639588;0;0;0;0
1;1;1;0;0;1;1;1;1;0;1;1;1;1;1;0;1;1;1;0;1;1;1;1;0;1;1;1;1;1;0;1;1;1;1;1;0;1;1;0;1;1;0;0;1;0;0;0;1;1;0;1;1;0;1;1;1;1;1;1;0;0;1;0;1;1;1;0;1;0;1;1;1;1;1;0;0;1;1;1;0;1;1;0;1;0;1;1;1;1;1;0;1;1;1;1;0;0;0;0;0;0;1;1;1;0;1;1;1;0;1;1;1;1;1;0;0;1;0;1;0;1;1;1;1;1;1;0;0;0;0;0;0;1;1;0;1;0;1;1;1;0;1;1;1;1;0;0;1;0;0,558371443754;0,550981342634;0,949020443401;0,553749288743;0,699401091591;3,76989486421;0;0;0;0
1;1;1;0;0;1;1;1;1;0;1;1;1;1;1;0;1;1;1;0;1;1;1;1;0;1;1;1;1;1;0;1;1;1;1;1;0;1;1;0;1;1;0;0;1;0;0;0;1;1;0;1;1;0;1;1;1;1;1;1;0;0;1;0;1;1;1;0;1;0;1;1;1;1;1;0;0;1;1;1;0;1;1;0;1;0;1;1;1;1;1;0;1;1;1;1;0;0;0;0;0;0;1;1;1;0;1;1;1;0;1;1;1;1;1;0;0;1;0;1;0;1;1;1;1;1;1;0;0;0;0;0;0;1;1;0;1;0;1;1;1;0;1;1;1;1;0;0;1;0;0,558371443754;0,550981342634;0,949020443401;0,553749288743;0,699401091591;3,76989486421;0;0;0;0
1;1;1;0;0;1;1;1;1;0;1;1;1;1;1;0;1;1;1;0;1;1;1;1;0;1;1;1;1;1;0;1;1;1;1;1;0;1;1;0;1;1;0;0;1;0;0;0;1;1;0;1;1;0;1;1;1;1;1;1;0;0;1;0;1;1;1;0;1;0;1;1;1;1;1;0;0;1;1;1;0;1;1;0;1;0;1;1;1;1;1;0;1;1;1;1;0;0;0;0;0;0;1;1;1;0;1;1;1;0;1;1;1;1;1;0;0;1;0;1;0;1;1;1;1;1;1;0;0;0;0;0;0;1;1;0;1;0;1;1;1;0;1;1;1;1;0;0;1;0;0,558371443754;0,550981342634;0,949020443401;0,553749288743;0,699401091591;3,76989486421;0;0;0;0
1;1;1;0;0;1;1;1;1;0;1;1;1;1;1;0;1;1;1;0;1;1;1;1;0;1;1;1;1;1;0;1;1;1;1;1;0;1;1;0;1;1;0;0;1;0;0;0;1;1;0;1;1;0;1;1;1;1;1;1;0;0;1;0;1;1;1;0;1;0;1;1;1;1;1;0;0;1;1;1;0;1;1;0;1;0;1;1;1;1;1;0;1;1;1;1;0;0;0;0;0;0;1;1;1;0;1;1;1;0;1;1;1;1;1;0;0;1;0;1;0;1;1;1;1;1;1;0;0;0;0;0;0;1;1;0;1;0;1;1;1;0;1;1;1;1;0;0;1;0;0,558371443754;0,550981342634;0,949020443401;0,553749288743;0,699401091591;3,76989486421;0;0;0;0
0;0;0;1;1;0;0;0;0;1;0;0;0;0;0;1;0;0;0;1;0;0;0;0;1;0;0;0;0;0;1;0;0;0;0;0;1;0;0;1;0;0;1;1;0;1;1;1;0;0;1;0;0;0;0;0;0;0;0;0;1;1;0;1;0;0;0;1;0;1;0;0;0;0;0;0;1;0;0;0;1;0;0;1;0;1;0;0;0;0;0;1;0;0;0;0;1;1;1;1;1;1;0;0;0;1;0;0;0;1;0;0;0;0;0;1;1;0;1;0;1;0;0;0;0;0;0;1;1;1;1;1;1;0;0;1;0;0;0;0;0;1;0;0;0;0;1;1;0;1;0,519933072445;0,516663219761;0,91069690523;0,519644719873;0,661714418293;3,76989486421;0;0;0;0
1;1;1;0;0;1;1;1;1;0;1;1;1;1;1;0;1;1;1;0;1;1;1;1;0;1;1;1;1;1;0;1;1;1;1;1;0;1;1;0;1;1;0;0;1;0;0;0;1;1;0;1;1;0;1;1;1;1;1;1;0;0;1;0;1;1;1;0;1;0;1;1;1;1;1;0;0;1;1;1;0;1;1;0;1;0;1;1;1;1;1;0;1;1;1;1;0;0;0;0;0;0;1;1;1;0;1;1;1;0;1;1;1;1;1;0;0;1;0;1;0;1;1;1;1;1;1;0;0;0;0;0;0;1;1;0;1;0;1;1;1;0;1;1;1;1;0;0;1;0;0,558371443754;0,550981342634;0,949020443401;0,553749288743;0,699401091591;3,76989486421;0;0;0;0
1;1;1;0;0;1;1;1;1;0;1;1;1;1;1;0;1;1;1;0;1;1;1;1;0;1;1;1;1;1;0;1;1;1;1;1;0;1;1;0;1;1;0;0;1;0;0;0;1;1;0;1;1;0;1;1;1;1;1;1;0;0;1;0;1;1;1;0;1;0;1;1;1;1;1;0;0;1;1;1;0;1;1;0;1;0;1;1;1;1;1;0;1;1;1;1;0;0;0;0;0;0;1;1;1;0;1;1;1;0;1;1;1;1;1;0;0;1;0;1;0;1;1;1;1;1;1;0;0;0;0;0;0;1;1;0;1;0;1;1;1;0;1;1;1;1;0;0;1;0;0,558371443754;0,550981342634;0,949020443401;0,553749288743;0,699401091591;3,76989486421;0;0;0;0
1;1;1;0;0;1;1;1;1;0;1;1;1;1;1;0;1;1;1;0;1;1;1;1;0;1;1;1;1;1;0;1;1;1;1;1;0;1;1;0;1;1;0;0;1;0;0;0;1;1;0;1;1;0;1;1;1;1;1;1;0;0;1;0;1;1;1;0;1;0;1;1;1;1;1;0;0;1;1;1;0;1;1;0;1;0;1;1;1;1;1;0;1;1;1;1;0;0;0;0;0;0;1;1;1;0;1;1;1;0;1;1;1;1;1;0;0;1;0;1;0;1;1;1;1;1;1;0;0;0;0;0;0;1;1;0;1;0;1;1;1;0;1;1;1;1;0;0;1;0;0,558371443754;0,550981342634;0,949020443401;0,553749288743;0,699401091591;3,76989486421;0;0;0;0
1;1;1;0;0;1;1;1;1;0;1;1;1;1;1;0;1;1;1;0;1;1;1;1;0;1;1;1;1;1;0;1;1;1;1;1;0;1;1;0;1;1;0;0;1;0;0;0;1;1;0;1;1;0;1;1;1;1;1;1;0;0;1;0;1;1;1;0;1;0;1;1;1;1;1;0;0;1;1;1;0;1;1;0;1;0;1;1;1;1;1;0;1;1;1;1;0;0;0;0;0;0;1;1;1;0;1;1;1;0;1;1;1;1;1;0;0;1;0;1;0;1;1;1;1;1;1;0;0;0;0;0;0;1;1;0;1;0;1;1;1;0;1;1;1;1;0;0;1;0;0,558371443754;0,550981342634;0,949020443401;0,553749288743;0,699401091591;3,76989486421;0;0;0;0
1;1;1;0;0;1;1;1;1;0;1;1;1;1;1;0;1;1;1;0;1;1;1;1;0;1;1;1;1;1;0;1;1;1;1;1;0;1;1;0;1;1;0;0;1;0;0;0;1;1;0;1;1;0;1;1;1;1;1;1;0;0;1;0;1;1;1;0;1;0;1;1;1;1;1;0;0;1;1;1;0;1;1;0;1;0;1;1;1;1;1;0;1;1;1;1;0;0;0;0;0;0;1;1;1;0;1;1;1;0;1;1;1;1;1;0;0;1;0;1;0;1;1;1;1;1;1;0;0;0;0;0;0;1;1;0;1;0;1;1;1;0;1;1;1;1;0;0;1;0;0,558371443754;0,550981342634;0,949020443401;0,553749288743;0,699401091591;3,76989486421;0;0;0;0
1;1;1;0;0;1;1;1;1;0;1;1;1;1;1;0;1;1;1;0;1;1;1;1;0;1;1;1;1;1;0;1;1;1;1;1;0;1;1;0;1;1;0;0;1;0;0;0;1;1;0;1;1;0;1;1;1;1;1;1;0;0;1;0;1;1;1;0;1;0;1;1;1;1;1;0;0;1;1;1;0;1;1;0;1;0;1;1;1;1;1;0;1;1;1;1;0;0;0;0;0;0;1;1;1;0;1;1;1;0;1;1;1;1;1;0;0;1;0;1;0;1;1;1;1;1;1;0;0;0;0;0;0;1;1;0;1;0;1;1;1;0;1;1;1;1;0;0;1;0;0,558371443754;0,550981342634;0,949020443401;0,553749288743;0,699401091591;3,76989486421;0;0;0;0
1;1;1;0;0;1;1;1;1;0;1;1;1;1;1;0;1;1;1;0;1;1;1;1;0;1;1;1;1;1;0;1;1;1;1;1;0;1;1;0;1;1;0;0;1;0;0;0;1;1;0;1;1;0;1;1;1;1;1;1;0;0;1;0;1;1;1;0;1;0;1;1;1;1;1;0;0;1;1;1;0;1;1;0;1;0;1;1;1;1;1;0;1;1;1;1;0;0;0;0;0;0;1;1;1;0;1;1;1;0;1;1;1;1;1;0;0;1;0;1;0;1;1;1;1;1;1;0;0;0;0;0;0;1;1;0;1;0;1;1;1;0;1;1;1;1;0;0;1;0;0,558371443754;0,550981342634;0,949020443401;0,553749288743;0,699401091591;3,76989486421;0;0;0;0
1;1;1;0;0;1;1;1;1;0;1;1;1;1;1;0;1;1;1;0;1;1;1;1;0;1;1;1;1;1;0;1;1;1;1;1;0;1;1;0;1;1;0;0;1;0;0;0;1;1;0;1;1;0;1;1;1;1;1;1;0;0;1;0;1;1;1;0;1;0;1;1;1;1;1;0;0;1;1;1;0;1;1;0;1;0;1;1;1;1;1;0;1;1;1;1;0;0;0;0;0;0;1;1;1;0;1;1;1;0;1;1;1;1;1;0;0;1;0;1;0;1;1;1;1;1;1;0;0;0;0;0;0;1;1;0;1;0;1;1;1;0;1;1;1;1;0;0;1;0;0,558371443754;0,550981342634;0,949020443401;0,553749288743;0,699401091591;3,76989486421;0;0;0;0
1;1;1;0;0;1;1;1;1;0;1;1;1;1;1;0;1;1;1;0;1;1;1;1;0;1;1;1;1;1;0;1;1;1;1;1;0;1;1;0;1;1;0;0;1;0;0;0;1;1;0;1;1;0;1;1;1;1;1;1;0;0;1;0;1;1;1;0;1;0;1;1;1;1;1;0;0;1;1;1;0;1;1;0;1;0;1;1;1;1;1;0;1;1;1;1;0;0;0;0;0;0;1;1;1;0;1;1;1;0;1;1;1;1;1;0;0;1;0;1;0;1;1;1;1;1;1;0;0;0;0;0;0;1;1;0;1;0;1;1;1;0;1;1;1;1;0;0;1;0;0,558371443754;0,550981342634;0,949020443401;0,553749288743;0,699401091591;3,76989486421;0;0;0;0
1;1;1;0;0;1;1;1;1;0;1;1;1;1;1;0;1;1;1;0;1;1;1;1;0;1;1;1;1;1;0;1;1;1;1;1;0;1;1;0;1;1;0;0;1;0;0;0;1;1;0;1;1;0;1;1;1;1;1;1;0;0;1;0;1;1;1;0;1;0;1;1;1;1;1;0;0;1;1;1;0;1;1;0;1;0;1;1;1;1;1;0;1;1;1;1;0;0;0;0;0;0;1;1;1;0;1;1;1;0;1;1;1;1;1;0;0;1;0;1;0;1;1;1;1;1;1;0;0;0;0;0;0;1;1;0;1;0;1;1;1;0;1;1;1;1;0;0;1;0;0,558371443754;0,550981342634;0,949020443401;0,553749288743;0,699401091591;3,76989486421;0;0;0;0
1;1;1;0;0;1;1;1;1;0;1;1;1;1;1;0;1;1;1;0;1;1;1;1;0;1;1;1;1;1;0;1;1;1;1;1;0;1;1;0;1;1;0;0;1;0;0;0;1;1;0;1;1;0;1;1;1;1;1;1;0;0;1;0;1;1;1;0;1;0;1;1;1;1;1;0;0;1;1;1;0;1;1;0;1;0;1;1;1;1;1;0;1;1;1;1;0;0;0;0;0;0;1;1;1;0;1;1;1;0;1;1;1;1;1;0;0;1;0;1;0;1;1;1;1;1;1;0;0;0;0;0;0;1;1;0;1;0;1;1;1;0;1;1;1;1;0;0;1;0;0,558371443754;0,550981342634;0,949020443401;0,553749288743;0,699401091591;3,76989486421;0;0;0;0
1;1;1;0;0;1;1;1;1;0;1;1;1;1;1;0;1;1;1;0;1;1;1;1;0;1;1;1;1;1;0;1;1;1;1;1;0;1;1;0;1;1;0;0;1;0;0;0;1;1;0;1;1;0;1;1;1;1;1;1;0;0;1;0;1;1;1;0;1;0;1;1;1;1;1;0;0;1;1;1;0;1;1;0;1;0;1;1;1;1;1;0;1;1;1;1;0;0;0;0;0;0;1;1;1;0;1;1;1;0;1;1;1;1;1;0;0;1;0;1;0;1;1;1;1;1;1;0;0;0;0;0;0;1;1;0;1;0;1;1;1;0;1;1;1;1;0;0;1;0;0,558371443754;0,550981342634;0,949020443401;0,553749288743;0,699401091591;3,76989486421;0;0;0;0
1;1;1;0;0;1;1;1;1;0;1;1;1;1;1;0;1;1;1;0;1;1;1;1;0;1;1;1;1;1;0;1;1;1;1;1;0;1;1;0;1;1;0;0;1;0;0;0;1;1;0;1;1;0;1;1;1;1;1;1;0;0;1;0;1;1;1;0;1;0;1;1;1;1;1;0;0;1;1;1;0;1;1;0;1;0;1;1;1;1;1;0;1;1;1;1;0;0;0;0;0;0;1;1;1;0;1;1;1;0;1;1;1;1;1;0;0;1;0;1;0;1;1;1;1;1;1;0;0;0;0;0;0;1;1;0;1;0;1;1;1;0;1;1;1;1;0;0;1;0;0,558371443754;0,550981342634;0,949020443401;0,553749288743;0,699401091591;3,76989486421;0;0;0;0
1;1;1;0;0;1;1;1;1;0;1;1;1;1;1;0;1;1;1;0;1;1;1;1;0;1;1;1;1;1;0;1;1;1;1;1;0;1;1;0;1;1;0;0;1;0;0;0;1;1;0;1;1;0;1;1;1;1;1;1;0;0;1;0;1;1;1;0;1;0;1;1;1;1;1;0;0;1;1;1;0;1;1;0;1;0;1;1;1;1;1;0;1;1;1;1;0;0;0;0;0;0;1;1;1;0;1;1;1;0;1;1;1;1;1;0;0;1;0;1;0;1;1;1;1;1;1;0;0;0;0;0;0;1;1;0;1;0;1;1;1;0;1;1;1;1;0;0;1;0;0,558371443754;0,550981342634;0,949020443401;0,553749288743;0,699401091591;3,76989486421;0;0;0;0
1;1;1;0;0;1;1;1;1;0;1;1;1;1;1;0;1;1;1;0;1;1;1;1;0;1;1;1;1;1;0;1;1;1;1;1;0;1;1;0;1;1;0;0;1;0;0;0;1;1;0;1;1;0;1;1;1;1;1;1;0;0;1;0;1;1;1;0;1;0;1;1;1;1;1;0;0;1;1;1;0;1;1;0;1;0;1;1;1;1;1;0;1;1;1;1;0;0;0;0;0;0;1;1;1;0;1;1;1;0;1;1;1;1;1;0;0;1;0;1;0;1;1;1;1;1;1;0;0;0;0;0;0;1;1;0;1;0;1;1;1;0;1;1;1;1;0;0;1;0;0,558371443754;0,550981342634;0,949020443401;0,553749288743;0,699401091591;3,76989486421;0;0;0;0
1;1;1;0;0;1;1;1;1;0;1;1;1;1;1;0;1;1;1;0;1;1;1;1;0;1;1;1;1;1;0;1;1;1;1;1;0;1;1;0;1;1;0;0;1;0;0;0;1;1;0;1;1;0;1;1;1;1;1;1;0;0;1;0;1;1;1;0;1;0;1;1;1;1;1;0;0;1;1;1;0;1;1;0;1;0;1;1;1;1;1;0;1;1;1;1;0;0;0;0;0;0;1;1;1;0;1;1;1;0;1;1;1;1;1;0;0;1;0;1;0;1;1;1;1;1;1;0;0;0;0;0;0;1;1;0;1;0;1;1;1;0;1;1;1;1;0;0;1;0;0,558371443754;0,550981342634;0,949020443401;0,553749288743;0,699401091591;3,76989486421;0;0;0;0
1;1;1;0;0;1;1;1;1;0;1;1;1;1;1;0;1;1;1;0;1;1;1;1;0;1;1;1;1;1;0;1;1;1;1;1;0;1;1;0;1;1;0;0;1;0;0;0;1;1;0;1;1;0;1;1;1;1;1;1;0;0;1;0;1;1;1;0;1;0;1;1;1;1;1;0;0;1;1;1;0;1;1;0;1;0;1;1;1;1;1;0;1;1;1;1;0;0;0;0;0;0;1;1;1;0;1;1;1;0;1;1;1;1;1;0;0;1;0;1;0;1;1;1;1;1;1;0;0;0;0;0;0;1;1;0;1;0;1;1;1;0;1;1;1;1;0;0;1;0;0,558371443754;0,550981342634;0,949020443401;0,553749288743;0,699401091591;3,76989486421;0;0;0;0
1;1;1;0;0;1;1;1;1;0;1;1;1;1;1;0;1;1;1;0;1;1;1;1;0;1;1;1;1;1;0;1;1;1;1;1;0;1;1;0;1;1;0;0;1;0;0;0;1;1;0;1;1;0;1;1;1;1;1;1;0;0;1;0;1;1;1;0;1;0;1;1;1;1;1;0;0;1;1;1;0;1;1;0;1;0;1;1;1;1;1;0;1;1;1;1;0;0;0;0;0;0;1;1;1;0;1;1;1;0;1;1;1;1;1;0;0;1;0;1;0;1;1;1;1;1;1;0;0;0;0;0;0;1;1;0;1;0;1;1;1;0;1;1;1;1;0;0;1;0;0,558371443754;0,550981342634;0,949020443401;0,553749288743;0,699401091591;3,76989486421;0;0;0;0
1;1;1;0;0;1;1;1;1;0;1;1;1;1;1;0;1;1;1;0;1;1;1;1;0;1;1;1;1;1;0;1;1;1;1;1;0;1;1;0;1;1;0;0;1;0;0;0;1;1;0;1;1;0;1;1;1;1;1;1;0;0;1;0;1;1;1;0;1;0;1;1;1;1;1;0;0;1;1;1;0;1;1;0;1;0;1;1;1;1;1;0;1;1;1;1;0;0;0;0;0;0;1;1;1;0;1;1;1;0;1;1;1;1;1;0;0;1;0;1;0;1;1;1;1;1;1;0;0;0;0;0;0;1;1;0;1;0;1;1;1;0;1;1;1;1;0;0;1;0;0,558371443754;0,550981342634;0,949020443401;0,553749288743;0,699401091591;3,76989486421;0;0;0;0
1;1;1;0;0;1;1;1;1;0;1;1;1;1;1;0;1;1;1;0;1;1;1;1;0;1;1;1;1;1;0;1;1;1;1;1;0;1;1;0;1;1;0;0;1;0;0;0;1;1;0;1;1;0;1;1;1;1;1;1;0;0;1;0;1;1;1;0;1;0;1;1;1;1;1;0;0;1;1;1;0;1;1;0;1;0;1;1;1;1;1;0;1;1;1;1;0;0;0;0;0;0;1;1;1;0;1;1;1;0;1;1;1;1;1;0;0;1;0;1;0;1;1;1;1;1;1;0;0;0;0;0;0;1;1;0;1;0;1;1;1;0;1;1;1;1;0;0;1;0;0,558371443754;0,550981342634;0,949020443401;0,553749288743;0,699401091591;3,76989486421;0;0;0;0
1;1;1;0;0;1;1;1;1;0;1;1;1;1;1;0;1;1;1;0;1;1;1;1;0;1;1;1;1;1;0;1;1;1;1;1;0;1;1;0;1;1;0;0;1;0;0;0;1;1;0;1;1;0;1;1;1;1;1;1;0;0;1;0;1;1;1;0;1;0;1;1;1;1;1;0;0;1;1;1;0;1;1;0;1;0;1;1;1;1;1;0;1;1;1;1;0;0;0;0;0;0;1;1;1;0;1;1;1;0;1;1;1;1;1;0;0;1;0;1;0;1;1;1;1;1;1;0;0;0;0;0;0;1;1;0;1;0;1;1;1;0;1;1;1;1;0;0;1;0;0,558371443754;0,550981342634;0,949020443401;0,553749288743;0,699401091591;3,76989486421;0;0;0;0
1;1;1;0;0;1;1;1;1;0;1;1;1;1;1;0;1;1;1;0;1;1;1;1;0;1;1;1;1;1;0;1;1;1;1;1;0;1;1;0;1;1;0;0;1;0;0;0;1;1;0;1;1;0;1;1;1;1;1;1;0;0;1;0;1;1;1;0;1;0;1;1;1;1;1;0;0;1;1;1;0;1;1;0;1;0;1;1;1;1;1;0;1;1;1;1;0;0;0;0;0;0;1;1;1;0;1;1;1;0;1;1;1;1;1;0;0;1;0;1;0;1;1;1;1;1;1;0;0;0;0;0;0;1;1;0;1;0;1;1;1;0;1;1;1;1;0;0;1;0;0,558371443754;0,550981342634;0,949020443401;0,553749288743;0,699401091591;3,76989486421;0;0;0;0
1;1;1;0;0;1;1;1;1;0;1;1;1;1;1;0;1;1;1;0;1;1;1;1;0;1;1;1;1;1;0;1;1;1;1;1;0;1;1;0;1;1;0;0;1;0;0;0;1;1;0;1;1;0;1;1;1;1;1;1;0;0;1;0;1;1;1;0;1;0;1;1;1;1;1;0;0;1;1;1;0;1;1;0;1;0;1;1;1;1;1;0;1;1;1;1;0;0;0;0;0;0;1;1;1;0;1;1;1;0;1;1;1;1;1;0;0;1;0;1;0;1;1;1;1;1;1;0;0;0;0;0;0;1;1;0;1;0;1;1;1;0;1;1;1;1;0;0;1;0;0,558371443754;0,550981342634;0,949020443401;0,553749288743;0,699401091591;3,76989486421;0;0;0;0
