10;40;30;db;Minkowski_2;2;2
1;0;0;0;1;1;0;0;1;1;1;0;1;0;1;0;2;0;0;0;0;0;0;1;1;0;0;0;0;1;0;0;0;0;0;0;0;1;0;1;1;0;0;0;0;0;1;1;1;2;1;0;0;0;1;2;1;0;1;1;0;0;0;0;0;0;0;0;0;0;0;0;0;0;1;1;0;0;1;0;0;0;1;0;0;1;1;0;1;1;0;0;0;0;0;0;0;1;0;1;0;1;0;0;0;1;1;0;1;0;0;0;0;0;1;0;1;0;1;0;0;0;0;0;0;0;1;1;1;0;0;0;0;0;0;0;0;0;1;1;1;0;1;1;1;1;1;0;0;0;0,494637584217;0,483115520243;0,741693949191;0,490367420774;0,590396806092;1,54776577233;0;0;0;0
1;0;0;0;1;1;0;0;1;1;1;0;1;0;1;0;2;0;0;0;0;0;0;1;1;0;0;0;0;1;0;0;0;0;0;0;0;1;0;1;1;0;0;0;0;0;1;1;1;2;1;0;0;0;1;2;1;0;1;1;0;0;0;0;0;0;0;0;0;0;0;0;0;0;1;1;0;0;1;0;0;0;1;0;0;1;1;0;1;1;0;0;0;0;0;0;0;1;0;1;0;1;0;0;0;1;1;0;1;0;0;0;0;0;1;0;1;0;1;0;0;0;0;0;0;0;1;1;1;0;0;0;0;0;0;0;0;0;1;1;1;0;1;1;1;1;1;0;0;0;0,494637584217;0,483115520243;0,741693949191;0,490367420774;0,590396806092;1,54776577233;0;0;0;0
1;0;0;0;1;1;0;0;1;1;1;0;1;0;1;0;2;0;0;0;0;0;0;1;1;0;0;0;0;1;0;0;0;0;0;0;0;1;0;1;1;0;0;0;0;0;1;1;1;2;1;0;0;0;1;2;1;0;1;1;0;0;0;0;0;0;0;0;0;0;0;0;0;0;1;1;0;0;1;0;0;0;1;0;0;1;1;0;1;1;0;0;0;0;0;0;0;1;0;1;0;1;0;0;0;1;1;0;1;0;0;0;0;0;1;0;1;0;1;0;0;0;0;0;0;0;1;1;1;0;0;0;0;0;0;0;0;0;1;1;1;0;1;1;1;1;1;0;0;0;0,494637584217;0,483115520243;0,741693949191;0,490367420774;0,590396806092;1,54776577233;0;0;0;0
1;0;0;0;1;1;0;0;1;1;1;0;1;0;1;0;2;0;0;0;0;0;0;1;1;0;0;0;0;1;0;0;0;0;0;0;0;1;0;1;1;0;0;0;0;0;1;1;1;2;1;0;0;0;1;2;1;0;1;1;0;0;0;0;0;0;0;0;0;0;0;0;0;0;1;1;0;0;1;0;0;0;1;0;0;1;1;0;1;1;0;0;0;0;0;0;0;1;0;1;0;1;0;0;0;1;1;0;1;0;0;0;0;0;1;0;1;0;1;0;0;0;0;0;0;0;1;1;1;0;0;0;0;0;0;0;0;0;1;1;1;0;1;1;1;1;1;0;0;0;0,494637584217;0,483115520243;0,741693949191;0,490367420774;0,590396806092;1,54776577233;0;0;0;0
1;0;0;0;1;1;0;0;1;1;1;0;1;0;1;0;2;0;0;0;0;0;0;1;1;0;0;0;0;1;0;0;0;0;0;0;0;1;0;1;1;0;0;0;0;0;1;1;1;2;1;0;0;0;1;2;1;0;1;1;0;0;0;0;0;0;0;0;0;0;0;0;0;0;1;1;0;0;1;0;0;0;1;0;0;1;1;0;1;1;0;0;0;0;0;0;0;1;0;1;0;1;0;0;0;1;1;0;1;0;0;0;0;0;1;0;1;0;1;0;0;0;0;0;0;0;1;1;1;0;0;0;0;0;0;0;0;0;1;1;1;0;1;1;1;1;1;0;0;0;0,494637584217;0,483115520243;0,741693949191;0,490367420774;0,590396806092;1,54776577233;0;0;0;0
1;0;0;0;1;1;0;0;1;1;1;0;1;0;1;0;2;0;0;0;0;0;0;1;1;0;0;0;0;1;0;0;0;0;0;0;0;1;0;1;1;0;0;0;0;0;1;1;1;0;1;0;0;0;1;2;1;0;1;0;0;0;0;0;0;0;0;0;0;0;0;0;0;0;1;1;0;0;1;0;0;0;1;0;0;1;1;0;1;1;0;0;0;0;0;0;0;1;0;1;0;1;0;0;0;1;1;0;1;0;0;0;0;0;1;0;1;0;1;0;0;0;0;0;0;0;1;1;1;0;0;0;0;0;0;0;0;0;1;1;1;0;1;1;1;1;1;0;0;0;0,505949101933;0,496014091512;0,792563719492;0,503038062352;0,615451017945;1,81182303266;0;0;0;0
1;0;0;0;1;1;0;0;1;1;1;0;1;0;1;0;2;0;0;0;0;0;0;1;1;0;0;0;0;1;0;0;0;0;0;0;0;1;0;1;1;0;0;0;0;0;1;1;1;0;1;0;0;0;1;2;1;0;1;0;0;0;0;0;0;0;0;0;0;0;0;0;0;0;1;1;0;0;1;0;0;0;1;0;0;1;1;0;1;1;0;0;0;0;0;0;0;1;0;1;0;1;0;0;0;1;1;0;1;0;0;0;0;0;1;0;1;0;1;0;0;0;0;0;0;0;1;1;1;0;0;0;0;0;0;0;0;0;1;1;1;0;1;1;1;1;1;0;0;0;0,505949101933;0,496014091512;0,792563719492;0,503038062352;0,615451017945;1,81182303266;0;0;0;0
1;0;0;0;1;1;0;0;1;1;1;0;1;0;1;0;2;0;0;0;0;0;0;1;1;0;0;0;0;1;0;0;0;0;0;0;0;1;0;1;1;0;0;0;0;0;1;1;0;0;1;0;0;0;1;2;1;0;1;0;0;0;0;0;0;0;0;0;0;0;0;0;0;0;1;1;0;0;1;0;0;0;1;0;0;1;1;0;1;1;0;0;0;0;0;0;0;1;0;1;0;1;0;0;0;1;1;0;1;0;0;0;0;0;1;0;1;0;1;0;0;0;0;0;0;0;1;1;1;0;0;0;0;0;0;0;0;0;1;1;1;0;1;1;1;1;1;0;0;0;0,515613266729;0,521757837475;0,838319877991;0,528423713902;0,648238785963;1,8473851356;0;0;0;0
1;0;0;0;1;1;0;0;1;1;1;0;1;0;1;0;2;0;0;0;0;0;0;1;1;0;0;0;0;1;0;0;0;0;0;0;0;1;0;1;1;0;0;0;0;0;1;1;0;0;1;0;0;0;1;2;1;0;1;0;0;0;0;0;0;0;0;0;0;0;0;0;0;0;1;1;0;0;1;0;0;0;1;0;0;1;1;0;1;1;0;0;0;0;0;0;0;1;0;1;0;1;0;0;0;1;1;0;1;0;0;0;0;0;1;0;1;0;1;0;0;0;0;0;0;0;1;1;1;0;0;0;0;0;0;0;0;0;1;1;1;0;1;1;1;1;1;0;0;0;0,515613266729;0,521757837475;0,838319877991;0,528423713902;0,648238785963;1,8473851356;0;0;0;0
1;0;0;0;1;1;0;0;1;1;1;0;1;0;1;0;2;0;0;0;0;0;0;1;1;0;0;0;0;1;0;0;0;0;0;0;0;1;0;1;1;0;0;0;0;0;1;1;0;0;1;0;0;0;1;2;1;0;1;0;0;0;0;0;0;0;0;0;0;0;0;0;0;0;1;1;0;0;1;0;0;0;1;0;0;1;1;0;1;1;0;0;0;0;0;0;0;1;0;1;0;1;0;0;0;1;1;0;1;0;0;0;0;0;1;0;1;0;1;0;0;0;0;0;0;0;1;1;1;0;0;0;0;0;0;0;0;0;1;1;1;0;1;1;1;1;1;0;0;0;0,515613266729;0,521757837475;0,838319877991;0,528423713902;0,648238785963;1,8473851356;0;0;0;0
1;0;0;0;1;1;0;0;1;1;1;0;1;0;1;0;2;0;0;0;0;0;0;1;1;0;0;0;0;1;0;0;0;0;0;0;0;1;0;1;1;0;0;0;0;0;1;1;0;0;1;0;0;0;1;2;1;0;1;0;0;0;0;0;0;0;0;0;0;0;0;0;0;0;1;1;0;0;1;0;0;0;1;0;0;1;1;0;1;1;0;0;0;0;0;0;0;1;0;1;0;1;0;0;0;1;1;0;1;0;0;0;0;0;1;0;1;0;1;0;0;0;0;0;0;0;1;1;1;0;0;0;0;0;0;0;0;0;1;1;1;0;1;1;1;1;1;0;0;0;0,515613266729;0,521757837475;0,838319877991;0,528423713902;0,648238785963;1,8473851356;0;0;0;0
1;0;0;0;1;1;0;0;1;1;1;0;1;0;1;0;2;0;0;0;0;0;0;1;1;0;0;0;0;1;0;0;0;0;0;0;0;1;0;1;1;0;0;0;0;0;1;1;0;0;1;0;0;0;1;2;1;0;1;0;0;0;0;0;0;0;0;0;0;0;0;0;0;0;1;1;0;0;1;0;0;0;1;0;0;1;1;0;1;1;0;0;0;0;0;0;0;1;0;1;0;1;0;0;0;1;1;0;1;0;0;0;0;0;1;0;1;0;1;0;0;0;0;0;0;0;1;1;1;0;0;0;0;0;0;0;0;0;1;1;1;0;1;1;1;1;1;0;0;0;0,515613266729;0,521757837475;0,838319877991;0,528423713902;0,648238785963;1,8473851356;0;0;0;0
1;0;0;0;1;1;0;0;1;1;1;0;1;0;1;0;2;0;0;0;0;0;0;1;1;0;0;0;0;1;0;0;0;0;0;0;0;1;0;1;1;0;0;0;0;0;1;1;0;0;1;0;0;0;1;2;1;0;1;0;0;0;0;0;0;0;0;0;0;0;0;0;0;0;1;1;0;0;1;0;0;0;1;0;0;1;1;0;1;1;0;0;0;0;0;0;0;1;0;1;0;1;0;0;0;1;1;0;1;0;0;0;0;0;1;0;1;0;1;0;0;0;0;0;0;0;1;1;1;0;0;0;0;0;0;0;0;0;1;1;1;0;1;1;1;1;1;0;0;0;0,515613266729;0,521757837475;0,838319877991;0,528423713902;0,648238785963;1,8473851356;0;0;0;0
1;0;0;0;1;1;0;0;1;1;1;0;1;0;1;0;2;0;0;0;0;0;0;1;1;0;0;0;0;1;0;0;0;0;0;0;0;1;0;1;1;0;0;0;0;0;1;1;0;0;1;0;0;0;1;2;1;0;1;0;0;0;0;0;0;0;0;0;0;0;0;0;0;0;1;1;0;0;1;0;0;0;1;0;0;1;1;0;1;1;0;0;0;0;0;0;0;1;0;1;0;1;0;0;0;1;1;0;1;0;0;0;0;0;1;0;1;0;1;0;0;0;0;0;0;0;1;1;1;0;0;0;0;0;0;0;0;0;1;1;1;0;1;1;1;1;1;0;0;0;0,515613266729;0,521757837475;0,838319877991;0,528423713902;0,648238785963;1,8473851356;0;0;0;0
1;0;0;0;1;1;0;0;1;1;1;0;1;0;1;0;2;0;0;0;0;0;0;1;1;0;0;0;0;1;0;0;0;0;0;0;0;1;0;1;1;0;0;0;0;0;1;1;0;0;1;0;0;0;1;2;1;0;1;0;0;0;0;0;0;0;0;0;0;0;0;0;0;0;1;1;0;0;1;0;0;0;1;0;0;1;1;0;1;1;0;0;0;0;0;0;0;1;0;1;0;1;0;0;0;1;1;0;1;0;0;0;0;0;1;0;1;0;1;0;0;0;0;0;0;0;1;1;1;0;0;0;0;0;0;0;0;0;1;1;1;0;1;1;1;1;1;0;0;0;0,515613266729;0,521757837475;0,838319877991;0,528423713902;0,648238785963;1,8473851356;0;0;0;0
1;0;0;0;1;1;0;0;1;1;1;0;1;0;1;0;2;0;0;0;0;0;0;1;1;0;0;0;0;1;0;0;0;0;0;0;0;1;0;1;1;0;0;0;0;0;1;1;0;0;1;0;0;0;1;2;1;0;1;0;0;0;0;0;0;0;0;0;0;0;0;0;0;0;1;1;0;0;1;0;0;0;1;0;0;1;1;0;1;1;0;0;0;0;0;0;0;1;0;1;0;1;0;0;0;1;1;0;1;0;0;0;0;0;1;0;1;0;1;0;0;0;0;0;0;0;1;1;1;0;0;0;0;0;0;0;0;0;1;1;1;0;1;1;1;1;1;0;0;0;0,515613266729;0,521757837475;0,838319877991;0,528423713902;0,648238785963;1,8473851356;0;0;0;0
1;0;0;0;1;1;0;0;1;1;1;0;1;0;1;0;2;0;0;0;0;0;0;1;1;0;0;0;0;1;0;0;0;0;0;0;0;1;0;1;1;0;0;0;0;0;1;1;0;0;1;0;0;0;1;2;1;0;1;0;0;0;0;0;0;0;0;0;0;0;0;0;0;0;1;1;0;0;1;0;0;0;1;0;0;1;1;0;1;1;0;0;0;0;0;0;0;1;0;1;0;1;0;0;0;1;1;0;1;0;0;0;0;0;1;0;1;0;1;0;0;0;0;0;0;0;1;1;1;0;0;0;0;0;0;0;0;0;1;1;1;0;1;1;1;1;1;0;0;0;0,515613266729;0,521757837475;0,838319877991;0,528423713902;0,648238785963;1,8473851356;0;0;0;0
1;0;0;0;1;1;0;0;1;1;1;0;1;0;1;0;2;0;0;0;0;0;0;1;1;0;0;0;0;1;0;0;0;0;0;0;0;1;0;1;1;0;0;0;0;0;1;1;0;0;1;0;0;0;1;2;1;0;1;0;0;0;0;0;0;0;0;0;0;0;0;0;0;0;1;1;0;0;1;0;0;0;1;0;0;1;1;0;1;1;0;0;0;0;0;0;0;1;0;1;0;1;0;0;0;1;1;0;1;0;0;0;0;0;1;0;1;0;1;0;0;0;0;0;0;0;1;1;1;0;0;0;0;0;0;0;0;0;1;1;1;0;1;1;1;1;1;0;0;0;0,515613266729;0,521757837475;0,838319877991;0,528423713902;0,648238785963;1,8473851356;0;0;0;0
1;0;0;0;1;1;0;0;1;1;1;0;1;0;1;0;2;0;0;0;0;0;0;1;1;0;0;0;0;1;0;0;0;0;0;0;0;1;0;1;1;0;0;0;0;0;1;1;0;0;1;0;0;0;1;2;1;0;1;0;0;0;0;0;0;0;0;0;0;0;0;0;0;0;1;1;0;0;1;0;0;0;1;0;0;1;1;0;1;1;0;0;0;0;0;0;0;1;0;1;0;1;0;0;0;1;1;0;1;0;0;0;0;0;1;0;1;0;1;0;0;0;0;0;0;0;1;1;1;0;0;0;0;0;0;0;0;0;1;1;1;0;1;1;1;1;1;0;0;0;0,515613266729;0,521757837475;0,838319877991;0,528423713902;0,648238785963;1,8473851356;0;0;0;0
1;0;0;0;1;1;0;0;1;1;1;0;1;0;1;0;2;0;0;0;0;0;0;1;1;0;0;0;0;1;0;0;0;0;0;0;0;1;0;1;1;0;0;0;0;0;1;1;0;0;1;0;0;0;1;2;1;0;1;0;0;0;0;0;0;0;0;0;0;0;0;0;0;0;1;1;0;0;1;0;0;0;1;0;0;1;1;0;1;1;0;0;0;0;0;0;0;1;0;1;0;1;0;0;0;1;1;0;1;0;0;0;0;0;1;0;1;0;1;0;0;0;0;0;0;0;1;1;1;0;0;0;0;0;0;0;0;0;1;1;1;0;1;1;1;1;1;0;0;0;0,515613266729;0,521757837475;0,838319877991;0,528423713902;0,648238785963;1,8473851356;0;0;0;0
1;0;0;0;1;1;0;0;1;1;1;0;1;0;1;0;2;0;0;0;0;0;0;1;1;0;0;0;0;1;0;0;0;0;0;0;0;1;0;1;1;0;0;0;0;0;1;1;0;0;1;0;0;0;1;2;1;0;1;0;0;0;0;0;0;0;0;0;0;0;0;0;0;0;1;1;0;0;1;0;0;0;1;0;0;1;1;0;1;1;0;0;0;0;0;0;0;1;0;1;0;1;0;0;0;1;1;0;1;0;0;0;0;0;1;0;1;0;1;0;0;0;0;0;0;0;1;1;1;0;0;0;0;0;0;0;0;0;1;1;1;0;1;1;1;1;1;0;0;0;0,515613266729;0,521757837475;0,838319877991;0,528423713902;0,648238785963;1,8473851356;0;0;0;0
1;0;0;0;1;1;0;0;1;1;1;0;1;0;1;0;2;0;0;0;0;0;0;1;1;0;0;0;0;1;0;0;0;0;0;0;0;1;0;1;1;0;0;0;0;0;1;1;0;0;1;0;0;0;1;2;1;0;1;0;0;0;0;0;0;0;0;0;0;0;0;0;0;0;1;1;0;0;1;0;0;0;1;0;0;1;1;0;1;1;0;0;0;0;0;0;0;1;0;1;0;1;0;0;0;1;1;0;1;0;0;0;0;0;1;0;1;0;1;0;0;0;0;0;0;0;1;1;1;0;0;0;0;0;0;0;0;0;1;1;1;0;1;1;1;1;1;0;0;0;0,515613266729;0,521757837475;0,838319877991;0,528423713902;0,648238785963;1,8473851356;0;0;0;0
1;0;0;0;1;1;0;0;1;1;1;0;1;0;1;0;2;0;0;0;0;0;0;1;1;0;0;0;0;1;0;0;0;0;0;0;0;1;0;1;1;0;0;0;0;0;1;1;0;0;1;0;0;0;1;2;1;0;1;0;0;0;0;0;0;0;0;0;0;0;0;0;0;0;1;1;0;0;1;0;0;0;1;0;0;1;1;0;1;1;0;0;0;0;0;0;0;1;0;1;0;1;0;0;0;1;1;0;1;0;0;0;0;0;1;0;1;0;1;0;0;0;0;0;0;0;1;1;1;0;0;0;0;0;0;0;0;0;1;1;1;0;1;1;1;1;1;0;0;0;0,515613266729;0,521757837475;0,838319877991;0,528423713902;0,648238785963;1,8473851356;0;0;0;0
1;0;0;0;1;1;0;0;1;1;1;0;1;0;1;0;2;0;0;0;0;0;0;1;1;0;0;0;0;1;0;0;0;0;0;0;0;1;0;1;1;0;0;0;0;0;1;1;0;0;1;0;0;0;1;2;1;0;1;0;0;0;0;0;0;0;0;0;0;0;0;0;0;0;1;1;0;0;1;0;0;0;1;0;0;1;1;0;1;1;0;0;0;0;0;0;0;1;0;1;0;1;0;0;0;1;1;0;1;0;0;0;0;0;1;0;1;0;1;0;0;0;0;0;0;0;1;1;1;0;0;0;0;0;0;0;0;0;1;1;1;0;1;1;1;1;1;0;0;0;0,515613266729;0,521757837475;0,838319877991;0,528423713902;0,648238785963;1,8473851356;0;0;0;0
1;0;0;0;1;1;0;0;1;1;1;0;1;0;1;0;2;0;0;0;0;0;0;1;1;0;0;0;0;1;0;0;0;0;0;0;0;1;0;1;1;0;0;0;0;0;1;1;0;0;1;0;0;0;1;2;1;0;1;0;0;0;0;0;0;0;0;0;0;0;0;0;0;0;1;1;0;0;1;0;0;0;1;0;0;1;1;0;1;1;0;0;0;0;0;0;0;1;0;1;0;1;0;0;0;1;1;0;1;0;0;0;0;0;1;0;1;0;1;0;0;0;0;0;0;0;1;1;1;0;0;0;0;0;0;0;0;0;1;1;1;0;1;1;1;1;1;0;0;0;0,515613266729;0,521757837475;0,838319877991;0,528423713902;0,648238785963;1,8473851356;0;0;0;0
1;0;0;0;1;1;0;0;1;1;1;0;1;0;1;0;2;0;0;0;0;0;0;1;1;0;0;0;0;1;0;0;0;0;0;0;0;1;0;1;1;0;0;0;0;0;1;1;0;0;1;0;0;0;1;2;1;0;1;0;0;0;0;0;0;0;0;0;0;0;0;0;0;0;1;1;0;0;1;0;0;0;1;0;0;1;1;0;1;1;0;0;0;0;0;0;0;1;0;1;0;1;0;0;0;1;1;0;1;0;0;0;0;0;1;0;1;0;1;0;0;0;0;0;0;0;1;1;1;0;0;0;0;0;0;0;0;0;1;1;1;0;1;1;1;1;1;0;0;0;0,515613266729;0,521757837475;0,838319877991;0,528423713902;0,648238785963;1,8473851356;0;0;0;0
1;0;0;0;1;1;0;0;1;1;1;0;1;0;1;0;2;0;0;0;0;0;0;1;1;0;0;0;0;1;0;0;0;0;0;0;0;1;0;1;1;0;0;0;0;0;1;1;0;0;1;0;0;0;1;2;1;0;1;0;0;0;0;0;0;0;0;0;0;0;0;0;0;0;1;1;0;0;1;0;0;0;1;0;0;1;1;0;1;1;0;0;0;0;0;0;0;1;0;1;0;1;0;0;0;1;1;0;1;0;0;0;0;0;1;0;1;0;1;0;0;0;0;0;0;0;1;1;1;0;0;0;0;0;0;0;0;0;1;1;1;0;1;1;1;1;1;0;0;0;0,515613266729;0,521757837475;0,838319877991;0,528423713902;0,648238785963;1,8473851356;0;0;0;0
1;0;0;0;1;1;0;0;1;1;1;0;1;0;1;0;2;0;0;0;0;0;0;1;1;0;0;0;0;1;0;0;0;0;0;0;0;1;0;1;1;0;0;0;0;0;1;1;0;0;1;0;0;0;1;2;1;0;1;0;0;0;0;0;0;0;0;0;0;0;0;0;0;0;1;1;0;0;1;0;0;0;1;0;0;1;1;0;1;1;0;0;0;0;0;0;0;1;0;1;0;1;0;0;0;1;1;0;1;0;0;0;0;0;1;0;1;0;1;0;0;0;0;0;0;0;1;1;1;0;0;0;0;0;0;0;0;0;1;1;1;0;1;1;1;1;1;0;0;0;0,515613266729;0,521757837475;0,838319877991;0,528423713902;0,648238785963;1,8473851356;0;0;0;0
1;0;0;0;1;1;0;0;1;1;1;0;1;0;1;0;2;0;0;0;0;0;0;1;1;0;0;0;0;1;0;0;0;0;0;0;0;1;0;1;1;0;0;0;0;0;1;1;0;0;1;0;0;0;1;2;1;0;1;0;0;0;0;0;0;0;0;0;0;0;0;0;0;0;1;1;0;0;1;0;0;0;1;0;0;1;1;0;1;1;0;0;0;0;0;0;0;1;0;1;0;1;0;0;0;1;1;0;1;0;0;0;0;0;1;0;1;0;1;0;0;0;0;0;0;0;1;1;1;0;0;0;0;0;0;0;0;0;1;1;1;0;1;1;1;1;1;0;0;0;0,515613266729;0,521757837475;0,838319877991;0,528423713902;0,648238785963;1,8473851356;0;0;0;0
1;0;0;0;1;1;0;0;1;1;1;0;1;0;1;0;2;0;0;0;0;0;0;1;1;0;0;0;0;1;0;0;0;0;0;0;0;1;0;1;1;0;0;0;0;0;1;1;0;0;1;0;0;0;1;2;1;0;1;0;0;0;0;0;0;0;0;0;0;0;0;0;0;0;1;1;0;0;1;0;0;0;1;0;0;1;1;0;1;1;0;0;0;0;0;0;0;1;0;1;0;1;0;0;0;1;1;0;1;0;0;0;0;0;1;0;1;0;1;0;0;0;0;0;0;0;1;1;1;0;0;0;0;0;0;0;0;0;1;1;1;0;1;1;1;1;1;0;0;0;0,515613266729;0,521757837475;0,838319877991;0,528423713902;0,648238785963;1,8473851356;0;0;0;0
