10;40;30;db;Minkowski_2;4;2
1;1;1;0;1;1;0;1;0;1;1;1;0;2;1;1;2;1;0;1;1;3;0;1;1;1;1;1;1;0;0;1;1;0;1;0;1;0;0;1;1;1;0;2;1;3;1;1;1;0;1;1;1;1;1;0;1;1;3;1;1;1;1;1;1;0;0;1;1;0;1;1;1;0;0;1;0;1;0;1;1;1;1;1;0;1;1;0;1;1;0;1;1;1;1;1;0;1;1;3;1;2;1;0;0;0;1;1;0;1;1;1;1;1;3;0;0;0;1;1;0;0;0;1;0;1;1;1;1;1;1;1;3;0;1;0;0;1;1;1;0;0;1;0;0;0;1;0;2;1;0,502190133604;0,571469942949;0,707711035696;0,580404556576;0,637766846891;1,22200822458;0;0;0;0
0;0;0;1;0;0;1;0;0;0;0;0;1;1;0;0;1;0;1;0;0;0;1;0;0;0;0;0;0;1;1;0;0;1;0;1;0;1;1;0;0;0;1;1;0;0;0;0;0;1;0;0;0;0;0;1;0;0;0;0;0;0;0;0;0;1;1;0;0;1;0;0;0;1;1;0;1;0;1;0;0;0;0;0;1;0;0;1;0;0;1;0;0;0;0;0;1;0;0;0;0;1;0;1;1;1;0;0;1;0;0;0;0;0;0;1;1;1;0;0;1;1;0;0;1;0;0;0;0;0;0;0;0;1;0;1;1;0;0;0;0;0;0;1;1;1;0;1;1;0;0,496663829572;0,493946446581;0,878316304317;0,497068867493;0,634852984656;1,93724172704;0;0;0;0
0;0;0;1;0;0;1;0;0;0;0;0;1;1;0;0;1;0;1;0;0;0;1;0;0;0;0;0;0;1;1;0;0;1;0;1;0;1;1;0;0;0;1;1;0;0;0;0;0;1;0;0;0;0;0;1;0;0;0;0;0;0;0;0;0;1;1;0;0;1;0;0;0;1;1;0;1;0;1;0;0;0;0;0;1;0;0;1;0;0;1;0;0;0;0;0;1;0;0;0;0;1;0;1;1;1;0;0;1;0;0;0;0;0;0;1;1;1;0;0;1;1;0;0;1;0;0;0;0;0;0;0;0;1;0;1;1;0;0;0;0;0;0;1;1;1;0;1;1;0;0,496663829572;0,493946446581;0,878316304317;0,497068867493;0,634852984656;1,93724172704;0;0;0;0
0;0;0;1;0;0;1;0;0;0;0;0;1;1;0;0;1;0;1;0;0;0;1;0;0;0;0;0;0;1;1;0;0;1;0;1;0;1;1;0;0;0;1;1;0;0;0;0;0;1;0;0;0;0;0;1;0;0;0;0;0;0;0;0;0;1;1;0;0;1;0;0;0;1;1;0;1;0;1;0;0;0;0;0;1;0;0;1;0;0;1;0;0;0;0;0;1;0;0;0;0;1;0;1;1;1;0;0;1;0;0;0;0;0;0;1;1;1;0;0;1;1;0;0;1;0;0;0;0;0;0;0;0;1;0;1;1;0;0;0;0;1;0;1;1;1;0;1;1;0;0,519933072445;0,516663219761;0,91069690523;0,519644719873;0,661714418293;2,11173105129;0;0;0;0
0;0;0;1;0;0;1;0;0;0;0;0;1;1;0;0;1;0;1;0;0;0;1;0;0;0;0;0;0;1;1;0;0;1;0;1;0;1;1;0;0;0;1;1;0;0;0;0;0;1;0;0;0;0;0;1;0;0;0;0;0;0;0;0;0;1;1;0;0;1;0;0;0;1;1;0;1;0;1;0;0;0;0;0;1;0;0;1;0;0;1;0;0;0;0;0;1;0;0;0;0;1;0;1;1;1;0;0;1;0;0;0;0;0;0;1;1;1;0;0;1;1;0;0;1;0;0;0;0;0;0;0;0;1;0;1;1;0;0;0;0;1;0;1;1;1;0;1;1;0;0,519933072445;0,516663219761;0,91069690523;0,519644719873;0,661714418293;2,11173105129;0;0;0;0
0;0;0;1;0;0;1;0;0;0;0;0;1;1;0;0;1;0;1;0;0;0;1;0;0;0;0;0;0;1;1;0;0;1;0;1;0;1;1;0;0;0;1;1;0;0;0;0;0;1;0;0;0;0;0;1;0;0;0;0;0;0;0;0;0;1;1;0;0;1;0;0;0;1;1;0;1;0;1;0;0;0;0;0;1;0;0;1;0;0;1;0;0;0;0;0;1;0;0;0;0;1;0;1;1;1;0;0;1;0;0;0;0;0;0;1;1;1;0;0;1;1;0;0;1;0;0;0;0;0;0;0;0;1;0;1;1;0;0;0;0;1;0;1;1;1;0;1;1;0;0,519933072445;0,516663219761;0,91069690523;0,519644719873;0,661714418293;2,11173105129;0;0;0;0
0;0;0;1;0;0;1;0;0;0;0;0;1;1;0;0;1;0;1;0;0;0;1;0;0;0;0;0;0;1;1;0;0;1;0;1;0;1;1;0;0;0;1;1;0;0;0;0;0;1;0;0;0;0;0;1;0;0;0;0;0;0;0;0;0;1;1;0;0;1;0;0;0;1;1;0;1;0;1;0;0;0;0;0;1;0;0;1;0;0;1;0;0;0;0;0;1;0;0;0;0;1;0;1;1;1;0;0;1;0;0;0;0;0;0;1;1;1;0;0;1;1;0;0;1;0;0;0;0;0;0;0;0;1;0;1;1;0;0;0;0;1;0;1;1;1;0;1;1;0;0,519933072445;0,516663219761;0,91069690523;0,519644719873;0,661714418293;2,11173105129;0;0;0;0
0;0;0;1;0;0;1;0;0;0;0;0;1;1;0;0;1;0;1;0;0;0;1;0;0;0;0;0;0;1;1;0;0;1;0;1;0;1;1;0;0;0;1;1;0;0;0;0;0;1;0;0;0;0;0;1;0;0;0;0;0;0;0;0;0;1;1;0;0;1;0;0;0;1;1;0;1;0;1;0;0;0;0;0;1;0;0;1;0;0;1;0;0;0;0;0;1;0;0;0;0;1;0;1;1;1;0;0;1;0;0;0;0;0;0;1;1;1;0;0;1;1;0;0;1;0;0;0;0;0;0;0;0;1;0;1;1;0;0;0;0;1;0;1;1;1;0;1;1;0;0,519933072445;0,516663219761;0,91069690523;0,519644719873;0,661714418293;2,11173105129;0;0;0;0
1;1;1;0;1;1;0;1;0;1;1;1;0;0;1;1;0;1;0;1;1;1;0;1;1;1;1;1;1;0;0;1;1;0;1;0;1;0;0;1;1;1;0;0;1;1;1;1;1;0;1;1;1;1;1;0;1;1;1;1;1;1;1;1;1;0;0;1;1;0;1;1;1;0;0;1;0;1;0;1;1;1;1;1;0;1;1;0;1;1;0;1;1;1;1;1;0;1;1;1;1;0;1;0;0;0;1;1;0;1;1;1;1;1;1;0;0;0;1;1;0;0;0;1;0;1;1;1;1;1;1;1;1;0;1;0;0;1;1;1;0;0;1;0;0;0;1;0;0;1;0,558371443754;0,550981342634;0,949020443401;0,553749288743;0,699401091591;2,11173105129;0;0;0;0
1;1;1;0;1;1;0;1;0;1;1;1;0;0;1;1;0;1;0;1;1;1;0;1;1;1;1;1;1;0;0;1;1;0;1;0;1;0;0;1;1;1;0;0;1;1;1;1;1;0;1;1;1;1;1;0;1;1;1;1;1;1;1;1;1;0;0;1;1;0;1;1;1;0;0;1;0;1;0;1;1;1;1;1;0;1;1;0;1;1;0;1;1;1;1;1;0;1;1;1;1;0;1;0;0;0;1;1;0;1;1;1;1;1;1;0;0;0;1;1;0;0;0;1;0;1;1;1;1;1;1;1;1;0;1;0;0;1;1;1;0;0;1;0;0;0;1;0;0;1;0,558371443754;0,550981342634;0,949020443401;0,553749288743;0,699401091591;2,11173105129;0;0;0;0
1;1;1;0;1;1;0;1;0;1;1;1;0;0;1;1;0;1;0;1;1;1;0;1;1;1;1;1;1;0;0;1;1;0;1;0;1;0;0;1;1;1;0;0;1;1;1;1;1;0;1;1;1;1;1;0;1;1;1;1;1;1;1;1;1;0;0;1;1;0;1;1;1;0;0;1;0;1;0;1;1;1;1;1;0;1;1;0;1;1;0;1;1;1;1;1;0;1;1;1;1;0;1;0;0;0;1;1;0;1;1;1;1;1;1;0;0;0;1;1;0;0;0;1;0;1;1;1;1;1;1;1;1;0;1;0;0;1;1;1;0;0;1;0;0;0;1;0;0;1;0,558371443754;0,550981342634;0,949020443401;0,553749288743;0,699401091591;2,11173105129;0;0;0;0
1;1;1;0;1;1;0;1;0;1;1;1;0;0;1;1;0;1;0;1;1;1;0;1;1;1;1;1;1;0;0;1;1;0;1;0;1;0;0;1;1;1;0;0;1;1;1;1;1;0;1;1;1;1;1;0;1;1;1;1;1;1;1;1;1;0;0;1;1;0;1;1;1;0;0;1;0;1;0;1;1;1;1;1;0;1;1;0;1;1;0;1;1;1;1;1;0;1;1;1;1;0;1;0;0;0;1;1;0;1;1;1;1;1;1;0;0;0;1;1;0;0;0;1;0;1;1;1;1;1;1;1;1;0;1;0;0;1;1;1;0;0;1;0;0;0;1;0;0;1;0,558371443754;0,550981342634;0,949020443401;0,553749288743;0,699401091591;2,11173105129;0;0;0;0
1;1;1;0;1;1;0;1;0;1;1;1;0;0;1;1;0;1;0;1;1;1;0;1;1;1;1;1;1;0;0;1;1;0;1;0;1;0;0;1;1;1;0;0;1;1;1;1;1;0;1;1;1;1;1;0;1;1;1;1;1;1;1;1;1;0;0;1;1;0;1;1;1;0;0;1;0;1;0;1;1;1;1;1;0;1;1;0;1;1;0;1;1;1;1;1;0;1;1;1;1;0;1;0;0;0;1;1;0;1;1;1;1;1;1;0;0;0;1;1;0;0;0;1;0;1;1;1;1;1;1;1;1;0;1;0;0;1;1;1;0;0;1;0;0;0;1;0;0;1;0,558371443754;0,550981342634;0,949020443401;0,553749288743;0,699401091591;2,11173105129;0;0;0;0
1;1;1;0;1;1;0;1;0;1;1;1;0;0;1;1;0;1;0;1;1;1;0;1;1;1;1;1;1;0;0;1;1;0;1;0;1;0;0;1;1;1;0;0;1;1;1;1;1;0;1;1;1;1;1;0;1;1;1;1;1;1;1;1;1;0;0;1;1;0;1;1;1;0;0;1;0;1;0;1;1;1;1;1;0;1;1;0;1;1;0;1;1;1;1;1;0;1;1;1;1;0;1;0;0;0;1;1;0;1;1;1;1;1;1;0;0;0;1;1;0;0;0;1;0;1;1;1;1;1;1;1;1;0;1;0;0;1;1;1;0;0;1;0;0;0;1;0;0;1;0,558371443754;0,550981342634;0,949020443401;0,553749288743;0,699401091591;2,11173105129;0;0;0;0
1;1;1;0;1;1;0;1;0;1;1;1;0;0;1;1;0;1;0;1;1;1;0;1;1;1;1;1;1;0;0;1;1;0;1;0;1;0;0;1;1;1;0;0;1;1;1;1;1;0;1;1;1;1;1;0;1;1;1;1;1;1;1;1;1;0;0;1;1;0;1;1;1;0;0;1;0;1;0;1;1;1;1;1;0;1;1;0;1;1;0;1;1;1;1;1;0;1;1;1;1;0;1;0;0;0;1;1;0;1;1;1;1;1;1;0;0;0;1;1;0;0;0;1;0;1;1;1;1;1;1;1;1;0;1;0;0;1;1;1;0;0;1;0;0;0;1;0;0;1;0,558371443754;0,550981342634;0,949020443401;0,553749288743;0,699401091591;2,11173105129;0;0;0;0
1;1;1;0;1;1;0;1;0;1;1;1;0;0;1;1;0;1;0;1;1;1;0;1;1;1;1;1;1;0;0;1;1;0;1;0;1;0;0;1;1;1;0;0;1;1;1;1;1;0;1;1;1;1;1;0;1;1;1;1;1;1;1;1;1;0;0;1;1;0;1;1;1;0;0;1;0;1;0;1;1;1;1;1;0;1;1;0;1;1;0;1;1;1;1;1;0;1;1;1;1;0;1;0;0;0;1;1;0;1;1;1;1;1;1;0;0;0;1;1;0;0;0;1;0;1;1;1;1;1;1;1;1;0;1;0;0;1;1;1;0;0;1;0;0;0;1;0;0;1;0,558371443754;0,550981342634;0,949020443401;0,553749288743;0,699401091591;2,11173105129;0;0;0;0
0;0;0;1;0;0;1;0;0;0;0;0;1;1;0;0;1;0;1;0;0;0;1;0;0;0;0;0;0;1;1;0;0;1;0;1;0;1;1;0;0;0;1;1;0;0;0;0;0;1;0;0;0;0;0;1;0;0;0;0;0;0;0;0;0;1;1;0;0;1;0;0;0;1;1;0;1;0;1;0;0;0;0;0;1;0;0;1;0;0;1;0;0;0;0;0;1;0;0;0;0;1;0;1;1;1;0;0;1;0;0;0;0;0;0;1;1;1;0;0;1;1;0;0;1;0;0;0;0;0;0;0;0;1;0;1;1;0;0;0;0;1;0;1;1;1;0;1;1;0;0,519933072445;0,516663219761;0,91069690523;0,519644719873;0,661714418293;2,11173105129;0;0;0;0
0;0;0;1;0;0;1;0;0;0;0;0;1;1;0;0;1;0;1;0;0;0;1;0;0;0;0;0;0;1;1;0;0;1;0;1;0;1;1;0;0;0;1;1;0;0;0;0;0;1;0;0;0;0;0;1;0;0;0;0;0;0;0;0;0;1;1;0;0;1;0;0;0;1;1;0;1;0;1;0;0;0;0;0;1;0;0;1;0;0;1;0;0;0;0;0;1;0;0;0;0;1;0;1;1;1;0;0;1;0;0;0;0;0;0;1;1;1;0;0;1;1;0;0;1;0;0;0;0;0;0;0;0;1;0;1;1;0;0;0;0;1;0;1;1;1;0;1;1;0;0,519933072445;0,516663219761;0,91069690523;0,519644719873;0,661714418293;2,11173105129;0;0;0;0
1;1;1;0;1;1;0;1;0;1;1;1;0;0;1;1;0;1;0;1;1;1;0;1;1;1;1;1;1;0;0;1;1;0;1;0;1;0;0;1;1;1;0;0;1;1;1;1;1;0;1;1;1;1;1;0;1;1;1;1;1;1;1;1;1;0;0;1;1;0;1;1;1;0;0;1;0;1;0;1;1;1;1;1;0;1;1;0;1;1;0;1;1;1;1;1;0;1;1;1;1;0;1;0;0;0;1;1;0;1;1;1;1;1;1;0;0;0;1;1;0;0;0;1;0;1;1;1;1;1;1;1;1;0;1;0;0;1;1;1;0;0;1;0;0;0;1;0;0;1;0,558371443754;0,550981342634;0,949020443401;0,553749288743;0,699401091591;2,11173105129;0;0;0;0
1;1;1;0;1;1;0;1;0;1;1;1;0;0;1;1;0;1;0;1;1;1;0;1;1;1;1;1;1;0;0;1;1;0;1;0;1;0;0;1;1;1;0;0;1;1;1;1;1;0;1;1;1;1;1;0;1;1;1;1;1;1;1;1;1;0;0;1;1;0;1;1;1;0;0;1;0;1;0;1;1;1;1;1;0;1;1;0;1;1;0;1;1;1;1;1;0;1;1;1;1;0;1;0;0;0;1;1;0;1;1;1;1;1;1;0;0;0;1;1;0;0;0;1;0;1;1;1;1;1;1;1;1;0;1;0;0;1;1;1;0;0;1;0;0;0;1;0;0;1;0,558371443754;0,550981342634;0,949020443401;0,553749288743;0,699401091591;2,11173105129;0;0;0;0
1;1;1;0;1;1;0;1;0;1;1;1;0;0;1;1;0;1;0;1;1;1;0;1;1;1;1;1;1;0;0;1;1;0;1;0;1;0;0;1;1;1;0;0;1;1;1;1;1;0;1;1;1;1;1;0;1;1;1;1;1;1;1;1;1;0;0;1;1;0;1;1;1;0;0;1;0;1;0;1;1;1;1;1;0;1;1;0;1;1;0;1;1;1;1;1;0;1;1;1;1;0;1;0;0;0;1;1;0;1;1;1;1;1;1;0;0;0;1;1;0;0;0;1;0;1;1;1;1;1;1;1;1;0;1;0;0;1;1;1;0;0;1;0;0;0;1;0;0;1;0,558371443754;0,550981342634;0,949020443401;0,553749288743;0,699401091591;2,11173105129;0;0;0;0
1;1;1;0;1;1;0;1;0;1;1;1;0;0;1;1;0;1;0;1;1;1;0;1;1;1;1;1;1;0;0;1;1;0;1;0;1;0;0;1;1;1;0;0;1;1;1;1;1;0;1;1;1;1;1;0;1;1;1;1;1;1;1;1;1;0;0;1;1;0;1;1;1;0;0;1;0;1;0;1;1;1;1;1;0;1;1;0;1;1;0;1;1;1;1;1;0;1;1;1;1;0;1;0;0;0;1;1;0;1;1;1;1;1;1;0;0;0;1;1;0;0;0;1;0;1;1;1;1;1;1;1;1;0;1;0;0;1;1;1;0;0;1;0;0;0;1;0;0;1;0,558371443754;0,550981342634;0,949020443401;0,553749288743;0,699401091591;2,11173105129;0;0;0;0
0;0;0;1;0;0;1;0;0;0;0;0;1;1;0;0;1;0;1;0;0;0;1;0;0;0;0;0;0;1;1;0;0;1;0;1;0;1;1;0;0;0;1;1;0;0;0;0;0;1;0;0;0;0;0;1;0;0;0;0;0;0;0;0;0;1;1;0;0;1;0;0;0;1;1;0;1;0;1;0;0;0;0;0;1;0;0;1;0;0;1;0;0;0;0;0;1;0;0;0;0;1;0;1;1;1;0;0;1;0;0;0;0;0;0;1;1;1;0;0;1;1;0;0;1;0;0;0;0;0;0;0;0;1;0;1;1;0;0;0;0;1;0;1;1;1;0;1;1;0;0,519933072445;0,516663219761;0,91069690523;0,519644719873;0,661714418293;2,11173105129;0;0;0;0
0;0;0;1;0;0;1;0;0;0;0;0;1;1;0;0;1;0;1;0;0;0;1;0;0;0;0;0;0;1;1;0;0;1;0;1;0;1;1;0;0;0;1;1;0;0;0;0;0;1;0;0;0;0;0;1;0;0;0;0;0;0;0;0;0;1;1;0;0;1;0;0;0;1;1;0;1;0;1;0;0;0;0;0;1;0;0;1;0;0;1;0;0;0;0;0;1;0;0;0;0;1;0;1;1;1;0;0;1;0;0;0;0;0;0;1;1;1;0;0;1;1;0;0;1;0;0;0;0;0;0;0;0;1;0;1;1;0;0;0;0;1;0;1;1;1;0;1;1;0;0,519933072445;0,516663219761;0,91069690523;0,519644719873;0,661714418293;2,11173105129;0;0;0;0
0;0;0;1;0;0;1;0;0;0;0;0;1;1;0;0;1;0;1;0;0;0;1;0;0;0;0;0;0;1;1;0;0;1;0;1;0;1;1;0;0;0;1;1;0;0;0;0;0;1;0;0;0;0;0;1;0;0;0;0;0;0;0;0;0;1;1;0;0;1;0;0;0;1;1;0;1;0;1;0;0;0;0;0;1;0;0;1;0;0;1;0;0;0;0;0;1;0;0;0;0;1;0;1;1;1;0;0;1;0;0;0;0;0;0;1;1;1;0;0;1;1;0;0;1;0;0;0;0;0;0;0;0;1;0;1;1;0;0;0;0;1;0;1;1;1;0;1;1;0;0,519933072445;0,516663219761;0,91069690523;0,519644719873;0,661714418293;2,11173105129;0;0;0;0
0;0;0;1;0;0;1;0;0;0;0;0;1;1;0;0;1;0;1;0;0;0;1;0;0;0;0;0;0;1;1;0;0;1;0;1;0;1;1;0;0;0;1;1;0;0;0;0;0;1;0;0;0;0;0;1;0;0;0;0;0;0;0;0;0;1;1;0;0;1;0;0;0;1;1;0;1;0;1;0;0;0;0;0;1;0;0;1;0;0;1;0;0;0;0;0;1;0;0;0;0;1;0;1;1;1;0;0;1;0;0;0;0;0;0;1;1;1;0;0;1;1;0;0;1;0;0;0;0;0;0;0;0;1;0;1;1;0;0;0;0;1;0;1;1;1;0;1;1;0;0,519933072445;0,516663219761;0,91069690523;0,519644719873;0,661714418293;2,11173105129;0;0;0;0
0;0;0;1;0;0;1;0;0;0;0;0;1;1;0;0;1;0;1;0;0;0;1;0;0;0;0;0;0;1;1;0;0;1;0;1;0;1;1;0;0;0;1;1;0;0;0;0;0;1;0;0;0;0;0;1;0;0;0;0;0;0;0;0;0;1;1;0;0;1;0;0;0;1;1;0;1;0;1;0;0;0;0;0;1;0;0;1;0;0;1;0;0;0;0;0;1;0;0;0;0;1;0;1;1;1;0;0;1;0;0;0;0;0;0;1;1;1;0;0;1;1;0;0;1;0;0;0;0;0;0;0;0;1;0;1;1;0;0;0;0;1;0;1;1;1;0;1;1;0;0,519933072445;0,516663219761;0,91069690523;0,519644719873;0,661714418293;2,11173105129;0;0;0;0
0;0;0;1;0;0;1;0;0;0;0;0;1;1;0;0;1;0;1;0;0;0;1;0;0;0;0;0;0;1;1;0;0;1;0;1;0;1;1;0;0;0;1;1;0;0;0;0;0;1;0;0;0;0;0;1;0;0;0;0;0;0;0;0;0;1;1;0;0;1;0;0;0;1;1;0;1;0;1;0;0;0;0;0;1;0;0;1;0;0;1;0;0;0;0;0;1;0;0;0;0;1;0;1;1;1;0;0;1;0;0;0;0;0;0;1;1;1;0;0;1;1;0;0;1;0;0;0;0;0;0;0;0;1;0;1;1;0;0;0;0;1;0;1;1;1;0;1;1;0;0,519933072445;0,516663219761;0,91069690523;0,519644719873;0,661714418293;2,11173105129;0;0;0;0
0;0;0;1;0;0;1;0;0;0;0;0;1;1;0;0;1;0;1;0;0;0;1;0;0;0;0;0;0;1;1;0;0;1;0;1;0;1;1;0;0;0;1;1;0;0;0;0;0;1;0;0;0;0;0;1;0;0;0;0;0;0;0;0;0;1;1;0;0;1;0;0;0;1;1;0;1;0;1;0;0;0;0;0;1;0;0;1;0;0;1;0;0;0;0;0;1;0;0;0;0;1;0;1;1;1;0;0;1;0;0;0;0;0;0;1;1;1;0;0;1;1;0;0;1;0;0;0;0;0;0;0;0;1;0;1;1;0;0;0;0;1;0;1;1;1;0;1;1;0;0,519933072445;0,516663219761;0,91069690523;0,519644719873;0,661714418293;2,11173105129;0;0;0;0
1;1;1;0;1;1;0;1;0;1;1;1;0;0;1;1;0;1;0;1;1;1;0;1;1;1;1;1;1;0;0;1;1;0;1;0;1;0;0;1;1;1;0;0;1;1;1;1;1;0;1;1;1;1;1;0;1;1;1;1;1;1;1;1;1;0;0;1;1;0;1;1;1;0;0;1;0;1;0;1;1;1;1;1;0;1;1;0;1;1;0;1;1;1;1;1;0;1;1;1;1;0;1;0;0;0;1;1;0;1;1;1;1;1;1;0;0;0;1;1;0;0;0;1;0;1;1;1;1;1;1;1;1;0;1;0;0;1;1;1;0;0;1;0;0;0;1;0;0;1;0,558371443754;0,550981342634;0,949020443401;0,553749288743;0,699401091591;2,11173105129;0;0;0;0
