10;40;30;db;Minkowski_2;2;2
1;1;3;1;1;4;1;3;2;1;3;3;1;1;4;1;2;1;1;3;3;1;1;4;1;3;0;3;3;3;2;3;3;3;2;1;1;1;1;4;4;4;3;3;3;1;3;1;3;1;0;1;1;4;3;3;1;1;2;1;1;4;3;1;4;3;4;4;1;4;3;4;3;1;1;1;0;3;2;3;2;1;3;3;1;4;4;4;3;4;1;2;4;1;1;1;3;2;1;1;1;4;0;3;3;3;1;3;4;4;1;2;4;2;0;1;1;4;3;3;4;1;1;0;4;1;0;2;3;3;4;3;3;4;1;3;1;1;1;2;4;1;4;1;3;4;1;3;4;1;0,639049151701;0,586186176349;0,594564157654;0,761370876505;0,667707260964;1,34165514649;0;0;0;0
3;1;2;3;0;0;1;2;0;1;2;2;0;1;0;0;1;1;1;2;2;0;1;0;1;2;2;2;2;2;0;2;2;2;0;1;1;1;1;0;0;0;2;2;2;1;2;1;2;1;2;1;1;0;2;2;1;1;0;0;1;0;2;0;0;2;0;0;1;0;2;0;2;1;0;1;0;2;0;2;0;0;2;2;0;0;0;0;2;0;0;0;0;1;1;0;2;2;3;1;0;2;0;2;2;2;1;2;0;0;1;0;0;0;2;1;1;2;2;2;0;0;1;0;0;1;2;0;2;2;0;2;2;0;1;2;0;1;1;0;0;0;0;1;2;0;0;2;0;1;0,596268735076;0,573130039954;0,581316918327;0,613430201824;0,596941977961;1,43368653939;0;0;0;0
1;1;2;1;0;0;1;2;0;1;2;2;0;1;0;0;0;1;1;2;2;0;1;0;1;2;2;2;2;3;0;2;2;2;0;1;1;1;1;0;0;0;2;2;2;1;2;1;3;1;2;1;1;0;2;2;1;1;0;1;1;0;2;0;0;2;0;0;1;0;2;0;2;1;0;1;0;2;0;2;0;0;2;2;0;0;0;0;2;0;0;0;0;1;1;1;2;0;1;1;0;2;0;2;2;2;1;2;0;0;1;1;0;0;2;1;1;0;2;2;0;0;1;0;0;1;2;0;2;2;0;2;2;0;1;2;0;0;1;0;0;0;0;1;2;0;1;2;0;1;0,626141946915;0,621823206406;0,629128937488;0,65582753645;0,642200867579;1,60106038841;0;0;0;0
1;1;0;1;1;1;1;0;1;1;0;0;1;1;1;1;1;1;1;0;0;1;1;1;1;0;0;0;0;0;1;0;0;0;1;1;1;1;1;1;1;1;0;0;0;1;0;1;0;1;0;1;1;1;0;0;1;1;1;1;1;1;0;1;1;0;1;1;1;1;0;1;0;1;1;1;0;0;1;0;1;1;0;0;1;1;1;1;0;1;1;1;1;1;1;1;0;1;1;1;1;0;0;0;0;0;1;0;1;1;1;1;1;1;0;1;1;1;0;0;1;1;1;0;1;1;0;1;0;0;1;0;0;1;1;0;1;1;1;1;1;1;1;1;0;1;1;0;1;1;0,558371443754;0,550981342634;0,949020443401;0,553749288743;0,699401091591;2,47684219485;0;0;0;0
1;1;0;1;1;1;1;0;1;1;0;0;1;1;1;1;1;1;1;0;0;1;1;1;1;0;0;0;0;0;1;0;0;0;1;1;1;1;1;1;1;1;0;0;0;1;0;1;0;1;0;1;1;1;0;0;1;1;1;1;1;1;0;1;1;0;1;1;1;1;0;1;0;1;1;1;0;0;1;0;1;1;0;0;1;1;1;1;0;1;1;1;1;1;1;1;0;1;1;1;1;0;0;0;0;0;1;0;1;1;1;1;1;1;0;1;1;1;0;0;1;1;1;0;1;1;0;1;0;0;1;0;0;1;1;0;1;1;1;1;1;1;1;1;0;1;1;0;1;1;0,558371443754;0,550981342634;0,949020443401;0,553749288743;0,699401091591;2,47684219485;0;0;0;0
1;1;0;1;1;1;1;0;1;1;0;0;1;1;1;1;1;1;1;0;0;1;1;1;1;0;0;0;0;0;1;0;0;0;1;1;1;1;1;1;1;1;0;0;0;1;0;1;0;1;0;1;1;1;0;0;1;1;1;1;1;1;0;1;1;0;1;1;1;1;0;1;0;1;1;1;0;0;1;0;1;1;0;0;1;1;1;1;0;1;1;1;1;1;1;1;0;1;1;1;1;0;0;0;0;0;1;0;1;1;1;1;1;1;0;1;1;1;0;0;1;1;1;0;1;1;0;1;0;0;1;0;0;1;1;0;1;1;1;1;1;1;1;1;0;1;1;0;1;1;0,558371443754;0,550981342634;0,949020443401;0,553749288743;0,699401091591;2,47684219485;0;0;0;0
1;1;0;1;1;1;1;0;1;1;0;0;1;1;1;1;1;1;1;0;0;1;1;1;1;0;0;0;0;0;1;0;0;0;1;1;1;1;1;1;1;1;0;0;0;1;0;1;0;1;0;1;1;1;0;0;1;1;1;1;1;1;0;1;1;0;1;1;1;1;0;1;0;1;1;1;0;0;1;0;1;1;0;0;1;1;1;1;0;1;1;1;1;1;1;1;0;1;1;1;1;0;0;0;0;0;1;0;1;1;1;1;1;1;0;1;1;1;0;0;1;1;1;0;1;1;0;1;0;0;1;0;0;1;1;0;1;1;1;1;1;1;1;1;0;1;1;0;1;1;0,558371443754;0,550981342634;0,949020443401;0,553749288743;0,699401091591;2,47684219485;0;0;0;0
1;1;0;1;1;1;1;0;1;1;0;0;1;1;1;1;1;1;1;0;0;1;1;1;1;0;0;0;0;0;1;0;0;0;1;1;1;1;1;1;1;1;0;0;0;1;0;1;0;1;0;1;1;1;0;0;1;1;1;1;1;1;0;1;1;0;1;1;1;1;0;1;0;1;1;1;0;0;1;0;1;1;0;0;1;1;1;1;0;1;1;1;1;1;1;1;0;1;1;1;1;0;0;0;0;0;1;0;1;1;1;1;1;1;0;1;1;1;0;0;1;1;1;0;1;1;0;1;0;0;1;0;0;1;1;0;1;1;1;1;1;1;1;1;0;1;1;0;1;1;0,558371443754;0,550981342634;0,949020443401;0,553749288743;0,699401091591;2,47684219485;0;0;0;0
1;1;0;1;1;1;1;0;1;1;0;0;1;1;1;1;1;1;1;0;0;1;1;1;1;0;0;0;0;0;1;0;0;0;1;1;1;1;1;1;1;1;0;0;0;1;0;1;0;1;0;1;1;1;0;0;1;1;1;1;1;1;0;1;1;0;1;1;1;1;0;1;0;1;1;1;0;0;1;0;1;1;0;0;1;1;1;1;0;1;1;1;1;1;1;1;0;1;1;1;1;0;0;0;0;0;1;0;1;1;1;1;1;1;0;1;1;1;0;0;1;1;1;0;1;1;0;1;0;0;1;0;0;1;1;0;1;1;1;1;1;1;1;1;0;1;1;0;1;1;0,558371443754;0,550981342634;0,949020443401;0,553749288743;0,699401091591;2,47684219485;0;0;0;0
1;1;0;1;1;1;1;0;1;1;0;0;1;1;1;1;1;1;1;0;0;1;1;1;1;0;0;0;0;0;1;0;0;0;1;1;1;1;1;1;1;1;0;0;0;1;0;1;0;1;0;1;1;1;0;0;1;1;1;1;1;1;0;1;1;0;1;1;1;1;0;1;0;1;1;1;0;0;1;0;1;1;0;0;1;1;1;1;0;1;1;1;1;1;1;1;0;1;1;1;1;0;0;0;0;0;1;0;1;1;1;1;1;1;0;1;1;1;0;0;1;1;1;0;1;1;0;1;0;0;1;0;0;1;1;0;1;1;1;1;1;1;1;1;0;1;1;0;1;1;0,558371443754;0,550981342634;0,949020443401;0,553749288743;0,699401091591;2,47684219485;0;0;0;0
1;1;0;1;1;1;1;0;1;1;0;0;1;1;1;1;1;1;1;0;0;1;1;1;1;0;0;0;0;0;1;0;0;0;1;1;1;1;1;1;1;1;0;0;0;1;0;1;0;1;0;1;1;1;0;0;1;1;1;1;1;1;0;1;1;0;1;1;1;1;0;1;0;1;1;1;0;0;1;0;1;1;0;0;1;1;1;1;0;1;1;1;1;1;1;1;0;1;1;1;1;0;0;0;0;0;1;0;1;1;1;1;1;1;0;1;1;1;0;0;1;1;1;0;1;1;0;1;0;0;1;0;0;1;1;0;1;1;1;1;1;1;1;1;0;1;1;0;1;1;0,558371443754;0,550981342634;0,949020443401;0,553749288743;0,699401091591;2,47684219485;0;0;0;0
1;1;0;1;1;1;1;0;1;1;0;0;1;1;1;1;1;1;1;0;0;1;1;1;1;0;0;0;0;0;1;0;0;0;1;1;1;1;1;1;1;1;0;0;0;1;0;1;0;1;0;1;1;1;0;0;1;1;1;1;1;1;0;1;1;0;1;1;1;1;0;1;0;1;1;1;0;0;1;0;1;1;0;0;1;1;1;1;0;1;1;1;1;1;1;1;0;1;1;1;1;0;0;0;0;0;1;0;1;1;1;1;1;1;0;1;1;1;0;0;1;1;1;0;1;1;0;1;0;0;1;0;0;1;1;0;1;1;1;1;1;1;1;1;0;1;1;0;1;1;0,558371443754;0,550981342634;0,949020443401;0,553749288743;0,699401091591;2,47684219485;0;0;0;0
1;1;0;1;1;1;1;0;1;1;0;0;1;1;1;1;1;1;1;0;0;1;1;1;1;0;0;0;0;0;1;0;0;0;1;1;1;1;1;1;1;1;0;0;0;1;0;1;0;1;0;1;1;1;0;0;1;1;1;1;1;1;0;1;1;0;1;1;1;1;0;1;0;1;1;1;0;0;1;0;1;1;0;0;1;1;1;1;0;1;1;1;1;1;1;1;0;1;1;1;1;0;0;0;0;0;1;0;1;1;1;1;1;1;0;1;1;1;0;0;1;1;1;0;1;1;0;1;0;0;1;0;0;1;1;0;1;1;1;1;1;1;1;1;0;1;1;0;1;1;0,558371443754;0,550981342634;0,949020443401;0,553749288743;0,699401091591;2,47684219485;0;0;0;0
2;2;0;2;2;2;2;0;2;2;0;0;2;2;2;2;2;2;2;0;0;2;2;2;2;0;0;0;0;1;2;0;0;0;2;2;2;2;2;2;2;2;0;0;0;2;0;2;1;2;0;2;2;2;0;0;2;2;2;2;2;2;0;2;2;0;2;2;2;2;0;2;0;2;2;2;0;0;2;0;2;2;0;0;2;2;2;2;0;2;2;2;2;2;2;2;0;2;2;2;2;0;0;0;0;0;2;0;2;2;2;2;2;2;0;2;2;2;0;0;2;2;2;0;2;2;0;2;1;0;2;0;0;2;2;0;2;2;2;2;2;2;2;2;0;2;2;0;2;2;0,530452456263;0,547774953934;0,848925391015;0,554120943997;0,67055139565;2,49885931905;0;0;0;0
2;2;0;2;2;2;2;0;2;2;0;0;2;2;2;2;2;2;2;0;0;2;2;2;2;0;0;0;0;1;2;0;0;0;2;2;2;2;2;2;2;2;0;0;0;2;0;2;1;2;0;2;2;2;0;0;2;2;2;2;2;2;0;2;2;0;2;2;2;2;0;2;0;2;2;2;0;0;2;0;2;2;0;0;2;2;2;2;0;2;2;2;2;2;2;2;0;2;2;2;2;0;0;0;0;0;2;0;2;2;2;2;2;2;0;2;2;2;0;0;2;2;2;0;2;2;0;2;1;0;2;0;0;2;2;0;2;2;2;2;2;2;2;2;0;2;2;0;2;2;0,530452456263;0,547774953934;0,848925391015;0,554120943997;0,67055139565;2,49885931905;0;0;0;0
2;2;0;2;2;2;2;0;2;2;0;0;2;2;2;2;2;2;2;0;0;2;2;2;2;0;0;0;0;1;2;0;0;0;2;2;2;2;2;2;2;2;0;0;0;2;0;2;1;2;0;2;2;2;0;0;2;2;2;2;2;2;0;2;2;0;2;2;2;2;0;2;0;2;2;2;0;0;2;0;2;2;0;0;2;2;2;2;0;2;2;2;2;2;2;2;0;2;2;2;2;0;0;0;0;0;2;0;2;2;2;2;2;2;0;2;2;2;0;0;2;2;2;0;2;2;0;2;1;0;2;0;0;2;2;0;2;2;2;2;2;2;2;2;0;2;2;0;2;2;0,530452456263;0,547774953934;0,848925391015;0,554120943997;0,67055139565;2,49885931905;0;0;0;0
2;2;0;2;2;2;2;0;2;2;0;0;2;2;2;2;2;2;2;0;0;2;2;2;2;0;0;0;0;1;2;0;0;0;2;2;2;2;2;2;2;2;0;0;0;2;0;2;1;2;0;2;2;2;0;0;2;2;2;2;2;2;0;2;2;0;2;2;2;2;0;2;0;2;2;2;0;0;2;0;2;2;0;0;2;2;2;2;0;2;2;2;2;2;2;2;0;2;2;2;2;0;0;0;0;0;2;0;2;2;2;2;2;2;0;2;2;2;0;0;2;2;2;0;2;2;0;2;1;0;2;0;0;2;2;0;2;2;2;2;2;2;2;2;0;2;2;0;2;2;0,530452456263;0,547774953934;0,848925391015;0,554120943997;0,67055139565;2,49885931905;0;0;0;0
2;2;0;2;2;2;2;0;2;2;0;0;2;2;2;2;2;2;2;0;0;2;2;2;2;0;0;0;0;1;2;0;0;0;2;2;2;2;2;2;2;2;0;0;0;2;0;2;1;2;0;2;2;2;0;0;2;2;2;2;2;2;0;2;2;0;2;2;2;2;0;2;0;2;2;2;0;0;2;0;2;2;0;0;2;2;2;2;0;2;2;2;2;2;2;2;0;2;2;2;2;0;0;0;0;0;2;0;2;2;2;2;2;2;0;2;2;2;0;0;2;2;2;0;2;2;0;2;1;0;2;0;0;2;2;0;2;2;2;2;2;2;2;2;0;2;2;0;2;2;0,530452456263;0,547774953934;0,848925391015;0,554120943997;0,67055139565;2,49885931905;0;0;0;0
2;2;0;2;2;2;2;0;2;2;0;0;2;2;2;2;2;2;2;0;0;2;2;2;2;0;0;0;0;1;2;0;0;0;2;2;2;2;2;2;2;2;0;0;0;2;0;2;1;2;0;2;2;2;0;0;2;2;2;2;2;2;0;2;2;0;2;2;2;2;0;2;0;2;2;2;0;0;2;0;2;2;0;0;2;2;2;2;0;2;2;2;2;2;2;2;0;2;2;2;2;0;0;0;0;0;2;0;2;2;2;2;2;2;0;2;2;2;0;0;2;2;2;0;2;2;0;2;1;0;2;0;0;2;2;0;2;2;2;2;2;2;2;2;0;2;2;0;2;2;0,530452456263;0,547774953934;0,848925391015;0,554120943997;0,67055139565;2,49885931905;0;0;0;0
2;2;0;2;2;2;2;0;2;2;0;0;2;2;2;2;2;2;2;0;0;2;2;2;2;0;0;0;0;1;2;0;0;0;2;2;2;2;2;2;2;2;0;0;0;2;0;2;1;2;0;2;2;2;0;0;2;2;2;2;2;2;0;2;2;0;2;2;2;2;0;2;0;2;2;2;0;0;2;0;2;2;0;0;2;2;2;2;0;2;2;2;2;2;2;2;0;2;2;2;2;0;0;0;0;0;2;0;2;2;2;2;2;2;0;2;2;2;0;0;2;2;2;0;2;2;0;2;1;0;2;0;0;2;2;0;2;2;2;2;2;2;2;2;0;2;2;0;2;2;0,530452456263;0,547774953934;0,848925391015;0,554120943997;0,67055139565;2,49885931905;0;0;0;0
2;2;0;2;2;2;2;0;2;2;0;0;2;2;2;2;2;2;2;0;0;2;2;2;2;0;0;0;0;1;2;0;0;0;2;2;2;2;2;2;2;2;0;0;0;2;0;2;1;2;0;2;2;2;0;0;2;2;2;2;2;2;0;2;2;0;2;2;2;2;0;2;0;2;2;2;0;0;2;0;2;2;0;0;2;2;2;2;0;2;2;2;2;2;2;2;0;2;2;2;2;0;0;0;0;0;2;0;2;2;2;2;2;2;0;2;2;2;0;0;2;2;2;0;2;2;0;2;1;0;2;0;0;2;2;0;2;2;2;2;2;2;2;2;0;2;2;0;2;2;0,530452456263;0,547774953934;0,848925391015;0,554120943997;0,67055139565;2,49885931905;0;0;0;0
2;2;0;2;2;2;2;0;2;2;0;0;2;2;2;2;2;2;2;0;0;2;2;2;2;0;0;0;0;1;2;0;0;0;2;2;2;2;2;2;2;2;0;0;0;2;0;2;1;2;0;2;2;2;0;0;2;2;2;2;2;2;0;2;2;0;2;2;2;2;0;2;0;2;2;2;0;0;2;0;2;2;0;0;2;2;2;2;0;2;2;2;2;2;2;2;0;2;2;2;2;0;0;0;0;0;2;0;2;2;2;2;2;2;0;2;2;2;0;0;2;2;2;0;2;2;0;2;1;0;2;0;0;2;2;0;2;2;2;2;2;2;2;2;0;2;2;0;2;2;0,530452456263;0,547774953934;0,848925391015;0,554120943997;0,67055139565;2,49885931905;0;0;0;0
2;2;0;2;2;2;2;0;2;2;0;0;2;2;2;2;2;2;2;0;0;2;2;2;2;0;0;0;0;1;2;0;0;0;2;2;2;2;2;2;2;2;0;0;0;2;0;2;1;2;0;2;2;2;0;0;2;2;2;2;2;2;0;2;2;0;2;2;2;2;0;2;0;2;2;2;0;0;2;0;2;2;0;0;2;2;2;2;0;2;2;2;2;2;2;2;0;2;2;2;2;0;0;0;0;0;2;0;2;2;2;2;2;2;0;2;2;2;0;0;2;2;2;0;2;2;0;2;1;0;2;0;0;2;2;0;2;2;2;2;2;2;2;2;0;2;2;0;2;2;0,530452456263;0,547774953934;0,848925391015;0,554120943997;0,67055139565;2,49885931905;0;0;0;0
2;2;0;2;2;2;2;0;2;2;0;0;2;2;2;2;2;2;2;0;0;2;2;2;2;0;0;0;0;1;2;0;0;0;2;2;2;2;2;2;2;2;0;0;0;2;0;2;1;2;0;2;2;2;0;0;2;2;2;2;2;2;0;2;2;0;2;2;2;2;0;2;0;2;2;2;0;0;2;0;2;2;0;0;2;2;2;2;0;2;2;2;2;2;2;2;0;2;2;2;2;0;0;0;0;0;2;0;2;2;2;2;2;2;0;2;2;2;0;0;2;2;2;0;2;2;0;2;1;0;2;0;0;2;2;0;2;2;2;2;2;2;2;2;0;2;2;0;2;2;0,530452456263;0,547774953934;0,848925391015;0,554120943997;0,67055139565;2,49885931905;0;0;0;0
2;2;0;2;2;2;2;0;2;2;0;0;2;2;2;2;2;2;2;0;0;2;2;2;2;0;0;0;0;1;2;0;0;0;2;2;2;2;2;2;2;2;0;0;0;2;0;2;1;2;0;2;2;2;0;0;2;2;2;2;2;2;0;2;2;0;2;2;2;2;0;2;0;2;2;2;0;0;2;0;2;2;0;0;2;2;2;2;0;2;2;2;2;2;2;2;0;2;2;2;2;0;0;0;0;0;2;0;2;2;2;2;2;2;0;2;2;2;0;0;2;2;2;0;2;2;0;2;1;0;2;0;0;2;2;0;2;2;2;2;2;2;2;2;0;2;2;0;2;2;0,530452456263;0,547774953934;0,848925391015;0,554120943997;0,67055139565;2,49885931905;0;0;0;0
2;2;0;2;2;2;2;0;2;2;0;0;2;2;2;2;2;2;2;0;0;2;2;2;2;0;0;0;0;1;2;0;0;0;2;2;2;2;2;2;2;2;0;0;0;2;0;2;1;2;0;2;2;2;0;0;2;2;2;2;2;2;0;2;2;0;2;2;2;2;0;2;0;2;2;2;0;0;2;0;2;2;0;0;2;2;2;2;0;2;2;2;2;2;2;2;0;2;2;2;2;0;0;0;0;0;2;0;2;2;2;2;2;2;0;2;2;2;0;0;2;2;2;0;2;2;0;2;1;0;2;0;0;2;2;0;2;2;2;2;2;2;2;2;0;2;2;0;2;2;0,530452456263;0,547774953934;0,848925391015;0,554120943997;0,67055139565;2,49885931905;0;0;0;0
2;2;0;2;2;2;2;0;2;2;0;0;2;2;2;2;2;2;2;0;0;2;2;2;2;0;0;0;0;1;2;0;0;0;2;2;2;2;2;2;2;2;0;0;0;2;0;2;1;2;0;2;2;2;0;0;2;2;2;2;2;2;0;2;2;0;2;2;2;2;0;2;0;2;2;2;0;0;2;0;2;2;0;0;2;2;2;2;0;2;2;2;2;2;2;2;0;2;2;2;2;0;0;0;0;0;2;0;2;2;2;2;2;2;0;2;2;2;0;0;2;2;2;0;2;2;0;2;1;0;2;0;0;2;2;0;2;2;2;2;2;2;2;2;0;2;2;0;2;2;0,530452456263;0,547774953934;0,848925391015;0,554120943997;0,67055139565;2,49885931905;0;0;0;0
2;2;0;2;2;2;2;0;2;2;0;0;2;2;2;2;2;2;2;0;0;2;2;2;2;0;0;0;0;1;2;0;0;0;2;2;2;2;2;2;2;2;0;0;0;2;0;2;1;2;0;2;2;2;0;0;2;2;2;2;2;2;0;2;2;0;2;2;2;2;0;2;0;2;2;2;0;0;2;0;2;2;0;0;2;2;2;2;0;2;2;2;2;2;2;2;0;2;2;2;2;0;0;0;0;0;2;0;2;2;2;2;2;2;0;2;2;2;0;0;2;2;2;0;2;2;0;2;1;0;2;0;0;2;2;0;2;2;2;2;2;2;2;2;0;2;2;0;2;2;0,530452456263;0,547774953934;0,848925391015;0,554120943997;0,67055139565;2,49885931905;0;0;0;0
2;2;0;2;2;2;2;0;2;2;0;0;2;2;2;2;2;2;2;0;0;2;2;2;2;0;0;0;0;1;2;0;0;0;2;2;2;2;2;2;2;2;0;0;0;2;0;2;1;2;0;2;2;2;0;0;2;2;2;2;2;2;0;2;2;0;2;2;2;2;0;2;0;2;2;2;0;0;2;0;2;2;0;0;2;2;2;2;0;2;2;2;2;2;2;2;0;2;2;2;2;0;0;0;0;0;2;0;2;2;2;2;2;2;0;2;2;2;0;0;2;2;2;0;2;2;0;2;1;0;2;0;0;2;2;0;2;2;2;2;2;2;2;2;0;2;2;0;2;2;0,530452456263;0,547774953934;0,848925391015;0,554120943997;0,67055139565;2,49885931905;0;0;0;0
2;2;0;2;2;2;2;0;2;2;0;0;2;2;2;2;2;2;2;0;0;2;2;2;2;0;0;0;0;1;2;0;0;0;2;2;2;2;2;2;2;2;0;0;0;2;0;2;1;2;0;2;2;2;0;0;2;2;2;2;2;2;0;2;2;0;2;2;2;2;0;2;0;2;2;2;0;0;2;0;2;2;0;0;2;2;2;2;0;2;2;2;2;2;2;2;0;2;2;2;2;0;0;0;0;0;2;0;2;2;2;2;2;2;0;2;2;2;0;0;2;2;2;0;2;2;0;2;1;0;2;0;0;2;2;0;2;2;2;2;2;2;2;2;0;2;2;0;2;2;0,530452456263;0,547774953934;0,848925391015;0,554120943997;0,67055139565;2,49885931905;0;0;0;0
