10;40;30;db;Minkowski_2;4;4
6;1;1;5;3;6;6;1;1;1;3;3;5;6;3;4;6;1;5;3;1;6;6;0;5;1;3;1;6;1;6;6;5;3;1;5;6;6;5;1;6;1;6;6;6;1;1;1;1;1;1;5;1;6;1;1;1;5;1;3;6;1;1;3;5;1;1;6;1;5;1;1;1;3;5;1;6;4;6;1;6;5;6;1;6;5;6;6;1;5;1;1;6;6;2;1;5;1;1;1;6;1;5;0;1;1;1;1;1;1;6;3;1;3;6;1;6;0;1;0;1;1;6;6;6;6;0;6;1;6;3;1;5;6;1;1;1;5;5;1;1;1;6;1;6;3;6;1;2;1;0,48744647436;0,483377337382;0,499930790563;0,654058247829;0,566701842103;0,736310611665;0;0;0;0
3;0;0;2;2;3;3;0;0;0;2;2;2;3;2;1;3;0;2;2;0;3;3;3;2;0;2;0;3;0;3;3;2;2;0;2;3;3;2;0;3;2;3;3;3;0;2;2;2;0;0;2;0;3;2;2;0;2;0;2;3;0;0;2;2;0;0;3;0;0;0;0;0;2;2;0;3;1;3;0;3;2;3;0;3;2;3;3;0;2;0;0;3;3;1;0;2;0;0;0;3;0;2;0;0;0;0;0;0;0;3;2;2;2;3;0;3;0;0;3;0;2;3;3;3;3;0;3;0;3;2;2;2;3;0;0;0;2;2;0;0;0;3;0;3;2;3;0;3;0;0,629127019562;0,622702738497;0,629918741631;0,666481081692;0,647684328164;0,821377309289;0;0;0;0
2;0;0;0;0;2;2;0;0;0;0;2;0;2;0;2;2;0;0;0;0;2;2;2;0;0;0;0;2;0;2;2;0;0;0;0;2;2;0;1;2;0;2;2;2;0;0;0;0;0;0;0;0;2;0;0;0;0;0;2;2;0;0;0;0;0;0;2;0;0;0;0;0;0;0;0;2;2;2;0;2;0;2;0;2;0;2;2;0;0;0;0;2;2;2;0;0;0;0;0;2;0;0;0;0;0;0;0;0;0;2;2;0;0;2;0;2;0;0;2;0;0;2;2;2;2;0;2;0;2;0;0;0;2;0;0;0;0;0;0;0;0;2;0;2;2;2;0;2;1;0,479087344836;0,452553064659;0,711609483244;0,460180644416;0,558920753541;1,09932715;0;0;0;0
0;1;1;1;1;0;0;1;1;1;1;1;1;0;1;0;0;1;1;1;1;0;0;0;1;1;1;1;0;1;0;0;1;1;1;1;0;0;1;1;0;1;0;0;0;1;1;1;1;1;1;1;1;0;1;1;1;1;1;1;0;1;1;1;1;1;1;0;1;1;1;1;1;1;1;1;0;0;0;1;0;1;0;1;0;1;0;0;1;1;1;1;0;0;0;1;1;1;1;1;0;1;1;0;1;1;1;1;1;1;0;1;1;1;0;1;0;0;1;0;1;1;0;0;0;0;0;0;1;0;1;1;1;0;1;1;1;1;1;1;1;1;0;1;0;1;0;1;0;1;0,558371443754;0,550981342634;0,949020443401;0,553749288743;0,699401091591;1,14948294525;0;0;0;0
0;1;1;1;1;0;0;1;1;1;1;1;1;0;1;0;0;1;1;1;1;0;0;0;1;1;1;1;0;1;0;0;1;1;1;1;0;0;1;1;0;1;0;0;0;1;1;1;1;1;1;1;1;0;1;1;1;1;1;1;0;1;1;1;1;1;1;0;1;1;1;1;1;1;1;1;0;0;0;1;0;1;0;1;0;1;0;0;1;1;1;1;0;0;0;1;1;1;1;1;0;1;1;0;1;1;1;1;1;1;0;1;1;1;0;1;0;0;1;0;1;1;0;0;0;0;0;0;1;0;1;1;1;0;1;1;1;1;1;1;1;1;0;1;0;1;0;1;0;1;0,558371443754;0,550981342634;0,949020443401;0,553749288743;0,699401091591;1,14948294525;0;0;0;0
0;1;1;1;1;0;0;1;1;1;1;1;1;0;1;0;0;1;1;1;1;0;0;0;1;1;1;1;0;1;0;0;1;1;1;1;0;0;1;1;0;1;0;0;0;1;1;1;1;1;1;1;1;0;1;1;1;1;1;1;0;1;1;1;1;1;1;0;1;1;1;1;1;1;1;1;0;0;0;1;0;1;0;1;0;1;0;0;1;1;1;1;0;0;0;1;1;1;1;1;0;1;1;0;1;1;1;1;1;1;0;1;1;1;0;1;0;0;1;0;1;1;0;0;0;0;0;0;1;0;1;1;1;0;1;1;1;1;1;1;1;1;0;1;0;1;0;1;0;1;0,558371443754;0,550981342634;0,949020443401;0,553749288743;0,699401091591;1,14948294525;0;0;0;0
0;1;1;1;1;0;0;1;1;1;1;1;1;0;1;0;0;1;1;1;1;0;0;0;1;1;1;1;0;1;0;0;1;1;1;1;0;0;1;1;0;1;0;0;0;1;1;1;1;1;1;1;1;0;1;1;1;1;1;1;0;1;1;1;1;1;1;0;1;1;1;1;1;1;1;1;0;0;0;1;0;1;0;1;0;1;0;0;1;1;1;1;0;0;0;1;1;1;1;1;0;1;1;0;1;1;1;1;1;1;0;1;1;1;0;1;0;0;1;0;1;1;0;0;0;0;0;0;1;0;1;1;1;0;1;1;1;1;1;1;1;1;0;1;0;1;0;1;0;1;0,558371443754;0,550981342634;0,949020443401;0,553749288743;0,699401091591;1,14948294525;0;0;0;0
0;1;1;1;1;0;0;1;1;1;1;1;1;0;1;0;0;1;1;1;1;0;0;0;1;1;1;1;0;1;0;0;1;1;1;1;0;0;1;1;0;1;0;0;0;1;1;1;1;1;1;1;1;0;1;1;1;1;1;1;0;1;1;1;1;1;1;0;1;1;1;1;1;1;1;1;0;0;0;1;0;1;0;1;0;1;0;0;1;1;1;1;0;0;0;1;1;1;1;1;0;1;1;0;1;1;1;1;1;1;0;1;1;1;0;1;0;0;1;0;1;1;0;0;0;0;0;0;1;0;1;1;1;0;1;1;1;1;1;1;1;1;0;1;0;1;0;1;0;1;0,558371443754;0,550981342634;0,949020443401;0,553749288743;0,699401091591;1,14948294525;0;0;0;0
1;0;0;0;0;1;1;0;0;0;0;0;0;1;0;1;1;0;0;0;0;1;1;1;0;0;0;0;1;0;1;1;0;0;0;0;1;1;0;0;1;0;1;1;1;0;0;0;0;0;0;0;0;1;0;0;0;0;0;0;1;0;0;0;0;0;0;1;0;0;0;0;0;0;0;0;1;1;1;0;1;0;1;0;1;0;1;1;0;0;0;0;1;1;1;0;0;0;0;0;1;0;0;0;0;0;0;0;0;0;1;0;0;0;1;0;1;0;0;1;0;0;1;1;1;1;0;1;0;1;0;0;0;1;0;0;0;0;0;0;0;0;1;0;1;0;1;0;1;0;0,519933072445;0,516663219761;0,91069690523;0,519644719873;0,661714418293;1,14948294525;0;0;0;0
1;0;0;0;0;1;1;0;0;0;0;0;0;1;0;1;1;0;0;0;0;1;1;1;0;0;0;0;1;0;1;1;0;0;0;0;1;1;0;0;1;0;1;1;1;0;0;0;0;0;0;0;0;1;0;0;0;0;0;0;1;0;0;0;0;0;0;1;0;0;0;0;0;0;0;0;1;1;1;0;1;0;1;0;1;0;1;1;0;0;0;0;1;1;1;0;0;0;0;0;1;0;0;0;0;0;0;0;0;0;1;0;0;0;1;0;1;0;0;1;0;0;1;1;1;1;0;1;0;1;0;0;0;1;0;0;0;0;0;0;0;0;1;0;1;0;1;0;1;0;0,519933072445;0,516663219761;0,91069690523;0,519644719873;0,661714418293;1,14948294525;0;0;0;0
1;0;0;0;0;1;1;0;0;0;0;0;0;1;0;1;1;0;0;0;0;1;1;1;0;0;0;0;1;0;1;1;0;0;0;0;1;1;0;0;1;0;1;1;1;0;0;0;0;0;0;0;0;1;0;0;0;0;0;0;1;0;0;0;0;0;0;1;0;0;0;0;0;0;0;0;1;1;1;0;1;0;1;0;1;0;1;1;0;0;0;0;1;1;1;0;0;0;0;0;1;0;0;0;0;0;0;0;0;0;1;0;0;0;1;0;1;0;0;1;0;0;1;1;1;1;0;1;0;1;0;0;0;1;0;0;0;0;0;0;0;0;1;0;1;0;1;0;1;0;0,519933072445;0,516663219761;0,91069690523;0,519644719873;0,661714418293;1,14948294525;0;0;0;0
1;0;0;0;0;1;1;0;0;0;0;0;0;1;0;1;1;0;0;0;0;1;1;1;0;0;0;0;1;0;1;1;0;0;0;0;1;1;0;0;1;0;1;1;1;0;0;0;0;0;0;0;0;1;0;0;0;0;0;0;1;0;0;0;0;0;0;1;0;0;0;0;0;0;0;0;1;1;1;0;1;0;1;0;1;0;1;1;0;0;0;0;1;1;1;0;0;0;0;0;1;0;0;0;0;0;0;0;0;0;1;0;0;0;1;0;1;0;0;1;0;0;1;1;1;1;0;1;0;1;0;0;0;1;0;0;0;0;0;0;0;0;1;0;1;0;1;0;1;0;0,519933072445;0,516663219761;0,91069690523;0,519644719873;0,661714418293;1,14948294525;0;0;0;0
1;0;0;0;0;1;1;0;0;0;0;0;0;1;0;1;1;0;0;0;0;1;1;1;0;0;0;0;1;0;1;1;0;0;0;0;1;1;0;0;1;0;1;1;1;0;0;0;0;0;0;0;0;1;0;0;0;0;0;0;1;0;0;0;0;0;0;1;0;0;0;0;0;0;0;0;1;1;1;0;1;0;1;0;1;0;1;1;0;0;0;0;1;1;1;0;0;0;0;0;1;0;0;0;0;0;0;0;0;0;1;0;0;0;1;0;1;0;0;1;0;0;1;1;1;1;0;1;0;1;0;0;0;1;0;0;0;0;0;0;0;0;1;0;1;0;1;0;1;0;0,519933072445;0,516663219761;0,91069690523;0,519644719873;0,661714418293;1,14948294525;0;0;0;0
1;0;0;0;0;1;1;0;0;0;0;0;0;1;0;1;1;0;0;0;0;1;1;1;0;0;0;0;1;0;1;1;0;0;0;0;1;1;0;0;1;0;1;1;1;0;0;0;0;0;0;0;0;1;0;0;0;0;0;0;1;0;0;0;0;0;0;1;0;0;0;0;0;0;0;0;1;1;1;0;1;0;1;0;1;0;1;1;0;0;0;0;1;1;1;0;0;0;0;0;1;0;0;0;0;0;0;0;0;0;1;0;0;0;1;0;1;0;0;1;0;0;1;1;1;1;0;1;0;1;0;0;0;1;0;0;0;0;0;0;0;0;1;0;1;0;1;0;1;0;0,519933072445;0,516663219761;0,91069690523;0,519644719873;0,661714418293;1,14948294525;0;0;0;0
1;0;0;0;0;1;1;0;0;0;0;0;0;1;0;1;1;0;0;0;0;1;1;1;0;0;0;0;1;0;1;1;0;0;0;0;1;1;0;0;1;0;1;1;1;0;0;0;0;0;0;0;0;1;0;0;0;0;0;0;1;0;0;0;0;0;0;1;0;0;0;0;0;0;0;0;1;1;1;0;1;0;1;0;1;0;1;1;0;0;0;0;1;1;1;0;0;0;0;0;1;0;0;0;0;0;0;0;0;0;1;0;0;0;1;0;1;0;0;1;0;0;1;1;1;1;0;1;0;1;0;0;0;1;0;0;0;0;0;0;0;0;1;0;1;0;1;0;1;0;0,519933072445;0,516663219761;0,91069690523;0,519644719873;0,661714418293;1,14948294525;0;0;0;0
1;0;0;0;0;1;1;0;0;0;0;0;0;1;0;1;1;0;0;0;0;1;1;1;0;0;0;0;1;0;1;1;0;0;0;0;1;1;0;0;1;0;1;1;1;0;0;0;0;0;0;0;0;1;0;0;0;0;0;0;1;0;0;0;0;0;0;1;0;0;0;0;0;0;0;0;1;1;1;0;1;0;1;0;1;0;1;1;0;0;0;0;1;1;1;0;0;0;0;0;1;0;0;0;0;0;0;0;0;0;1;0;0;0;1;0;1;0;0;1;0;0;1;1;1;1;0;1;0;1;0;0;0;1;0;0;0;0;0;0;0;0;1;0;1;0;1;0;1;0;0,519933072445;0,516663219761;0,91069690523;0,519644719873;0,661714418293;1,14948294525;0;0;0;0
0;1;1;1;1;0;0;1;1;1;1;1;1;0;1;0;0;1;1;1;1;0;0;0;1;1;1;1;0;1;0;0;1;1;1;1;0;0;1;1;0;1;0;0;0;1;1;1;1;1;1;1;1;0;1;1;1;1;1;1;0;1;1;1;1;1;1;0;1;1;1;1;1;1;1;1;0;0;0;1;0;1;0;1;0;1;0;0;1;1;1;1;0;0;0;1;1;1;1;1;0;1;1;0;1;1;1;1;1;1;0;1;1;1;0;1;0;0;1;0;1;1;0;0;0;0;0;0;1;0;1;1;1;0;1;1;1;1;1;1;1;1;0;1;0;1;0;1;0;1;0,558371443754;0,550981342634;0,949020443401;0,553749288743;0,699401091591;1,14948294525;0;0;0;0
0;1;1;1;1;0;0;1;1;1;1;1;1;0;1;0;0;1;1;1;1;0;0;0;1;1;1;1;0;1;0;0;1;1;1;1;0;0;1;1;0;1;0;0;0;1;1;1;1;1;1;1;1;0;1;1;1;1;1;1;0;1;1;1;1;1;1;0;1;1;1;1;1;1;1;1;0;0;0;1;0;1;0;1;0;1;0;0;1;1;1;1;0;0;0;1;1;1;1;1;0;1;1;0;1;1;1;1;1;1;0;1;1;1;0;1;0;0;1;0;1;1;0;0;0;0;0;0;1;0;1;1;1;0;1;1;1;1;1;1;1;1;0;1;0;1;0;1;0;1;0,558371443754;0,550981342634;0,949020443401;0,553749288743;0,699401091591;1,14948294525;0;0;0;0
0;1;1;1;1;0;0;1;1;1;1;1;1;0;1;0;0;1;1;1;1;0;0;0;1;1;1;1;0;1;0;0;1;1;1;1;0;0;1;1;0;1;0;0;0;1;1;1;1;1;1;1;1;0;1;1;1;1;1;1;0;1;1;1;1;1;1;0;1;1;1;1;1;1;1;1;0;0;0;1;0;1;0;1;0;1;0;0;1;1;1;1;0;0;0;1;1;1;1;1;0;1;1;0;1;1;1;1;1;1;0;1;1;1;0;1;0;0;1;0;1;1;0;0;0;0;0;0;1;0;1;1;1;0;1;1;1;1;1;1;1;1;0;1;0;1;0;1;0;1;0,558371443754;0,550981342634;0,949020443401;0,553749288743;0,699401091591;1,14948294525;0;0;0;0
1;0;0;0;0;1;1;0;0;0;0;0;0;1;0;1;1;0;0;0;0;1;1;1;0;0;0;0;1;0;1;1;0;0;0;0;1;1;0;0;1;0;1;1;1;0;0;0;0;0;0;0;0;1;0;0;0;0;0;0;1;0;0;0;0;0;0;1;0;0;0;0;0;0;0;0;1;1;1;0;1;0;1;0;1;0;1;1;0;0;0;0;1;1;1;0;0;0;0;0;1;0;0;0;0;0;0;0;0;0;1;0;0;0;1;0;1;0;0;1;0;0;1;1;1;1;0;1;0;1;0;0;0;1;0;0;0;0;0;0;0;0;1;0;1;0;1;0;1;0;0,519933072445;0,516663219761;0,91069690523;0,519644719873;0,661714418293;1,14948294525;0;0;0;0
1;0;0;0;0;1;1;0;0;0;0;0;0;1;0;1;1;0;0;0;0;1;1;1;0;0;0;0;1;0;1;1;0;0;0;0;1;1;0;0;1;0;1;1;1;0;0;0;0;0;0;0;0;1;0;0;0;0;0;0;1;0;0;0;0;0;0;1;0;0;0;0;0;0;0;0;1;1;1;0;1;0;1;0;1;0;1;1;0;0;0;0;1;1;1;0;0;0;0;0;1;0;0;0;0;0;0;0;0;0;1;0;0;0;1;0;1;0;0;1;0;0;1;1;1;1;0;1;0;1;0;0;0;1;0;0;0;0;0;0;0;0;1;0;1;0;1;0;1;0;0,519933072445;0,516663219761;0,91069690523;0,519644719873;0,661714418293;1,14948294525;0;0;0;0
1;0;0;0;0;1;1;0;0;0;0;0;0;1;0;1;1;0;0;0;0;1;1;1;0;0;0;0;1;0;1;1;0;0;0;0;1;1;0;0;1;0;1;1;1;0;0;0;0;0;0;0;0;1;0;0;0;0;0;0;1;0;0;0;0;0;0;1;0;0;0;0;0;0;0;0;1;1;1;0;1;0;1;0;1;0;1;1;0;0;0;0;1;1;1;0;0;0;0;0;1;0;0;0;0;0;0;0;0;0;1;0;0;0;1;0;1;0;0;1;0;0;1;1;1;1;0;1;0;1;0;0;0;1;0;0;0;0;0;0;0;0;1;0;1;0;1;0;1;0;0,519933072445;0,516663219761;0,91069690523;0,519644719873;0,661714418293;1,14948294525;0;0;0;0
0;1;1;1;1;0;0;1;1;1;1;1;1;0;1;0;0;1;1;1;1;0;0;0;1;1;1;1;0;1;0;0;1;1;1;1;0;0;1;1;0;1;0;0;0;1;1;1;1;1;1;1;1;0;1;1;1;1;1;1;0;1;1;1;1;1;1;0;1;1;1;1;1;1;1;1;0;0;0;1;0;1;0;1;0;1;0;0;1;1;1;1;0;0;0;1;1;1;1;1;0;1;1;0;1;1;1;1;1;1;0;1;1;1;0;1;0;0;1;0;1;1;0;0;0;0;0;0;1;0;1;1;1;0;1;1;1;1;1;1;1;1;0;1;0;1;0;1;0;1;0,558371443754;0,550981342634;0,949020443401;0,553749288743;0,699401091591;1,14948294525;0;0;0;0
0;1;1;1;1;0;0;1;1;1;1;1;1;0;1;0;0;1;1;1;1;0;0;0;1;1;1;1;0;1;0;0;1;1;1;1;0;0;1;1;0;1;0;0;0;1;1;1;1;1;1;1;1;0;1;1;1;1;1;1;0;1;1;1;1;1;1;0;1;1;1;1;1;1;1;1;0;0;0;1;0;1;0;1;0;1;0;0;1;1;1;1;0;0;0;1;1;1;1;1;0;1;1;0;1;1;1;1;1;1;0;1;1;1;0;1;0;0;1;0;1;1;0;0;0;0;0;0;1;0;1;1;1;0;1;1;1;1;1;1;1;1;0;1;0;1;0;1;0;1;0,558371443754;0,550981342634;0,949020443401;0,553749288743;0,699401091591;1,14948294525;0;0;0;0
0;1;1;1;1;0;0;1;1;1;1;1;1;0;1;0;0;1;1;1;1;0;0;0;1;1;1;1;0;1;0;0;1;1;1;1;0;0;1;1;0;1;0;0;0;1;1;1;1;1;1;1;1;0;1;1;1;1;1;1;0;1;1;1;1;1;1;0;1;1;1;1;1;1;1;1;0;0;0;1;0;1;0;1;0;1;0;0;1;1;1;1;0;0;0;1;1;1;1;1;0;1;1;0;1;1;1;1;1;1;0;1;1;1;0;1;0;0;1;0;1;1;0;0;0;0;0;0;1;0;1;1;1;0;1;1;1;1;1;1;1;1;0;1;0;1;0;1;0;1;0,558371443754;0,550981342634;0,949020443401;0,553749288743;0,699401091591;1,14948294525;0;0;0;0
1;0;0;0;0;1;1;0;0;0;0;0;0;1;0;1;1;0;0;0;0;1;1;1;0;0;0;0;1;0;1;1;0;0;0;0;1;1;0;0;1;0;1;1;1;0;0;0;0;0;0;0;0;1;0;0;0;0;0;0;1;0;0;0;0;0;0;1;0;0;0;0;0;0;0;0;1;1;1;0;1;0;1;0;1;0;1;1;0;0;0;0;1;1;1;0;0;0;0;0;1;0;0;0;0;0;0;0;0;0;1;0;0;0;1;0;1;0;0;1;0;0;1;1;1;1;0;1;0;1;0;0;0;1;0;0;0;0;0;0;0;0;1;0;1;0;1;0;1;0;0,519933072445;0,516663219761;0,91069690523;0,519644719873;0,661714418293;1,14948294525;0;0;0;0
0;1;1;1;1;0;0;1;1;1;1;1;1;0;1;0;0;1;1;1;1;0;0;0;1;1;1;1;0;1;0;0;1;1;1;1;0;0;1;1;0;1;0;0;0;1;1;1;1;1;1;1;1;0;1;1;1;1;1;1;0;1;1;1;1;1;1;0;1;1;1;1;1;1;1;1;0;0;0;1;0;1;0;1;0;1;0;0;1;1;1;1;0;0;0;1;1;1;1;1;0;1;1;0;1;1;1;1;1;1;0;1;1;1;0;1;0;0;1;0;1;1;0;0;0;0;0;0;1;0;1;1;1;0;1;1;1;1;1;1;1;1;0;1;0;1;0;1;0;1;0,558371443754;0,550981342634;0,949020443401;0,553749288743;0,699401091591;1,14948294525;0;0;0;0
0;1;1;1;1;0;0;1;1;1;1;1;1;0;1;0;0;1;1;1;1;0;0;0;1;1;1;1;0;1;0;0;1;1;1;1;0;0;1;1;0;1;0;0;0;1;1;1;1;1;1;1;1;0;1;1;1;1;1;1;0;1;1;1;1;1;1;0;1;1;1;1;1;1;1;1;0;0;0;1;0;1;0;1;0;1;0;0;1;1;1;1;0;0;0;1;1;1;1;1;0;1;1;0;1;1;1;1;1;1;0;1;1;1;0;1;0;0;1;0;1;1;0;0;0;0;0;0;1;0;1;1;1;0;1;1;1;1;1;1;1;1;0;1;0;1;0;1;0;1;0,558371443754;0,550981342634;0,949020443401;0,553749288743;0,699401091591;1,14948294525;0;0;0;0
0;1;1;1;1;0;0;1;1;1;1;1;1;0;1;0;0;1;1;1;1;0;0;0;1;1;1;1;0;1;0;0;1;1;1;1;0;0;1;1;0;1;0;0;0;1;1;1;1;1;1;1;1;0;1;1;1;1;1;1;0;1;1;1;1;1;1;0;1;1;1;1;1;1;1;1;0;0;0;1;0;1;0;1;0;1;0;0;1;1;1;1;0;0;0;1;1;1;1;1;0;1;1;0;1;1;1;1;1;1;0;1;1;1;0;1;0;0;1;0;1;1;0;0;0;0;0;0;1;0;1;1;1;0;1;1;1;1;1;1;1;1;0;1;0;1;0;1;0;1;0,558371443754;0,550981342634;0,949020443401;0,553749288743;0,699401091591;1,14948294525;0;0;0;0
0;1;1;1;1;0;0;1;1;1;1;1;1;0;1;0;0;1;1;1;1;0;0;0;1;1;1;1;0;1;0;0;1;1;1;1;0;0;1;1;0;1;0;0;0;1;1;1;1;1;1;1;1;0;1;1;1;1;1;1;0;1;1;1;1;1;1;0;1;1;1;1;1;1;1;1;0;0;0;1;0;1;0;1;0;1;0;0;1;1;1;1;0;0;0;1;1;1;1;1;0;1;1;0;1;1;1;1;1;1;0;1;1;1;0;1;0;0;1;0;1;1;0;0;0;0;0;0;1;0;1;1;1;0;1;1;1;1;1;1;1;1;0;1;0;1;0;1;0;1;0,558371443754;0,550981342634;0,949020443401;0,553749288743;0,699401091591;1,14948294525;0;0;0;0
