10;40;30;db;Cosine;4;1
0;0;0;0;1;1;1;1;1;0;1;1;1;1;1;0;0;0;1;1;0;1;0;1;1;1;0;1;1;1;0;1;0;0;1;1;0;1;1;1;0;1;0;1;1;0;0;1;1;1;0;0;1;1;1;1;1;1;1;0;0;1;1;1;1;1;1;1;0;0;1;1;1;1;1;1;1;0;0;0;1;1;1;1;0;0;1;1;1;1;1;0;0;0;1;1;1;1;1;0;1;0;1;0;1;0;1;1;0;0;1;1;1;1;1;0;1;1;1;1;1;1;0;0;1;1;1;1;1;0;1;0;1;0;1;1;1;0;1;0;1;0;1;0;1;0;1;1;0;1;0,558371443754;0,550981342634;0,949020443401;0,553749288743;0,699401091591;24,8817597516;0;0;0;0
0;0;0;0;1;1;1;1;1;0;1;1;1;1;1;0;0;0;1;1;0;1;0;1;1;1;0;1;1;1;0;1;0;0;1;1;0;1;1;1;0;1;0;1;1;0;0;1;1;1;0;0;1;1;1;1;1;1;1;0;0;1;1;1;1;1;1;1;0;0;1;1;1;1;1;1;1;0;0;0;1;1;1;1;0;0;1;1;1;1;1;0;0;0;1;1;1;1;1;0;1;0;1;0;1;0;1;1;0;0;1;1;1;1;1;0;1;1;1;1;1;1;0;0;1;1;1;1;1;0;1;0;1;0;1;1;1;0;1;0;1;0;1;0;1;0;1;1;0;1;0,558371443754;0,550981342634;0,949020443401;0,553749288743;0,699401091591;24,8817597516;0;0;0;0
0;0;0;0;1;1;1;1;1;0;1;1;1;1;1;0;0;0;1;1;0;1;0;1;1;1;0;1;1;1;0;1;0;0;1;1;0;1;1;1;0;1;0;1;1;0;0;1;1;1;0;0;1;1;1;1;1;1;1;0;0;1;1;1;1;1;1;1;0;0;1;1;1;1;1;1;1;0;0;0;1;1;1;1;0;0;1;1;1;1;1;0;0;0;1;1;1;1;1;0;1;0;1;0;1;0;1;1;0;0;1;1;1;1;1;0;1;1;1;1;1;1;0;0;1;1;1;1;1;0;1;0;1;0;1;1;1;0;1;0;1;0;1;0;1;0;1;1;0;1;0,558371443754;0,550981342634;0,949020443401;0,553749288743;0,699401091591;24,8817597516;0;0;0;0
0;0;0;0;1;1;1;1;1;0;1;1;1;1;1;0;0;0;1;1;0;1;0;1;1;1;0;1;1;1;0;1;0;0;1;1;0;1;1;1;0;1;0;1;1;0;0;1;1;1;0;0;1;1;1;1;1;1;1;0;0;1;1;1;1;1;1;1;0;0;1;1;1;1;1;1;1;0;0;0;1;1;1;1;0;0;1;1;1;1;1;0;0;0;1;1;1;1;1;0;1;0;1;0;1;0;1;1;0;0;1;1;1;1;1;0;1;1;1;1;1;1;0;0;1;1;1;1;1;0;1;0;1;0;1;1;1;0;1;0;1;0;1;0;1;0;1;1;0;1;0,558371443754;0,550981342634;0,949020443401;0,553749288743;0,699401091591;24,8817597516;0;0;0;0
0;0;0;0;1;1;1;1;1;0;1;1;1;1;1;0;0;0;1;1;0;1;0;1;1;1;0;1;1;1;0;1;0;0;1;1;0;1;1;1;0;1;0;1;1;0;0;1;1;1;0;0;1;1;1;1;1;1;1;0;0;1;1;1;1;1;1;1;0;0;1;1;1;1;1;1;1;0;0;0;1;1;1;1;0;0;1;1;1;1;1;0;0;0;1;1;1;1;1;0;1;0;1;0;1;0;1;1;0;0;1;1;1;1;1;0;1;1;1;1;1;1;0;0;1;1;1;1;1;0;1;0;1;0;1;1;1;0;1;0;1;0;1;0;1;0;1;1;0;1;0,558371443754;0,550981342634;0,949020443401;0,553749288743;0,699401091591;24,8817597516;0;0;0;0
0;0;0;0;1;1;1;1;1;0;1;1;1;1;1;0;0;0;1;1;0;1;0;1;1;1;0;1;1;1;0;1;0;0;1;1;0;1;1;1;0;1;0;1;1;0;0;1;1;1;0;0;1;1;1;1;1;1;1;0;0;1;1;1;1;1;1;1;0;0;1;1;1;1;1;1;1;0;0;0;1;1;1;1;0;0;1;1;1;1;1;0;0;0;1;1;1;1;1;0;1;0;1;0;1;0;1;1;0;0;1;1;1;1;1;0;1;1;1;1;1;1;0;0;1;1;1;1;1;0;1;0;1;0;1;1;1;0;1;0;1;0;1;0;1;0;1;1;0;1;0,558371443754;0,550981342634;0,949020443401;0,553749288743;0,699401091591;24,8817597516;0;0;0;0
0;0;0;0;1;1;1;1;1;0;1;1;1;1;1;0;0;0;1;1;0;1;0;1;1;1;0;1;1;1;0;1;0;0;1;1;0;1;1;1;0;1;0;1;1;0;0;1;1;1;0;0;1;1;1;2;1;1;2;0;0;1;1;1;1;1;1;1;0;0;1;1;1;1;1;1;1;0;0;0;1;1;1;1;0;0;1;1;1;1;1;0;0;0;1;1;1;1;1;0;1;0;1;0;1;0;1;1;0;0;1;1;1;1;1;0;1;1;1;1;1;1;0;0;1;1;1;1;1;0;1;0;1;0;1;1;1;0;1;0;1;0;1;0;1;0;1;1;0;1;0,553231534383;0,54744391215;0,861378081233;0,553749920689;0,67412706627;25,8724054738;0;0;0;0
0;0;0;0;1;1;1;1;1;0;1;1;1;1;1;0;0;0;1;1;0;1;0;1;1;1;0;1;1;1;0;1;0;0;1;1;0;1;1;1;0;1;0;1;1;0;0;1;1;1;0;0;1;1;1;2;1;1;2;0;0;1;1;1;1;1;1;1;0;0;1;1;1;1;1;1;1;0;0;0;1;1;1;1;0;0;1;1;1;1;1;0;0;0;1;1;1;1;1;0;1;0;1;0;1;0;1;1;0;0;1;1;1;1;1;0;1;1;1;1;1;1;0;0;1;1;1;1;1;0;1;0;1;0;1;1;1;0;1;0;1;0;1;0;1;0;1;1;0;1;0,553231534383;0,54744391215;0,861378081233;0,553749920689;0,67412706627;25,8724054738;0;0;0;0
0;0;0;0;1;1;1;1;1;0;1;1;1;1;1;0;0;0;1;1;0;1;0;1;1;1;0;1;1;1;0;1;0;0;1;1;0;1;1;1;0;1;0;1;1;0;0;1;1;1;0;0;1;1;1;2;1;1;2;0;0;1;1;1;1;1;1;1;0;0;1;1;1;1;1;1;1;0;0;0;1;1;1;1;0;0;1;1;1;1;1;0;0;0;1;1;1;1;1;0;1;0;1;0;1;0;1;1;0;0;1;1;1;1;1;0;1;1;1;1;1;1;0;0;1;1;1;1;1;0;1;0;1;0;1;1;1;0;1;0;1;0;1;0;1;0;1;1;0;1;0,553231534383;0,54744391215;0,861378081233;0,553749920689;0,67412706627;25,8724054738;0;0;0;0
0;0;0;0;1;1;1;1;1;0;1;1;1;1;1;0;0;0;1;1;0;1;0;1;1;1;0;1;1;1;0;1;0;0;1;1;0;1;1;1;0;1;0;1;1;0;0;1;1;1;0;0;1;1;1;2;1;1;2;0;0;1;1;1;1;1;1;1;0;0;1;1;1;1;1;1;1;0;0;0;1;1;1;1;0;0;1;1;1;1;1;0;0;0;1;1;1;1;1;0;1;0;1;0;1;0;1;1;0;0;1;1;1;1;1;0;1;1;1;1;1;1;0;0;1;1;1;1;1;0;1;0;1;0;1;1;1;0;1;0;1;0;1;0;1;0;1;1;0;1;0,553231534383;0,54744391215;0,861378081233;0,553749920689;0,67412706627;25,8724054738;0;0;0;0
0;0;0;0;1;1;1;1;1;0;1;1;1;1;1;0;0;0;1;1;0;1;0;1;1;1;0;1;1;1;0;1;0;0;1;1;0;1;1;1;0;1;0;1;1;0;0;1;1;1;0;0;1;1;1;2;1;1;2;0;0;1;1;1;1;1;1;1;0;0;1;1;1;1;1;1;1;0;0;0;1;1;1;1;0;0;1;1;1;1;1;0;0;0;1;1;1;1;1;0;1;0;1;0;1;0;1;1;0;0;1;1;1;1;1;0;1;1;1;1;1;1;0;0;1;1;1;1;1;0;1;0;1;0;1;1;1;0;1;0;1;0;1;0;1;0;1;1;0;1;0,553231534383;0,54744391215;0,861378081233;0,553749920689;0,67412706627;25,8724054738;0;0;0;0
0;0;0;0;1;1;1;1;1;0;1;1;1;1;1;0;0;0;1;1;0;1;0;1;1;1;0;1;1;1;0;1;0;0;1;1;0;1;1;1;0;1;0;1;1;0;0;1;1;1;0;0;1;1;1;2;1;1;2;0;0;1;1;1;1;1;1;1;0;0;1;1;1;1;1;1;1;0;0;0;1;1;1;1;0;0;1;1;1;1;1;0;0;0;1;1;1;1;1;0;1;0;1;0;1;0;1;1;0;0;1;1;1;1;1;0;1;1;1;1;1;1;0;0;1;1;1;1;1;0;1;0;1;0;1;1;1;0;1;0;1;0;1;0;1;0;1;1;0;1;0,553231534383;0,54744391215;0,861378081233;0,553749920689;0,67412706627;25,8724054738;0;0;0;0
0;0;0;0;1;1;1;1;1;0;1;1;1;1;1;0;0;0;1;1;0;1;0;1;1;1;0;1;1;1;0;1;0;0;1;1;0;1;1;1;0;1;0;1;1;0;0;1;1;1;0;0;1;1;1;2;1;1;2;0;0;1;1;1;1;1;1;1;0;0;1;1;1;1;1;1;1;0;0;0;1;1;1;1;0;0;1;1;1;1;1;0;0;0;1;1;1;1;1;0;1;0;1;0;1;0;1;1;0;0;1;1;1;1;1;0;1;1;1;1;1;1;0;0;1;1;1;1;1;0;1;0;1;0;1;1;1;0;1;0;1;0;1;0;1;0;1;1;0;1;0,553231534383;0,54744391215;0,861378081233;0,553749920689;0,67412706627;25,8724054738;0;0;0;0
1;1;1;1;0;0;0;0;0;1;0;0;0;0;2;1;1;1;0;0;1;0;1;0;0;0;1;0;0;0;1;0;1;1;0;0;1;0;0;0;1;0;1;0;0;0;1;2;0;0;1;0;0;0;2;0;0;2;0;1;1;0;0;0;0;0;0;0;0;1;0;0;0;0;0;0;2;1;1;1;0;0;0;0;1;1;0;0;0;0;0;1;1;1;0;0;0;0;0;1;2;1;0;1;0;1;0;0;1;1;0;0;0;0;0;1;0;0;0;0;0;0;1;1;0;0;0;0;0;1;0;1;0;1;0;0;0;1;0;1;0;1;2;1;0;1;0;0;1;0;0,503088540561;0,514573784542;0,718214621315;0,520984024609;0,603903732749;26,3831458608;0;0;0;0
1;1;1;1;0;0;0;0;0;1;0;0;0;0;2;1;1;1;0;0;1;0;1;0;0;0;1;0;0;0;1;0;1;1;0;0;1;0;0;0;1;0;1;0;0;0;1;2;0;0;1;0;0;0;2;0;0;2;0;1;1;0;0;0;0;0;0;0;0;1;0;0;0;0;0;0;2;1;1;1;0;0;0;0;1;1;0;0;0;0;0;1;1;1;0;0;0;0;0;1;2;1;0;1;0;1;0;0;1;1;0;0;0;0;0;1;0;0;0;0;0;0;1;1;0;0;0;0;0;1;0;1;0;1;0;0;0;1;0;1;0;1;2;1;0;1;0;0;1;0;0,503088540561;0,514573784542;0,718214621315;0,520984024609;0,603903732749;26,3831458608;0;0;0;0
1;1;1;1;0;0;0;0;0;1;0;0;0;0;2;1;1;1;0;0;1;0;1;0;0;0;1;0;0;0;1;0;1;1;0;0;1;0;0;0;1;0;1;0;0;0;1;2;0;0;1;0;0;0;2;0;0;2;0;1;1;0;0;0;0;0;0;0;0;1;0;0;0;0;0;0;2;1;1;1;0;0;0;0;1;1;0;0;0;0;0;1;1;1;0;0;0;0;0;1;2;1;0;1;0;1;0;0;1;1;0;0;0;0;0;1;0;0;0;0;0;0;1;1;0;0;0;0;0;1;0;1;0;1;0;0;0;1;0;1;0;1;2;1;0;1;0;0;1;0;0,503088540561;0,514573784542;0,718214621315;0,520984024609;0,603903732749;26,3831458608;0;0;0;0
1;1;1;1;0;0;0;0;0;1;0;0;0;0;2;1;1;1;0;0;1;0;1;0;0;0;1;0;0;0;1;0;1;1;0;0;1;0;0;0;1;0;1;0;0;0;1;2;0;0;1;0;0;0;2;0;0;2;0;1;1;0;0;0;0;0;0;0;0;1;0;0;0;0;0;0;2;1;1;1;0;0;0;0;1;1;0;0;0;0;0;1;1;1;0;0;0;0;0;1;2;1;0;1;0;1;0;0;1;1;0;0;0;0;0;1;0;0;0;0;0;0;1;1;0;0;0;0;0;1;0;1;0;1;0;0;0;1;0;1;0;1;2;1;0;1;0;0;1;0;0,503088540561;0,514573784542;0,718214621315;0,520984024609;0,603903732749;26,3831458608;0;0;0;0
1;1;1;1;0;0;0;0;0;1;0;0;0;0;2;1;1;1;0;0;1;0;1;0;0;0;1;0;0;0;1;0;1;1;0;0;1;0;0;0;1;0;1;0;0;0;1;2;0;0;1;0;0;0;2;0;0;2;0;1;1;0;0;0;0;0;0;0;0;1;0;0;0;0;0;0;2;1;1;1;0;0;0;0;1;1;0;0;0;0;0;1;1;1;0;0;0;0;0;1;2;1;0;1;0;1;0;0;1;1;0;0;0;0;0;1;0;0;0;0;0;0;1;1;0;0;0;0;0;1;0;1;0;1;0;0;0;1;0;1;0;1;2;1;0;1;0;0;1;0;0,503088540561;0,514573784542;0,718214621315;0,520984024609;0,603903732749;26,3831458608;0;0;0;0
1;1;1;1;0;0;0;0;0;1;0;0;0;0;2;1;1;1;0;0;1;0;1;0;0;0;1;0;0;0;1;0;1;1;0;0;1;0;0;0;1;0;1;0;0;0;1;2;0;0;1;0;0;0;2;0;0;2;0;1;1;0;0;0;0;0;0;0;0;1;0;0;0;0;0;0;2;1;1;1;0;0;0;0;1;1;0;0;0;0;0;1;1;1;0;0;0;0;0;1;2;1;0;1;0;1;0;0;1;1;0;0;0;0;0;1;0;0;0;0;0;0;1;1;0;0;0;0;0;1;0;1;0;1;0;0;0;1;0;1;0;1;2;1;0;1;0;0;1;0;0,503088540561;0,514573784542;0,718214621315;0,520984024609;0,603903732749;26,3831458608;0;0;0;0
1;1;1;1;0;0;0;0;0;1;0;0;0;0;2;1;1;1;0;0;1;0;1;0;0;0;1;0;0;0;1;0;1;1;0;0;1;0;0;0;1;0;1;0;0;0;1;2;0;0;1;0;0;0;2;0;0;2;0;1;1;0;0;0;0;0;0;0;0;1;0;0;0;0;0;0;2;1;1;1;0;0;0;0;1;1;0;0;0;0;0;1;1;1;0;0;0;0;0;1;2;1;0;1;0;1;0;0;1;1;0;0;0;0;0;1;0;0;0;0;0;0;1;1;0;0;0;0;0;1;0;1;0;1;0;0;0;1;0;1;0;1;2;1;0;1;0;0;1;0;0,503088540561;0,514573784542;0,718214621315;0,520984024609;0,603903732749;26,3831458608;0;0;0;0
1;1;1;1;0;0;0;0;0;1;0;0;0;0;2;1;1;1;0;0;1;0;1;0;0;0;1;0;0;0;1;0;1;1;0;0;1;0;0;0;1;0;1;0;0;0;1;2;0;0;1;0;0;0;2;0;0;2;0;1;1;0;0;0;0;0;0;0;0;1;0;0;0;0;0;0;2;1;1;1;0;0;0;0;1;1;0;0;0;0;0;1;1;1;0;0;0;0;0;1;2;1;0;1;0;1;0;0;1;1;0;0;0;0;0;1;0;0;0;0;0;0;1;1;0;0;0;0;0;1;0;1;0;1;0;0;0;1;0;1;0;1;2;1;0;1;0;0;1;0;0,503088540561;0,514573784542;0,718214621315;0,520984024609;0,603903732749;26,3831458608;0;0;0;0
1;1;1;1;0;0;0;0;0;1;0;0;0;0;2;1;1;1;0;0;1;0;1;0;0;0;1;0;0;0;1;0;1;1;0;0;1;0;0;0;1;0;1;0;0;0;1;2;0;0;1;0;0;0;2;0;0;2;0;1;1;0;0;0;0;0;0;0;0;1;0;0;0;0;0;0;2;1;1;1;0;0;0;0;1;1;0;0;0;0;0;1;1;1;0;0;0;0;0;1;2;1;0;1;0;1;0;0;1;1;0;0;0;0;0;1;0;0;0;0;0;0;1;1;0;0;0;0;0;1;0;1;0;1;0;0;0;1;0;1;0;1;2;1;0;1;0;0;1;0;0,503088540561;0,514573784542;0,718214621315;0,520984024609;0,603903732749;26,3831458608;0;0;0;0
1;1;1;1;0;0;0;0;0;1;0;0;0;0;2;1;1;1;0;0;1;0;1;0;0;0;1;0;0;0;1;0;1;1;0;0;1;0;0;0;1;0;1;0;0;0;1;2;0;0;1;0;0;0;2;0;0;2;0;1;1;0;0;0;0;0;0;0;0;1;0;0;0;0;0;0;2;1;1;1;0;0;0;0;1;1;0;0;0;0;0;1;1;1;0;0;0;0;0;1;2;1;0;1;0;1;0;0;1;1;0;0;0;0;0;1;0;0;0;0;0;0;1;1;0;0;0;0;0;1;0;1;0;1;0;0;0;1;0;1;0;1;2;1;0;1;0;0;1;0;0,503088540561;0,514573784542;0,718214621315;0,520984024609;0,603903732749;26,3831458608;0;0;0;0
1;1;1;1;0;0;0;0;0;1;0;0;0;0;2;1;1;1;0;0;1;0;1;0;0;0;1;0;0;0;1;0;1;1;0;0;1;0;0;0;1;0;1;0;0;0;1;2;0;0;1;0;0;0;2;0;0;2;0;1;1;0;0;0;0;0;0;0;0;1;0;0;0;0;0;0;2;1;1;1;0;0;0;0;1;1;0;0;0;0;0;1;1;1;0;0;0;0;0;1;2;1;0;1;0;1;0;0;1;1;0;0;0;0;0;1;0;0;0;0;0;0;1;1;0;0;0;0;0;1;0;1;0;1;0;0;0;1;0;1;0;1;2;1;0;1;0;0;1;0;0,503088540561;0,514573784542;0,718214621315;0,520984024609;0,603903732749;26,3831458608;0;0;0;0
1;1;1;1;0;0;0;0;0;1;0;0;0;0;2;1;1;1;0;0;1;0;1;0;0;0;1;0;0;0;1;0;1;1;0;0;1;0;0;0;1;0;1;0;0;0;1;2;0;0;1;0;0;0;2;0;0;2;0;1;1;0;0;0;0;0;0;0;0;1;0;0;0;0;0;0;2;1;1;1;0;0;0;0;1;1;0;0;0;0;0;1;1;1;0;0;0;0;0;1;2;1;0;1;0;1;0;0;1;1;0;0;0;0;0;1;0;0;0;0;0;0;1;1;0;0;0;0;0;1;0;1;0;1;0;0;0;1;0;1;0;1;2;1;0;1;0;0;1;0;0,503088540561;0,514573784542;0,718214621315;0,520984024609;0,603903732749;26,3831458608;0;0;0;0
1;1;1;1;0;0;0;0;0;1;0;0;0;0;2;1;1;1;0;0;1;0;1;0;0;0;1;0;0;0;1;0;1;1;0;0;1;0;0;0;1;0;1;0;0;0;1;2;0;0;1;0;0;0;2;0;0;2;0;1;1;0;0;0;0;0;0;0;0;1;0;0;0;0;0;0;2;1;1;1;0;0;0;0;1;1;0;0;0;0;0;1;1;1;0;0;0;0;0;1;2;1;0;1;0;1;0;0;1;1;0;0;0;0;0;1;0;0;0;0;0;0;1;1;0;0;0;0;0;1;0;1;0;1;0;0;0;1;0;1;0;1;2;1;0;1;0;0;1;0;0,503088540561;0,514573784542;0,718214621315;0,520984024609;0,603903732749;26,3831458608;0;0;0;0
1;1;1;1;0;0;0;0;0;1;0;0;0;0;2;1;1;1;0;0;1;0;1;0;0;0;1;0;0;0;1;0;1;1;0;0;1;0;0;0;1;0;1;0;0;0;1;2;0;0;1;0;0;0;2;0;0;2;0;1;1;0;0;0;0;0;0;0;0;1;0;0;0;0;0;0;2;1;1;1;0;0;0;0;1;1;0;0;0;0;0;1;1;1;0;0;0;0;0;1;2;1;0;1;0;1;0;0;1;1;0;0;0;0;0;1;0;0;0;0;0;0;1;1;0;0;0;0;0;1;0;1;0;1;0;0;0;1;0;1;0;1;2;1;0;1;0;0;1;0;0,503088540561;0,514573784542;0,718214621315;0,520984024609;0,603903732749;26,3831458608;0;0;0;0
1;1;1;1;0;0;0;0;0;1;0;0;0;0;2;1;1;1;0;0;1;0;1;0;0;0;1;0;0;0;1;0;1;1;0;0;1;0;0;0;1;0;1;0;0;0;1;2;0;0;1;0;0;0;2;0;0;2;0;1;1;0;0;0;0;0;0;0;0;1;0;0;0;0;0;0;2;1;1;1;0;0;0;0;1;1;0;0;0;0;0;1;1;1;0;0;0;0;0;1;2;1;0;1;0;1;0;0;1;1;0;0;0;0;0;1;0;0;0;0;0;0;1;1;0;0;0;0;0;1;0;1;0;1;0;0;0;1;0;1;0;1;2;1;0;1;0;0;1;0;0,503088540561;0,514573784542;0,718214621315;0,520984024609;0,603903732749;26,3831458608;0;0;0;0
1;1;1;1;0;0;0;0;0;1;0;0;0;0;2;1;1;1;0;0;1;0;1;0;0;0;1;0;0;0;1;0;1;1;0;0;1;0;0;0;1;0;1;0;0;0;1;2;0;0;1;0;0;0;2;0;0;2;0;1;1;0;0;0;0;0;0;0;0;1;0;0;0;0;0;0;2;1;1;1;0;0;0;0;1;1;0;0;0;0;0;1;1;1;0;0;0;0;0;1;2;1;0;1;0;1;0;0;1;1;0;0;0;0;0;1;0;0;0;0;0;0;1;1;0;0;0;0;0;1;0;1;0;1;0;0;0;1;0;1;0;1;2;1;0;1;0;0;1;0;0,503088540561;0,514573784542;0,718214621315;0,520984024609;0,603903732749;26,3831458608;0;0;0;0
1;1;1;1;0;0;0;0;0;1;0;0;0;0;2;1;1;1;0;0;1;0;1;0;0;0;1;0;0;0;1;0;1;1;0;0;1;0;0;0;1;0;1;0;0;0;1;2;0;0;1;0;0;0;2;0;0;2;0;1;1;0;0;0;0;0;0;0;0;1;0;0;0;0;0;0;2;1;1;1;0;0;0;0;1;1;0;0;0;0;0;1;1;1;0;0;0;0;0;1;2;1;0;1;0;1;0;0;1;1;0;0;0;0;0;1;0;0;0;0;0;0;1;1;0;0;0;0;0;1;0;1;0;1;0;0;0;1;0;1;0;1;2;1;0;1;0;0;1;0;0,503088540561;0,514573784542;0,718214621315;0,520984024609;0,603903732749;26,3831458608;0;0;0;0
