10;40;30;db;Cosine;2;4
1;1;1;0;0;0;0;0;0;0;0;0;1;0;0;0;0;1;1;1;0;0;0;1;0;0;1;0;1;0;1;1;0;0;0;1;0;1;0;0;1;0;0;0;0;0;0;1;1;1;0;1;0;0;0;0;0;1;0;1;1;0;0;1;0;0;0;1;0;0;0;1;0;0;1;0;1;0;0;0;0;0;0;0;0;0;1;0;0;0;0;0;0;0;1;1;0;0;0;0;0;0;0;0;0;1;1;0;0;0;0;1;1;0;1;0;0;1;1;0;0;1;1;0;0;0;0;0;1;0;0;0;0;0;0;0;1;1;1;0;1;0;0;1;1;1;1;0;0;0;0,519933072445;0,516663219761;0,91069690523;0,519644719873;0,661714418293;19,0350078051;0;0;0;0
1;1;1;0;0;0;0;0;0;0;0;0;0;0;0;0;0;1;1;1;0;0;0;1;0;0;1;0;1;0;1;1;0;0;0;1;0;1;0;0;1;0;0;0;0;0;0;1;1;1;0;1;0;0;0;0;0;1;0;1;1;0;0;1;0;0;0;1;0;0;0;1;0;0;1;0;1;0;0;0;0;0;0;0;0;0;1;0;0;0;0;0;0;0;1;1;0;0;0;0;0;0;0;0;0;1;1;0;0;0;0;1;1;0;1;0;0;1;1;0;0;1;1;0;0;0;0;0;1;0;0;0;0;0;0;0;1;1;1;0;1;0;0;1;1;1;1;0;0;0;0,496663829572;0,493946446581;0,878316304317;0,497068867493;0,634852984656;19,7413106144;0;0;0;0
1;1;1;0;0;0;0;0;0;0;0;0;0;0;0;0;0;1;1;1;0;0;0;1;0;0;1;0;1;0;1;1;0;0;0;1;0;1;0;0;1;0;0;0;0;0;0;1;1;1;0;1;0;0;0;0;0;1;0;1;1;0;0;1;0;0;0;1;0;0;0;1;0;0;1;0;1;0;0;0;0;0;0;0;0;0;1;0;0;0;0;0;0;0;1;1;0;0;0;0;0;0;0;0;0;1;1;0;0;0;0;1;1;0;1;0;0;1;1;0;0;1;1;0;0;0;0;0;1;0;0;0;0;0;0;0;1;1;1;0;1;0;0;1;1;1;1;0;0;0;0,496663829572;0,493946446581;0,878316304317;0,497068867493;0,634852984656;19,7413106144;0;0;0;0
1;1;1;0;0;0;0;0;0;0;0;0;0;0;0;0;0;1;1;1;0;0;0;1;0;0;1;0;1;0;1;1;0;0;0;1;0;1;0;0;1;0;0;0;0;0;0;1;1;1;0;1;0;0;0;0;0;1;0;1;1;0;0;1;0;0;0;1;0;0;0;1;0;0;1;0;1;0;0;0;0;0;0;0;0;0;1;0;0;0;0;0;0;0;1;1;0;0;0;0;0;0;0;0;0;1;1;0;0;0;0;1;1;0;1;0;0;1;1;0;0;1;1;0;0;0;0;0;1;0;0;0;0;0;0;0;1;1;1;0;1;0;0;1;1;1;1;0;0;0;0,496663829572;0,493946446581;0,878316304317;0,497068867493;0,634852984656;19,7413106144;0;0;0;0
0;0;0;1;1;1;1;1;1;1;1;1;1;1;1;1;1;0;0;0;1;1;1;0;1;1;0;1;0;1;0;0;1;1;1;0;1;0;1;1;0;1;1;1;1;1;1;0;0;0;1;0;1;1;1;1;1;0;1;0;0;1;1;0;1;1;1;0;1;1;1;0;1;1;0;1;0;1;1;1;1;1;1;1;1;1;0;0;1;1;1;1;0;1;0;0;1;1;1;1;1;1;1;1;1;0;0;1;0;1;1;0;0;1;0;1;1;0;0;1;1;0;0;1;1;1;1;1;0;1;1;1;1;1;1;1;0;0;0;1;0;1;1;0;0;0;0;1;1;1;0,534256231884;0,516908856218;0,897316647282;0,519887466518;0,658343669592;19,7413106144;0;0;0;0
0;0;0;1;1;1;1;1;1;1;1;1;1;1;1;1;1;0;0;0;1;1;1;0;1;1;0;1;0;1;0;0;1;1;1;0;1;0;1;1;0;1;1;1;1;1;1;0;0;0;1;0;1;1;1;1;1;0;1;0;0;1;1;0;1;1;1;0;1;1;1;0;1;1;0;1;0;1;1;1;1;1;1;1;1;1;0;0;1;1;1;1;0;1;0;0;1;1;1;1;1;1;1;1;1;0;0;1;0;1;1;0;0;1;0;1;1;0;0;1;1;0;0;1;1;1;1;1;0;1;1;1;1;1;1;1;0;0;0;1;0;1;1;0;0;0;0;1;1;1;0,534256231884;0,516908856218;0,897316647282;0,519887466518;0,658343669592;19,7413106144;0;0;0;0
0;0;0;1;1;1;1;1;1;1;1;1;1;1;1;1;1;0;0;0;1;1;1;0;1;1;0;1;0;1;0;0;1;1;1;0;1;0;1;1;0;1;1;1;1;1;1;0;0;0;1;0;1;1;1;1;1;0;1;0;0;1;1;0;1;1;1;0;1;1;1;0;1;1;0;1;0;1;1;1;1;1;1;1;1;1;0;0;1;1;1;1;0;1;0;0;1;1;1;1;1;1;1;1;1;0;0;1;0;1;1;0;0;1;0;1;1;0;0;1;1;0;0;1;1;1;1;1;0;1;1;1;1;1;1;1;0;0;0;1;0;1;1;0;0;0;0;1;1;1;0,534256231884;0,516908856218;0,897316647282;0,519887466518;0,658343669592;19,7413106144;0;0;0;0
0;0;0;1;1;1;1;1;1;1;1;1;1;1;1;1;1;0;0;0;1;1;1;0;1;1;0;1;0;1;0;0;1;1;1;0;1;0;1;1;0;1;1;1;1;1;1;0;0;0;1;0;1;1;1;1;1;0;1;0;0;1;1;0;1;1;1;0;1;1;1;0;1;1;0;1;0;1;1;1;1;1;1;1;1;1;0;0;1;1;1;1;0;1;0;0;1;1;1;1;1;1;1;1;1;0;0;1;0;1;1;0;0;1;0;1;1;0;0;1;1;0;0;1;1;1;1;1;0;1;1;1;1;1;1;1;0;0;0;1;0;1;1;0;0;0;0;1;1;1;0,534256231884;0,516908856218;0,897316647282;0,519887466518;0,658343669592;19,7413106144;0;0;0;0
0;0;0;1;1;1;1;1;1;1;1;1;1;1;1;1;1;0;0;0;1;1;1;0;1;1;0;1;0;1;0;0;1;1;1;0;1;0;1;1;0;1;1;1;1;1;1;0;0;0;1;0;1;1;1;1;1;0;1;0;0;1;1;0;1;1;1;0;1;1;1;0;1;1;0;1;0;1;1;1;1;1;1;1;1;1;0;0;1;1;1;1;0;1;0;0;1;1;1;1;1;1;1;1;1;0;0;1;0;1;1;0;0;1;0;1;1;0;0;1;1;0;0;1;1;1;1;1;0;1;1;1;1;1;1;1;0;0;0;1;0;1;1;0;0;0;0;1;1;1;0,534256231884;0,516908856218;0,897316647282;0,519887466518;0,658343669592;19,7413106144;0;0;0;0
0;0;0;1;1;1;1;1;1;1;1;1;1;1;1;1;1;0;0;0;1;1;1;0;1;1;0;1;0;1;0;0;1;1;1;0;1;0;1;1;0;1;1;1;1;1;1;0;0;0;1;0;1;1;1;1;1;0;1;0;0;1;1;0;1;1;1;0;1;1;1;0;1;1;0;1;0;1;1;1;1;1;1;1;1;1;0;0;1;1;1;1;0;1;0;0;1;1;1;1;1;1;1;1;1;0;0;1;0;1;1;0;0;1;0;1;1;0;0;1;1;0;0;1;1;1;1;1;0;1;1;1;1;1;1;1;0;0;0;1;0;1;1;0;0;0;0;1;1;1;0,534256231884;0,516908856218;0,897316647282;0,519887466518;0,658343669592;19,7413106144;0;0;0;0
0;0;0;1;1;1;1;1;1;1;1;1;1;1;1;1;1;0;0;0;1;1;1;0;1;1;0;1;0;1;0;0;1;1;1;0;1;0;1;1;0;1;1;1;1;1;1;0;0;0;1;0;1;1;1;1;1;0;1;0;0;1;1;0;1;1;1;0;1;1;1;0;1;1;0;1;0;1;1;1;1;1;1;1;1;1;0;0;1;1;1;1;0;1;0;0;1;1;1;1;1;1;1;1;1;0;0;1;0;1;1;0;0;1;0;1;1;0;0;1;1;0;0;1;1;1;1;1;0;1;1;1;1;1;1;1;0;0;0;1;0;1;1;0;0;0;0;1;1;1;0,534256231884;0,516908856218;0,897316647282;0,519887466518;0,658343669592;19,7413106144;0;0;0;0
0;0;0;1;1;1;1;1;1;1;1;1;1;1;1;1;1;0;0;0;1;1;1;0;1;1;0;1;0;1;0;0;1;1;1;0;1;0;1;1;0;1;1;1;1;1;1;0;0;0;1;0;1;1;1;1;1;0;1;0;0;1;1;0;1;1;1;0;1;1;1;0;1;1;0;1;0;1;1;1;1;1;1;1;1;1;0;0;1;1;1;1;0;1;0;0;1;1;1;1;1;1;1;1;1;0;0;1;0;1;1;0;0;1;0;1;1;0;0;1;1;0;0;1;1;1;1;1;0;1;1;1;1;1;1;1;0;0;0;1;0;1;1;0;0;0;0;1;1;1;0,534256231884;0,516908856218;0,897316647282;0,519887466518;0,658343669592;19,7413106144;0;0;0;0
0;0;0;1;1;1;1;1;1;1;1;1;1;1;1;1;1;0;0;0;1;1;1;0;1;1;0;1;0;1;0;0;1;1;1;0;1;0;1;1;0;1;1;1;1;1;1;0;0;0;1;0;1;1;1;1;1;0;1;0;0;1;1;0;1;1;1;0;1;1;1;0;1;1;0;1;0;1;1;1;1;1;1;1;1;1;0;0;1;1;1;1;0;1;0;0;1;1;1;1;1;1;1;1;1;0;0;1;0;1;1;0;0;1;0;1;1;0;0;1;1;0;0;1;1;1;1;1;0;1;1;1;1;1;1;1;0;0;0;1;0;1;1;0;0;0;0;1;1;1;0,534256231884;0,516908856218;0,897316647282;0,519887466518;0,658343669592;19,7413106144;0;0;0;0
0;0;0;1;1;1;1;1;1;1;1;1;1;1;1;1;1;0;0;0;1;1;1;0;1;1;0;1;0;1;0;0;1;1;1;0;1;0;1;1;0;1;1;1;1;1;1;0;0;0;1;0;1;1;1;1;1;0;1;0;0;1;1;0;1;1;1;0;1;1;1;0;1;1;0;1;0;1;1;1;1;1;1;1;1;1;0;0;1;1;1;1;0;1;0;0;1;1;1;1;1;1;1;1;1;0;0;1;0;1;1;0;0;1;0;1;1;0;0;1;1;0;0;1;1;1;1;1;0;1;1;1;1;1;1;1;0;0;0;1;0;1;1;0;0;0;0;1;1;1;0,534256231884;0,516908856218;0,897316647282;0,519887466518;0,658343669592;19,7413106144;0;0;0;0
0;0;0;1;1;1;1;1;1;1;1;1;1;1;1;1;1;0;0;0;1;1;1;0;1;1;0;1;0;1;0;0;1;1;1;0;1;0;1;1;0;1;1;1;1;1;1;0;0;0;1;0;1;1;1;1;1;0;1;0;0;1;1;0;1;1;1;0;1;1;1;0;1;1;0;1;0;1;1;1;1;1;1;1;1;1;0;0;1;1;1;1;0;1;0;0;1;1;1;1;1;1;1;1;1;0;0;1;0;1;1;0;0;1;0;1;1;0;0;1;1;0;0;1;1;1;1;1;0;1;1;1;1;1;1;1;0;0;0;1;0;1;1;0;0;0;0;1;1;1;0,534256231884;0,516908856218;0,897316647282;0,519887466518;0,658343669592;19,7413106144;0;0;0;0
0;0;0;1;1;1;1;1;1;1;1;1;1;1;1;1;1;0;0;0;1;1;1;0;1;1;0;1;0;1;0;0;1;1;1;0;1;0;1;1;0;1;1;1;1;1;1;0;0;0;1;0;1;1;1;1;1;0;1;0;0;1;1;0;1;1;1;0;1;1;1;0;1;1;0;1;0;1;1;1;1;1;1;1;1;1;0;0;1;1;1;1;0;1;0;0;1;1;1;1;1;1;1;1;1;0;0;1;0;1;1;0;0;1;0;1;1;0;0;1;1;0;0;1;1;1;1;1;0;1;1;1;1;1;1;1;0;0;0;1;0;1;1;0;0;0;0;1;1;1;0,534256231884;0,516908856218;0,897316647282;0,519887466518;0,658343669592;19,7413106144;0;0;0;0
0;0;0;1;1;1;1;1;1;1;1;1;1;1;1;1;1;0;0;0;1;1;1;0;1;1;0;1;0;1;0;0;1;1;1;0;1;0;1;1;0;1;1;1;1;1;1;0;0;0;1;0;1;1;1;1;1;0;1;0;0;1;1;0;1;1;1;0;1;1;1;0;1;1;0;1;0;1;1;1;1;1;1;1;1;1;0;0;1;1;1;1;0;1;0;0;1;1;1;1;1;1;1;1;1;0;0;1;0;1;1;0;0;1;0;1;1;0;0;1;1;0;0;1;1;1;1;1;0;1;1;1;1;1;1;1;0;0;0;1;0;1;1;0;0;0;0;1;1;1;0,534256231884;0,516908856218;0,897316647282;0,519887466518;0,658343669592;19,7413106144;0;0;0;0
0;0;0;1;1;1;1;1;1;1;1;1;1;1;1;1;1;0;0;0;1;1;1;0;1;1;0;1;0;1;0;0;1;1;1;0;1;0;1;1;0;1;1;1;1;1;1;0;0;0;1;0;1;1;1;1;1;0;1;0;0;1;1;0;1;1;1;0;1;1;1;0;1;1;0;1;0;1;1;1;1;1;1;1;1;1;0;0;1;1;1;1;0;1;0;0;1;1;1;1;1;1;1;1;1;0;0;1;0;1;1;0;0;1;0;1;1;0;0;1;1;0;0;1;1;1;1;1;0;1;1;1;1;1;1;1;0;0;0;1;0;1;1;0;0;0;0;1;1;1;0,534256231884;0,516908856218;0,897316647282;0,519887466518;0,658343669592;19,7413106144;0;0;0;0
0;0;0;1;1;1;1;1;1;1;1;1;1;1;1;1;1;0;0;0;1;1;1;0;1;1;0;1;0;1;0;0;1;1;1;0;1;0;1;1;0;1;1;1;1;1;1;0;0;0;1;0;1;1;1;1;1;0;1;0;0;1;1;0;1;1;1;0;1;1;1;0;1;1;0;1;0;1;1;1;1;1;1;1;1;1;0;0;1;1;1;1;0;1;0;0;1;1;1;1;1;1;1;1;1;0;0;1;0;1;1;0;0;1;0;1;1;0;0;1;1;0;0;1;1;1;1;1;0;1;1;1;1;1;1;1;0;0;0;1;0;1;1;0;0;0;0;1;1;1;0,534256231884;0,516908856218;0,897316647282;0,519887466518;0,658343669592;19,7413106144;0;0;0;0
0;0;0;1;1;1;1;1;1;1;1;1;1;1;1;1;1;0;0;0;1;1;1;0;1;1;0;1;0;1;0;0;1;1;1;0;1;0;1;1;0;1;1;1;1;1;1;0;0;0;1;0;1;1;1;1;1;0;1;0;0;1;1;0;1;1;1;0;1;1;1;0;1;1;0;1;0;1;1;1;1;1;1;1;1;1;0;0;1;1;1;1;0;1;0;0;1;1;1;1;1;1;1;1;1;0;0;1;0;1;1;0;0;1;0;1;1;0;0;1;1;0;0;1;1;1;1;1;0;1;1;1;1;1;1;1;0;0;0;1;0;1;1;0;0;0;0;1;1;1;0,534256231884;0,516908856218;0,897316647282;0,519887466518;0,658343669592;19,7413106144;0;0;0;0
0;0;0;1;1;1;1;1;1;1;1;1;1;1;1;1;1;0;0;0;1;1;1;0;1;1;0;1;0;1;0;0;1;1;1;0;1;0;1;1;0;1;1;1;1;1;1;0;0;0;1;0;1;1;1;1;1;0;1;0;0;1;1;0;1;1;1;0;1;1;1;0;1;1;0;1;0;1;1;1;1;1;1;1;1;1;0;0;1;1;1;1;0;1;0;0;1;1;1;1;1;1;1;1;1;0;0;1;0;1;1;0;0;1;0;1;1;0;0;1;1;0;0;1;1;1;1;1;0;1;1;1;1;1;1;1;0;0;0;1;0;1;1;0;0;0;0;1;1;1;0,534256231884;0,516908856218;0,897316647282;0,519887466518;0,658343669592;19,7413106144;0;0;0;0
0;0;0;1;1;1;1;1;1;1;1;1;1;1;1;1;1;0;0;0;1;1;1;0;1;1;0;1;0;1;0;0;1;1;1;0;1;0;1;1;0;1;1;1;1;1;1;0;0;0;1;0;1;1;1;1;1;0;1;0;0;1;1;0;1;1;1;0;1;1;1;0;1;1;0;1;0;1;1;1;1;1;1;1;1;1;0;0;1;1;1;1;0;1;0;0;1;1;1;1;1;1;1;1;1;0;0;1;0;1;1;0;0;1;0;1;1;0;0;1;1;0;0;1;1;1;1;1;0;1;1;1;1;1;1;1;0;0;0;1;0;1;1;0;0;0;0;1;1;1;0,534256231884;0,516908856218;0,897316647282;0,519887466518;0,658343669592;19,7413106144;0;0;0;0
0;0;0;1;1;1;1;1;1;1;1;1;1;1;1;1;1;0;0;0;1;1;1;0;1;1;0;1;0;1;0;0;1;1;1;0;1;0;1;1;0;1;1;1;1;1;1;0;0;0;1;0;1;1;1;1;1;0;1;0;0;1;1;0;1;1;1;0;1;1;1;0;1;1;0;1;0;1;1;1;1;1;1;1;1;1;0;0;1;1;1;1;0;1;0;0;1;1;1;1;1;1;1;1;1;0;0;1;0;1;1;0;0;1;0;1;1;0;0;1;1;0;0;1;1;1;1;1;0;1;1;1;1;1;1;1;0;0;0;1;0;1;1;0;0;0;0;1;1;1;0,534256231884;0,516908856218;0,897316647282;0,519887466518;0,658343669592;19,7413106144;0;0;0;0
0;0;0;1;1;1;1;1;1;1;1;1;1;1;1;1;1;0;0;0;1;1;1;0;1;1;0;1;0;1;0;0;1;1;1;0;1;0;1;1;0;1;1;1;1;1;1;0;0;0;1;0;1;1;1;1;1;0;1;0;0;1;1;0;1;1;1;0;1;1;1;0;1;1;0;1;0;1;1;1;1;1;1;1;1;1;0;0;1;1;1;1;0;1;0;0;1;1;1;1;1;1;1;1;1;0;0;1;0;1;1;0;0;1;0;1;1;0;0;1;1;0;0;1;1;1;1;1;0;1;1;1;1;1;1;1;0;0;0;1;0;1;1;0;0;0;0;1;1;1;0,534256231884;0,516908856218;0,897316647282;0,519887466518;0,658343669592;19,7413106144;0;0;0;0
0;0;0;1;1;1;1;1;1;1;1;1;1;1;1;1;1;0;0;0;1;1;1;0;1;1;0;1;0;1;0;0;1;1;1;0;1;0;1;1;0;1;1;1;1;1;1;0;0;0;1;0;1;1;1;1;1;0;1;0;0;1;1;0;1;1;1;0;1;1;1;0;1;1;0;1;0;1;1;1;1;1;1;1;1;1;0;0;1;1;1;1;0;1;0;0;1;1;1;1;1;1;1;1;1;0;0;1;0;1;1;0;0;1;0;1;1;0;0;1;1;0;0;1;1;1;1;1;0;1;1;1;1;1;1;1;0;0;0;1;0;1;1;0;0;0;0;1;1;1;0,534256231884;0,516908856218;0,897316647282;0,519887466518;0,658343669592;19,7413106144;0;0;0;0
0;0;0;1;1;1;1;1;1;1;1;1;1;1;1;1;1;0;0;0;1;1;1;0;1;1;0;1;0;1;0;0;1;1;1;0;1;0;1;1;0;1;1;1;1;1;1;0;0;0;1;0;1;1;1;1;1;0;1;0;0;1;1;0;1;1;1;0;1;1;1;0;1;1;0;1;0;1;1;1;1;1;1;1;1;1;0;0;1;1;1;1;0;1;0;0;1;1;1;1;1;1;1;1;1;0;0;1;0;1;1;0;0;1;0;1;1;0;0;1;1;0;0;1;1;1;1;1;0;1;1;1;1;1;1;1;0;0;0;1;0;1;1;0;0;0;0;1;1;1;0,534256231884;0,516908856218;0,897316647282;0,519887466518;0,658343669592;19,7413106144;0;0;0;0
0;0;0;1;1;1;1;1;1;1;1;1;1;1;1;1;1;0;0;0;1;1;1;0;1;1;0;1;0;1;0;0;1;1;1;0;1;0;1;1;0;1;1;1;1;1;1;0;0;0;1;0;1;1;1;1;1;0;1;0;0;1;1;0;1;1;1;0;1;1;1;0;1;1;0;1;0;1;1;1;1;1;1;1;1;1;0;0;1;1;1;1;0;1;0;0;1;1;1;1;1;1;1;1;1;0;0;1;0;1;1;0;0;1;0;1;1;0;0;1;1;0;0;1;1;1;1;1;0;1;1;1;1;1;1;1;0;0;0;1;0;1;1;0;0;0;0;1;1;1;0,534256231884;0,516908856218;0,897316647282;0,519887466518;0,658343669592;19,7413106144;0;0;0;0
0;0;0;1;1;1;1;1;1;1;1;1;1;1;1;1;1;0;0;0;1;1;1;0;1;1;0;1;0;1;0;0;1;1;1;0;1;0;1;1;0;1;1;1;1;1;1;0;0;0;1;0;1;1;1;1;1;0;1;0;0;1;1;0;1;1;1;0;1;1;1;0;1;1;0;1;0;1;1;1;1;1;1;1;1;1;0;0;1;1;1;1;0;1;0;0;1;1;1;1;1;1;1;1;1;0;0;1;0;1;1;0;0;1;0;1;1;0;0;1;1;0;0;1;1;1;1;1;0;1;1;1;1;1;1;1;0;0;0;1;0;1;1;0;0;0;0;1;1;1;0,534256231884;0,516908856218;0,897316647282;0,519887466518;0,658343669592;19,7413106144;0;0;0;0
0;0;0;1;1;1;1;1;1;1;1;1;1;1;1;1;1;0;0;0;1;1;1;0;1;1;0;1;0;1;0;0;1;1;1;0;1;0;1;1;0;1;1;1;1;1;1;0;0;0;1;0;1;1;1;1;1;0;1;0;0;1;1;0;1;1;1;0;1;1;1;0;1;1;0;1;0;1;1;1;1;1;1;1;1;1;0;0;1;1;1;1;0;1;0;0;1;1;1;1;1;1;1;1;1;0;0;1;0;1;1;0;0;1;0;1;1;0;0;1;1;0;0;1;1;1;1;1;0;1;1;1;1;1;1;1;0;0;0;1;0;1;1;0;0;0;0;1;1;1;0,534256231884;0,516908856218;0,897316647282;0,519887466518;0,658343669592;19,7413106144;0;0;0;0
0;0;0;1;1;1;1;1;1;1;1;1;1;1;1;1;1;0;0;0;1;1;1;0;1;1;0;1;0;1;0;0;1;1;1;0;1;0;1;1;0;1;1;1;1;1;1;0;0;0;1;0;1;1;1;1;1;0;1;0;0;1;1;0;1;1;1;0;1;1;1;0;1;1;0;1;0;1;1;1;1;1;1;1;1;1;0;0;1;1;1;1;0;1;0;0;1;1;1;1;1;1;1;1;1;0;0;1;0;1;1;0;0;1;0;1;1;0;0;1;1;0;0;1;1;1;1;1;0;1;1;1;1;1;1;1;0;0;0;1;0;1;1;0;0;0;0;1;1;1;0,534256231884;0,516908856218;0,897316647282;0,519887466518;0,658343669592;19,7413106144;0;0;0;0
