10;40;30;db;Cosine;4;4
3;3;3;2;1;0;0;3;2;1;3;2;3;0;1;2;2;0;2;0;3;4;0;2;1;3;2;4;0;3;0;4;4;3;3;2;2;2;3;3;1;3;1;3;3;2;3;3;1;3;1;2;2;2;2;2;3;0;0;3;3;0;3;0;3;3;2;2;3;3;3;3;0;2;3;2;2;2;2;3;2;2;0;3;3;3;3;2;2;3;1;3;2;3;0;3;1;2;3;0;0;2;2;1;4;3;4;2;3;2;4;2;2;2;2;3;2;3;2;2;3;0;2;0;2;4;1;2;2;0;2;4;3;3;2;1;0;2;2;3;0;1;2;0;2;2;2;2;2;2;0,443228742161;0,410769539454;0,422545408024;0,542361208908;0,47501433671;8,96623609264;0;0;0;0
1;1;1;0;0;0;0;1;0;0;1;0;1;0;0;0;0;0;0;0;1;0;0;0;0;1;0;0;0;1;0;0;0;1;1;0;0;0;1;1;0;1;0;1;1;0;1;1;0;1;0;0;0;0;0;0;1;0;0;1;1;0;1;0;1;1;0;0;1;1;1;1;0;0;1;0;0;0;0;1;0;0;0;1;1;1;1;0;0;1;0;1;0;1;0;1;0;0;1;0;0;0;0;0;0;1;0;0;1;0;0;0;0;0;0;1;0;1;0;0;1;0;0;0;0;0;0;0;0;0;0;0;1;1;0;0;0;0;0;1;0;0;0;0;0;0;0;0;0;0;0,519933072445;0,516663219761;0,91069690523;0,519644719873;0,661714418293;10,1164162953;0;0;0;0
1;1;1;0;0;0;0;1;0;0;1;0;1;0;0;0;0;0;0;0;1;0;0;0;0;1;0;0;0;1;0;0;0;1;1;0;0;0;1;1;0;1;0;1;1;0;1;1;0;1;0;0;0;0;0;0;1;0;0;1;1;0;1;0;1;1;0;0;1;1;1;1;0;0;1;0;0;0;0;1;0;0;0;1;1;1;1;0;0;1;0;1;0;1;0;1;0;0;1;0;0;0;0;0;0;1;0;0;1;0;0;0;0;0;0;1;0;1;0;0;1;0;0;0;0;0;0;0;0;0;0;0;1;1;0;0;0;0;0;1;0;0;0;0;0;0;0;0;0;0;0,519933072445;0,516663219761;0,91069690523;0,519644719873;0,661714418293;10,1164162953;0;0;0;0
0;0;0;1;1;1;1;0;1;1;0;1;0;1;1;1;1;1;1;1;0;1;1;1;1;0;1;1;1;0;1;1;1;0;0;1;1;1;0;0;1;0;1;0;0;1;0;0;1;0;1;1;1;1;1;1;0;1;0;0;0;1;0;1;0;0;1;1;0;0;0;0;0;1;0;1;1;1;1;0;1;1;1;0;0;0;0;1;1;0;1;0;1;0;1;0;1;1;0;1;1;1;1;1;1;0;1;1;0;1;1;1;1;1;1;0;1;0;1;1;0;1;1;1;1;1;1;1;1;1;1;1;0;0;1;1;1;1;1;0;1;1;1;0;1;1;1;1;1;1;0,558371443754;0,550981342634;0,949020443401;0,553749288743;0,699401091591;10,1164162953;0;0;0;0
2;2;2;1;1;1;1;2;1;1;2;1;2;1;1;1;1;1;1;1;2;1;1;1;1;2;1;1;1;2;1;1;1;2;2;1;1;1;2;2;1;2;1;2;2;1;2;2;1;2;0;1;1;1;1;1;2;1;0;2;2;1;2;1;2;2;1;1;2;2;2;2;0;1;2;1;1;1;1;2;1;1;1;2;2;2;2;1;1;2;1;2;1;2;1;2;1;1;2;1;1;1;1;1;1;2;1;1;2;1;1;1;1;1;1;2;1;2;1;1;2;1;1;1;1;1;1;1;1;1;1;1;2;2;1;1;1;1;1;2;1;0;1;0;1;1;1;1;1;1;0,540311647089;0,55394751988;0,809653396072;0,560022382348;0,66208957023;10,9016299008;0;0;0;0
2;2;2;1;1;1;1;2;1;1;2;1;2;1;1;1;1;1;1;1;2;1;1;1;1;2;1;1;1;2;1;1;1;2;2;1;1;1;2;2;1;2;1;2;2;1;2;2;1;2;0;1;1;1;1;1;2;1;0;2;2;1;2;1;2;2;1;1;2;2;2;2;0;1;2;1;1;1;1;2;1;1;1;2;2;2;2;1;1;2;1;2;1;2;1;2;1;1;2;1;1;1;1;1;1;2;1;1;2;1;1;1;1;1;1;2;1;2;1;1;2;1;1;1;1;1;1;1;1;1;1;1;2;2;1;1;1;1;1;2;1;0;1;0;1;1;1;1;1;1;0,540311647089;0,55394751988;0,809653396072;0,560022382348;0,66208957023;10,9016299008;0;0;0;0
2;2;2;1;1;1;1;2;1;1;2;1;2;1;1;1;1;1;1;1;2;1;1;1;1;2;1;1;1;2;1;1;1;2;2;1;1;1;2;2;1;2;1;2;2;1;2;2;1;2;0;1;1;1;1;1;2;1;0;2;2;1;2;1;2;2;1;1;2;2;2;2;0;1;2;1;1;1;1;2;1;1;1;2;2;2;2;1;1;2;1;2;1;2;1;2;1;1;2;1;1;1;1;1;1;2;1;1;2;1;1;1;1;1;1;2;1;2;1;1;2;1;1;1;1;1;1;1;1;1;1;1;2;2;1;1;1;1;1;2;1;0;1;0;1;1;1;1;1;1;0,540311647089;0,55394751988;0,809653396072;0,560022382348;0,66208957023;10,9016299008;0;0;0;0
2;2;2;1;1;1;1;2;1;1;2;1;2;1;1;1;1;1;1;1;2;1;1;1;1;2;1;1;1;2;1;1;1;2;2;1;1;1;2;2;1;2;1;2;2;1;2;2;1;2;0;1;1;1;1;1;2;1;0;2;2;1;2;1;2;2;1;1;2;2;2;2;0;1;2;1;1;1;1;2;1;1;1;2;2;2;2;1;1;2;1;2;1;2;1;2;1;1;2;1;1;1;1;1;1;2;1;1;2;1;1;1;1;1;1;2;1;2;1;1;2;1;1;1;1;1;1;1;1;1;1;1;2;2;1;1;1;1;1;2;1;0;1;0;1;1;1;1;1;1;0,540311647089;0,55394751988;0,809653396072;0,560022382348;0,66208957023;10,9016299008;0;0;0;0
2;2;2;1;1;1;1;2;1;1;2;1;2;1;1;1;1;1;1;1;2;1;1;1;1;2;1;1;1;2;1;1;1;2;2;1;1;1;2;2;1;2;1;2;2;1;2;2;1;2;0;1;1;1;1;1;2;1;0;2;2;1;2;1;2;2;1;1;2;2;2;2;0;1;2;1;1;1;1;2;1;1;1;2;2;2;2;1;1;2;1;2;1;2;1;2;1;1;2;1;1;1;1;1;1;2;1;1;2;1;1;1;1;1;1;2;1;2;1;1;2;1;1;1;1;1;1;1;1;1;1;1;2;2;1;1;1;1;1;2;1;0;1;0;1;1;1;1;1;1;0,540311647089;0,55394751988;0,809653396072;0,560022382348;0,66208957023;10,9016299008;0;0;0;0
2;2;2;1;1;1;1;2;1;1;2;1;2;1;1;1;1;1;1;1;2;1;1;1;1;2;1;1;1;2;1;1;1;2;2;1;1;1;2;2;1;2;1;2;2;1;2;2;1;2;0;1;1;1;1;1;2;1;0;2;2;1;2;1;2;2;1;1;2;2;2;2;0;1;2;1;1;1;1;2;1;1;1;2;2;2;2;1;1;2;1;2;1;2;1;2;1;1;2;1;1;1;1;1;1;2;1;1;2;1;1;1;1;1;1;2;1;2;1;1;2;1;1;1;1;1;1;1;1;1;1;1;2;2;1;1;1;1;1;2;1;0;1;0;1;1;1;1;1;1;0,540311647089;0,55394751988;0,809653396072;0,560022382348;0,66208957023;10,9016299008;0;0;0;0
2;2;2;1;1;1;1;2;1;1;2;1;2;1;1;1;1;1;1;1;2;1;1;1;1;2;1;1;1;2;1;1;1;2;2;1;1;1;2;2;1;2;1;2;2;1;2;2;1;2;0;1;1;1;1;1;2;1;0;2;2;1;2;1;2;2;1;1;2;2;2;2;0;1;2;1;1;1;1;2;1;1;1;2;2;2;2;1;1;2;1;2;1;2;1;2;1;1;2;1;1;1;1;1;1;2;1;1;2;1;1;1;1;1;1;2;1;2;1;1;2;1;1;1;1;1;1;1;1;1;1;1;2;2;1;1;1;1;1;2;1;0;1;0;1;1;1;1;1;1;0,540311647089;0,55394751988;0,809653396072;0,560022382348;0,66208957023;10,9016299008;0;0;0;0
2;2;2;1;1;1;1;2;1;1;2;1;2;1;1;1;1;1;1;1;2;1;1;1;1;2;1;1;1;2;1;1;1;2;2;1;1;1;2;2;1;2;1;2;2;1;2;2;1;2;0;1;1;1;1;1;2;1;0;2;2;1;2;1;2;2;1;1;2;2;2;2;0;1;2;1;1;1;1;2;1;1;1;2;2;2;2;1;1;2;1;2;1;2;1;2;1;1;2;1;1;1;1;1;1;2;1;1;2;1;1;1;1;1;1;2;1;2;1;1;2;1;1;1;1;1;1;1;1;1;1;1;2;2;1;1;1;1;1;2;1;0;1;0;1;1;1;1;1;1;0,540311647089;0,55394751988;0,809653396072;0,560022382348;0,66208957023;10,9016299008;0;0;0;0
2;2;2;1;1;1;1;2;1;1;2;1;2;1;1;1;1;1;1;1;2;1;1;1;1;2;1;1;1;2;1;1;1;2;2;1;1;1;2;2;1;2;1;2;2;1;2;2;1;2;0;1;1;1;1;1;2;1;0;2;2;1;2;1;2;2;1;1;2;2;2;2;0;1;2;1;1;1;1;2;1;1;1;2;2;2;2;1;1;2;1;2;1;2;1;2;1;1;2;1;1;1;1;1;1;2;1;1;2;1;1;1;1;1;1;2;1;2;1;1;2;1;1;1;1;1;1;1;1;1;1;1;2;2;1;1;1;1;1;2;1;0;1;0;1;1;1;1;1;1;0,540311647089;0,55394751988;0,809653396072;0,560022382348;0,66208957023;10,9016299008;0;0;0;0
2;2;2;1;1;1;1;2;1;1;2;1;2;1;1;1;1;1;1;1;2;1;1;1;1;2;1;1;1;2;1;1;1;2;2;1;1;1;2;2;1;2;1;2;2;1;2;2;1;2;0;1;1;1;1;1;2;1;0;2;2;1;2;1;2;2;1;1;2;2;2;2;0;1;2;1;1;1;1;2;1;1;1;2;2;2;2;1;1;2;1;2;1;2;1;2;1;1;2;1;1;1;1;1;1;2;1;1;2;1;1;1;1;1;1;2;1;2;1;1;2;1;1;1;1;1;1;1;1;1;1;1;2;2;1;1;1;1;1;2;1;0;1;0;1;1;1;1;1;1;0,540311647089;0,55394751988;0,809653396072;0,560022382348;0,66208957023;10,9016299008;0;0;0;0
2;2;2;1;1;1;1;2;1;1;2;1;2;1;1;1;1;1;1;1;2;1;1;1;1;2;1;1;1;2;1;1;1;2;2;1;1;1;2;2;1;2;1;2;2;1;2;2;1;2;0;1;1;1;1;1;2;1;0;2;2;1;2;1;2;2;1;1;2;2;2;2;0;1;2;1;1;1;1;2;1;1;1;2;2;2;2;1;1;2;1;2;1;2;1;2;1;1;2;1;1;1;1;1;1;2;1;1;2;1;1;1;1;1;1;2;1;2;1;1;2;1;1;1;1;1;1;1;1;1;1;1;2;2;1;1;1;1;1;2;1;0;1;0;1;1;1;1;1;1;0,540311647089;0,55394751988;0,809653396072;0,560022382348;0,66208957023;10,9016299008;0;0;0;0
2;2;2;1;1;1;1;2;1;1;2;1;2;1;1;1;1;1;1;1;2;1;1;1;1;2;1;1;1;2;1;1;1;2;2;1;1;1;2;2;1;2;1;2;2;1;2;2;1;2;0;1;1;1;1;1;2;1;0;2;2;1;2;1;2;2;1;1;2;2;2;2;0;1;2;1;1;1;1;2;1;1;1;2;2;2;2;1;1;2;1;2;1;2;1;2;1;1;2;1;1;1;1;1;1;2;1;1;2;1;1;1;1;1;1;2;1;2;1;1;2;1;1;1;1;1;1;1;1;1;1;1;2;2;1;1;1;1;1;2;1;0;1;0;1;1;1;1;1;1;0,540311647089;0,55394751988;0,809653396072;0,560022382348;0,66208957023;10,9016299008;0;0;0;0
2;2;2;1;1;1;1;2;1;1;2;1;2;1;1;1;1;1;1;1;2;1;1;1;1;2;1;1;1;2;1;1;1;2;2;1;1;1;2;2;1;2;1;2;2;1;2;2;1;2;0;1;1;1;1;1;2;1;0;2;2;1;2;1;2;2;1;1;2;2;2;2;0;1;2;1;1;1;1;2;1;1;1;2;2;2;2;1;1;2;1;2;1;2;1;2;1;1;2;1;1;1;1;1;1;2;1;1;2;1;1;1;1;1;1;2;1;2;1;1;2;1;1;1;1;1;1;1;1;1;1;1;2;2;1;1;1;1;1;2;1;0;1;0;1;1;1;1;1;1;0,540311647089;0,55394751988;0,809653396072;0,560022382348;0,66208957023;10,9016299008;0;0;0;0
2;2;2;1;1;1;1;2;1;1;2;1;2;1;1;1;1;1;1;1;2;1;1;1;1;2;1;1;1;2;1;1;1;2;2;1;1;1;2;2;1;2;1;2;2;1;2;2;1;2;0;1;1;1;1;1;2;1;0;2;2;1;2;1;2;2;1;1;2;2;2;2;0;1;2;1;1;1;1;2;1;1;1;2;2;2;2;1;1;2;1;2;1;2;1;2;1;1;2;1;1;1;1;1;1;2;1;1;2;1;1;1;1;1;1;2;1;2;1;1;2;1;1;1;1;1;1;1;1;1;1;1;2;2;1;1;1;1;1;2;1;0;1;0;1;1;1;1;1;1;0,540311647089;0,55394751988;0,809653396072;0,560022382348;0,66208957023;10,9016299008;0;0;0;0
2;2;2;1;1;1;1;2;1;1;2;1;2;1;1;1;1;1;1;1;2;1;1;1;1;2;1;1;1;2;1;1;1;2;2;1;1;1;2;2;1;2;1;2;2;1;2;2;1;2;0;1;1;1;1;1;2;1;0;2;2;1;2;1;2;2;1;1;2;2;2;2;0;1;2;1;1;1;1;2;1;1;1;2;2;2;2;1;1;2;1;2;1;2;1;2;1;1;2;1;1;1;1;1;1;2;1;1;2;1;1;1;1;1;1;2;1;2;1;1;2;1;1;1;1;1;1;1;1;1;1;1;2;2;1;1;1;1;1;2;1;0;1;0;1;1;1;1;1;1;0,540311647089;0,55394751988;0,809653396072;0,560022382348;0,66208957023;10,9016299008;0;0;0;0
2;2;2;1;1;1;1;2;1;1;2;1;2;1;1;1;1;1;1;1;2;1;1;1;1;2;1;1;1;2;1;1;1;2;2;1;1;1;2;2;1;2;1;2;2;1;2;2;1;2;0;1;1;1;1;1;2;1;0;2;2;1;2;1;2;2;1;1;2;2;2;2;0;1;2;1;1;1;1;2;1;1;1;2;2;2;2;1;1;2;1;2;1;2;1;2;1;1;2;1;1;1;1;1;1;2;1;1;2;1;1;1;1;1;1;2;1;2;1;1;2;1;1;1;1;1;1;1;1;1;1;1;2;2;1;1;1;1;1;2;1;0;1;0;1;1;1;1;1;1;0,540311647089;0,55394751988;0,809653396072;0,560022382348;0,66208957023;10,9016299008;0;0;0;0
2;2;2;1;1;1;1;2;1;1;2;1;2;1;1;1;1;1;1;1;2;1;1;1;1;2;1;1;1;2;1;1;1;2;2;1;1;1;2;2;1;2;1;2;2;1;2;2;1;2;0;1;1;1;1;1;2;1;0;2;2;1;2;1;2;2;1;1;2;2;2;2;0;1;2;1;1;1;1;2;1;1;1;2;2;2;2;1;1;2;1;2;1;2;1;2;1;1;2;1;1;1;1;1;1;2;1;1;2;1;1;1;1;1;1;2;1;2;1;1;2;1;1;1;1;1;1;1;1;1;1;1;2;2;1;1;1;1;1;2;1;0;1;0;1;1;1;1;1;1;0,540311647089;0,55394751988;0,809653396072;0,560022382348;0,66208957023;10,9016299008;0;0;0;0
2;2;2;1;1;1;1;2;1;1;2;1;2;1;1;1;1;1;1;1;2;1;1;1;1;2;1;1;1;2;1;1;1;2;2;1;1;1;2;2;1;2;1;2;2;1;2;2;1;2;0;1;1;1;1;1;2;1;0;2;2;1;2;1;2;2;1;1;2;2;2;2;0;1;2;1;1;1;1;2;1;1;1;2;2;2;2;1;1;2;1;2;1;2;1;2;1;1;2;1;1;1;1;1;1;2;1;1;2;1;1;1;1;1;1;2;1;2;1;1;2;1;1;1;1;1;1;1;1;1;1;1;2;2;1;1;1;1;1;2;1;0;1;0;1;1;1;1;1;1;0,540311647089;0,55394751988;0,809653396072;0,560022382348;0,66208957023;10,9016299008;0;0;0;0
2;2;2;1;1;1;1;2;1;1;2;1;2;1;1;1;1;1;1;1;2;1;1;1;1;2;1;1;1;2;1;1;1;2;2;1;1;1;2;2;1;2;1;2;2;1;2;2;1;2;0;1;1;1;1;1;2;1;0;2;2;1;2;1;2;2;1;1;2;2;2;2;0;1;2;1;1;1;1;2;1;1;1;2;2;2;2;1;1;2;1;2;1;2;1;2;1;1;2;1;1;1;1;1;1;2;1;1;2;1;1;1;1;1;1;2;1;2;1;1;2;1;1;1;1;1;1;1;1;1;1;1;2;2;1;1;1;1;1;2;1;0;1;0;1;1;1;1;1;1;0,540311647089;0,55394751988;0,809653396072;0,560022382348;0,66208957023;10,9016299008;0;0;0;0
2;2;2;1;1;1;1;2;1;1;2;1;2;1;1;1;1;1;1;1;2;1;1;1;1;2;1;1;1;2;1;1;1;2;2;1;1;1;2;2;1;2;1;2;2;1;2;2;1;2;0;1;1;1;1;1;2;1;0;2;2;1;2;1;2;2;1;1;2;2;2;2;0;1;2;1;1;1;1;2;1;1;1;2;2;2;2;1;1;2;1;2;1;2;1;2;1;1;2;1;1;1;1;1;1;2;1;1;2;1;1;1;1;1;1;2;1;2;1;1;2;1;1;1;1;1;1;1;1;1;1;1;2;2;1;1;1;1;1;2;1;0;1;0;1;1;1;1;1;1;0,540311647089;0,55394751988;0,809653396072;0,560022382348;0,66208957023;10,9016299008;0;0;0;0
2;2;2;1;1;1;1;2;1;1;2;1;2;1;1;1;1;1;1;1;2;1;1;1;1;2;1;1;1;2;1;1;1;2;2;1;1;1;2;2;1;2;1;2;2;1;2;2;1;2;0;1;1;1;1;1;2;1;0;2;2;1;2;1;2;2;1;1;2;2;2;2;0;1;2;1;1;1;1;2;1;1;1;2;2;2;2;1;1;2;1;2;1;2;1;2;1;1;2;1;1;1;1;1;1;2;1;1;2;1;1;1;1;1;1;2;1;2;1;1;2;1;1;1;1;1;1;1;1;1;1;1;2;2;1;1;1;1;1;2;1;0;1;0;1;1;1;1;1;1;0,540311647089;0,55394751988;0,809653396072;0,560022382348;0,66208957023;10,9016299008;0;0;0;0
2;2;2;1;1;1;1;2;1;1;2;1;2;1;1;1;1;1;1;1;2;1;1;1;1;2;1;1;1;2;1;1;1;2;2;1;1;1;2;2;1;2;1;2;2;1;2;2;1;2;0;1;1;1;1;1;2;1;0;2;2;1;2;1;2;2;1;1;2;2;2;2;0;1;2;1;1;1;1;2;1;1;1;2;2;2;2;1;1;2;1;2;1;2;1;2;1;1;2;1;1;1;1;1;1;2;1;1;2;1;1;1;1;1;1;2;1;2;1;1;2;1;1;1;1;1;1;1;1;1;1;1;2;2;1;1;1;1;1;2;1;0;1;0;1;1;1;1;1;1;0,540311647089;0,55394751988;0,809653396072;0,560022382348;0,66208957023;10,9016299008;0;0;0;0
2;2;2;1;1;1;1;2;1;1;2;1;2;1;1;1;1;1;1;1;2;1;1;1;1;2;1;1;1;2;1;1;1;2;2;1;1;1;2;2;1;2;1;2;2;1;2;2;1;2;0;1;1;1;1;1;2;1;0;2;2;1;2;1;2;2;1;1;2;2;2;2;0;1;2;1;1;1;1;2;1;1;1;2;2;2;2;1;1;2;1;2;1;2;1;2;1;1;2;1;1;1;1;1;1;2;1;1;2;1;1;1;1;1;1;2;1;2;1;1;2;1;1;1;1;1;1;1;1;1;1;1;2;2;1;1;1;1;1;2;1;0;1;0;1;1;1;1;1;1;0,540311647089;0,55394751988;0,809653396072;0,560022382348;0,66208957023;10,9016299008;0;0;0;0
2;2;2;1;1;1;1;2;1;1;2;1;2;1;1;1;1;1;1;1;2;1;1;1;1;2;1;1;1;2;1;1;1;2;2;1;1;1;2;2;1;2;1;2;2;1;2;2;1;2;0;1;1;1;1;1;2;1;0;2;2;1;2;1;2;2;1;1;2;2;2;2;0;1;2;1;1;1;1;2;1;1;1;2;2;2;2;1;1;2;1;2;1;2;1;2;1;1;2;1;1;1;1;1;1;2;1;1;2;1;1;1;1;1;1;2;1;2;1;1;2;1;1;1;1;1;1;1;1;1;1;1;2;2;1;1;1;1;1;2;1;0;1;0;1;1;1;1;1;1;0,540311647089;0,55394751988;0,809653396072;0,560022382348;0,66208957023;10,9016299008;0;0;0;0
2;2;2;1;1;1;1;2;1;1;2;1;2;1;1;1;1;1;0;1;2;1;1;1;1;2;1;1;1;2;1;1;1;2;2;1;1;1;2;2;1;2;1;2;2;1;2;2;1;2;1;1;1;1;1;1;2;1;0;2;2;1;2;1;2;2;1;1;2;2;2;2;0;1;2;1;1;1;1;2;1;1;1;2;2;2;2;1;1;2;1;2;1;2;1;2;1;1;2;1;1;1;1;1;1;2;1;1;2;1;1;1;1;1;1;2;1;2;1;1;2;1;1;1;1;1;1;0;1;1;1;1;2;2;1;1;1;1;1;2;1;1;1;0;1;1;1;1;1;1;0,540311647089;0,55394751988;0,809653396072;0,560022382348;0,66208957023;11,1972405655;0;0;0;0
2;2;2;1;1;1;1;2;1;1;2;1;2;1;1;1;1;1;0;1;2;1;1;1;1;2;1;1;1;2;1;1;1;2;2;1;1;1;2;2;1;2;1;2;2;1;2;2;1;2;1;1;1;1;1;1;2;1;0;2;2;1;2;1;2;2;1;1;2;2;2;2;0;1;2;1;1;1;1;2;1;1;1;2;2;2;2;1;1;2;1;2;1;2;1;2;1;1;2;1;1;1;1;1;1;2;1;1;2;1;1;1;1;1;1;2;1;2;1;1;2;1;1;1;1;1;1;0;1;1;1;1;2;2;1;1;1;1;1;2;1;1;1;0;1;1;1;1;1;1;0,540311647089;0,55394751988;0,809653396072;0,560022382348;0,66208957023;11,1972405655;0;0;0;0
