10;40;30;db;Mahalanobis;4;1
0;0;0;2;0;0;0;0;0;1;0;0;0;0;0;2;0;0;2;0;2;0;0;0;1;0;2;0;0;0;0;0;0;0;0;2;0;0;0;0;2;2;0;0;0;0;0;0;0;0;0;2;2;0;0;0;0;2;2;2;0;0;0;0;0;0;0;2;2;2;0;0;0;0;2;0;2;0;0;0;2;0;0;0;0;2;2;0;0;0;2;0;0;0;2;0;0;0;0;0;2;0;2;0;0;0;0;0;0;2;2;0;0;0;0;0;0;0;2;2;0;2;2;0;0;2;0;2;0;2;0;0;0;0;2;0;2;2;0;0;0;2;0;2;2;0;2;0;2;0;0,0951251610781;0,111355000227;0,206194629384;0,123750843757;0,154672583452;0,243765208095;0;0;0;0
0;0;0;0;0;0;0;0;0;0;0;0;0;0;0;0;0;0;1;0;0;0;0;0;0;0;0;0;0;0;0;0;0;0;0;0;0;0;1;0;0;0;0;0;0;0;0;0;1;0;0;0;0;0;1;0;0;0;0;0;0;0;0;0;0;1;0;0;0;0;0;0;0;0;0;0;0;0;0;0;0;0;0;0;0;0;0;0;0;0;0;0;0;0;0;0;0;0;0;0;0;0;0;0;0;0;0;0;0;0;0;0;0;0;0;0;0;0;0;0;0;0;0;0;0;0;0;0;0;0;0;0;0;0;0;0;0;0;0;0;0;0;0;0;0;0;0;0;0;0;0,00370190416696;0,0271450484088;0,258536525671;0,0343922558193;0,0607086424507;0,300045207023;0;0;0;0
0;0;0;0;0;0;0;0;0;0;0;0;0;0;0;0;0;0;1;0;0;0;0;0;0;0;0;0;0;0;0;0;0;0;0;0;0;0;1;0;0;0;0;0;0;0;0;0;1;0;0;0;0;0;1;0;0;0;0;0;0;0;0;0;0;1;0;0;0;0;0;0;0;0;0;0;0;0;0;0;0;0;0;0;0;0;0;0;0;0;0;0;0;0;0;0;0;0;0;0;0;0;0;0;0;0;0;0;0;0;0;0;0;0;0;0;0;0;0;0;0;0;0;0;0;0;0;0;0;0;0;0;0;0;0;0;0;0;0;0;0;0;0;0;0;0;0;0;0;0;0,00370190416696;0,0271450484088;0,258536525671;0,0343922558193;0,0607086424507;0,300045207023;0;0;0;0
0;0;0;0;0;0;0;0;0;0;0;0;0;0;0;0;0;0;1;0;0;0;0;0;0;0;0;0;0;0;0;0;0;0;0;0;0;0;1;0;0;0;0;0;0;0;0;0;1;0;0;0;0;0;1;0;0;0;0;0;0;0;0;0;0;1;0;0;0;0;0;0;0;0;0;0;0;0;0;0;0;0;0;0;0;0;0;0;0;0;0;0;0;0;0;0;0;0;0;0;0;0;0;0;0;0;0;0;0;0;0;0;0;0;0;0;0;0;0;0;0;0;0;0;0;0;0;0;0;0;0;0;0;0;0;0;0;0;0;0;0;0;0;0;0;0;0;0;0;0;0,00370190416696;0,0271450484088;0,258536525671;0,0343922558193;0,0607086424507;0,300045207023;0;0;0;0
1;0;0;1;1;0;1;1;0;1;1;1;1;1;0;1;0;1;1;1;1;0;1;1;1;0;1;0;1;0;1;0;1;1;1;1;0;0;1;1;1;1;1;1;1;0;1;1;1;0;0;1;1;1;1;1;1;1;1;1;1;1;0;1;0;1;0;1;1;1;0;1;1;1;1;1;1;1;0;1;1;1;1;0;1;1;1;1;0;0;1;1;0;0;1;1;1;1;1;1;1;1;1;1;1;0;0;1;0;1;1;1;1;1;0;0;1;1;1;1;0;1;1;0;1;1;1;1;1;1;1;1;1;0;1;0;1;1;0;0;1;1;1;1;1;0;1;0;1;1;0,305281129805;0,320463568348;0,622423170683;0,324667680329;0,426739814438;0,436816310133;0;0;0;0
1;0;0;1;1;0;1;1;0;1;1;1;1;1;0;1;0;1;1;1;1;0;1;1;1;0;1;0;1;0;1;0;1;1;1;1;0;0;1;1;1;1;1;1;1;0;1;1;1;0;0;1;1;1;1;1;1;1;1;1;1;1;0;1;0;1;0;1;1;1;0;1;1;1;1;1;1;1;0;1;1;1;1;0;1;1;1;1;0;0;1;1;0;0;1;1;1;1;1;1;1;1;1;1;1;0;0;1;0;1;1;1;1;1;0;0;1;1;1;1;0;1;1;0;1;1;1;1;1;1;1;1;1;0;1;0;1;1;0;0;1;1;1;1;1;0;1;0;1;1;0,305281129805;0,320463568348;0,622423170683;0,324667680329;0,426739814438;0,436816310133;0;0;0;0
1;0;0;1;1;0;1;1;0;1;1;1;1;1;0;1;0;1;1;1;1;0;1;1;1;0;1;0;1;0;1;0;1;1;1;1;0;0;1;1;1;1;1;1;1;0;1;1;1;0;0;1;1;1;1;1;1;1;1;1;1;1;0;1;0;1;0;1;1;1;0;1;1;1;1;1;1;1;0;1;1;1;1;0;1;1;1;1;0;0;1;1;0;0;1;1;1;1;1;1;1;1;1;1;1;0;0;1;0;1;1;1;1;1;0;0;1;1;1;1;0;1;1;0;1;1;1;1;1;1;1;1;1;0;1;0;1;1;0;0;1;1;1;1;1;0;1;0;1;1;0,305281129805;0,320463568348;0,622423170683;0,324667680329;0,426739814438;0,436816310133;0;0;0;0
1;0;0;1;1;0;1;1;0;1;1;1;1;1;0;1;0;1;1;1;1;0;1;1;1;0;1;0;1;0;1;0;1;1;1;1;0;0;1;1;1;1;1;1;1;0;1;1;1;0;0;1;1;1;1;1;1;1;1;1;1;1;0;1;0;1;0;1;1;1;0;1;1;1;1;1;1;1;0;1;1;1;1;0;1;1;1;1;0;0;1;1;0;0;1;1;1;1;1;1;1;1;1;1;1;0;0;1;0;1;1;1;1;1;0;0;1;1;1;1;0;1;1;0;1;1;1;1;1;1;1;1;1;0;1;0;1;1;0;0;1;1;1;1;1;0;1;0;1;1;0,305281129805;0,320463568348;0,622423170683;0,324667680329;0,426739814438;0,436816310133;0;0;0;0
1;0;0;1;1;0;0;1;0;1;0;1;1;1;0;1;0;1;1;1;1;0;1;1;1;0;1;0;1;0;1;0;1;1;1;1;0;0;1;1;1;1;1;1;1;0;1;1;1;0;0;1;1;1;1;1;1;1;1;1;0;1;0;1;0;1;0;0;1;1;0;0;0;1;1;1;1;1;0;1;1;0;1;0;1;1;1;1;0;0;1;1;0;0;1;1;1;1;1;1;1;1;1;0;1;0;0;1;0;1;1;1;1;0;0;0;0;1;1;1;0;1;1;0;0;1;1;1;0;1;1;1;1;0;1;0;1;1;0;0;1;1;1;1;1;0;1;0;1;1;0,558371443754;0,550981342634;0,949020443401;0,553749288743;0,699401091591;0,462087603702;0;0;0;0
1;0;0;1;1;0;0;1;0;1;0;1;1;1;0;1;0;1;1;1;1;0;1;1;1;0;1;0;1;0;1;0;1;1;1;1;0;0;1;1;1;1;1;1;1;0;1;1;1;0;0;1;1;1;1;1;1;1;1;1;0;1;0;1;0;1;0;0;1;1;0;0;0;1;1;1;1;1;0;1;1;0;1;0;1;1;1;1;0;0;1;1;0;0;1;1;1;1;1;1;1;1;1;0;1;0;0;1;0;1;1;1;1;0;0;0;0;1;1;1;0;1;1;0;0;1;1;1;0;1;1;1;1;0;1;0;1;1;0;0;1;1;1;1;1;0;1;0;1;1;0,558371443754;0,550981342634;0,949020443401;0,553749288743;0,699401091591;0,462087603702;0;0;0;0
1;0;0;1;1;0;0;1;0;1;0;1;1;1;0;1;0;1;1;1;1;0;1;1;1;0;1;0;1;0;1;0;1;1;1;1;0;0;1;1;1;1;1;1;1;0;1;1;1;0;0;1;1;1;1;1;1;1;1;1;0;1;0;1;0;1;0;0;1;1;0;0;0;1;1;1;1;1;0;1;1;0;1;0;1;1;1;1;0;0;1;1;0;0;1;1;1;1;1;1;1;1;1;0;1;0;0;1;0;1;1;1;1;0;0;0;0;1;1;1;0;1;1;0;0;1;1;1;0;1;1;1;1;0;1;0;1;1;0;0;1;1;1;1;1;0;1;0;1;1;0,558371443754;0,550981342634;0,949020443401;0,553749288743;0,699401091591;0,462087603702;0;0;0;0
1;0;0;1;1;0;0;1;0;1;0;1;1;1;0;1;0;1;1;1;1;0;1;1;1;0;1;0;1;0;1;0;1;1;1;1;0;0;1;1;1;1;1;1;1;0;1;1;1;0;0;1;1;1;1;1;1;1;1;1;0;1;0;1;0;1;0;0;1;1;0;0;0;1;1;1;1;1;0;1;1;0;1;0;1;1;1;1;0;0;1;1;0;0;1;1;1;1;1;1;1;1;1;0;1;0;0;1;0;1;1;1;1;0;0;0;0;1;1;1;0;1;1;0;0;1;1;1;0;1;1;1;1;0;1;0;1;1;0;0;1;1;1;1;1;0;1;0;1;1;0,558371443754;0,550981342634;0,949020443401;0,553749288743;0,699401091591;0,462087603702;0;0;0;0
1;0;0;1;1;0;0;1;0;1;0;1;1;1;0;1;0;1;1;1;1;0;1;1;1;0;1;0;1;0;1;0;1;1;1;1;0;0;1;1;1;1;1;1;1;0;1;1;1;0;0;1;1;1;1;1;1;1;1;1;0;1;0;1;0;1;0;0;1;1;0;0;0;1;1;1;1;1;0;1;1;0;1;0;1;1;1;1;0;0;1;1;0;0;1;1;1;1;1;1;1;1;1;0;1;0;0;1;0;1;1;1;1;0;0;0;0;1;1;1;0;1;1;0;0;1;1;1;0;1;1;1;1;0;1;0;1;1;0;0;1;1;1;1;1;0;1;0;1;1;0,558371443754;0,550981342634;0,949020443401;0,553749288743;0,699401091591;0,462087603702;0;0;0;0
1;0;0;1;1;0;0;1;0;1;0;1;1;1;0;1;0;1;1;1;1;0;1;1;1;0;1;0;1;0;1;0;1;1;1;1;0;0;1;1;1;1;1;1;1;0;1;1;1;0;0;1;1;1;1;1;1;1;1;1;0;1;0;1;0;1;0;0;1;1;0;0;0;1;1;1;1;1;0;1;1;0;1;0;1;1;1;1;0;0;1;1;0;0;1;1;1;1;1;1;1;1;1;0;1;0;0;1;0;1;1;1;1;0;0;0;0;1;1;1;0;1;1;0;0;1;1;1;0;1;1;1;1;0;1;0;1;1;0;0;1;1;1;1;1;0;1;0;1;1;0,558371443754;0,550981342634;0,949020443401;0,553749288743;0,699401091591;0,462087603702;0;0;0;0
1;0;0;1;1;0;0;1;0;1;0;1;1;1;0;1;0;1;1;1;1;0;1;1;1;0;1;0;1;0;1;0;1;1;1;1;0;0;1;1;1;1;1;1;1;0;1;1;1;0;0;1;1;1;1;1;1;1;1;1;0;1;0;1;0;1;0;0;1;1;0;0;0;1;1;1;1;1;0;1;1;0;1;0;1;1;1;1;0;0;1;1;0;0;1;1;1;1;1;1;1;1;1;0;1;0;0;1;0;1;1;1;1;0;0;0;0;1;1;1;0;1;1;0;0;1;1;1;0;1;1;1;1;0;1;0;1;1;0;0;1;1;1;1;1;0;1;0;1;1;0,558371443754;0,550981342634;0,949020443401;0,553749288743;0,699401091591;0,462087603702;0;0;0;0
1;0;0;1;1;0;0;1;0;1;0;1;1;1;0;1;0;1;1;1;1;0;1;1;1;0;1;0;1;0;1;0;1;1;1;1;0;0;1;1;1;1;1;0;1;0;1;1;1;0;0;1;1;1;1;1;1;1;1;1;0;1;0;1;0;1;0;1;1;1;0;0;0;1;1;1;1;1;0;1;1;0;1;0;1;1;1;1;0;0;1;1;0;0;1;1;1;1;1;1;1;1;1;0;1;0;0;1;0;1;1;1;1;0;0;0;0;1;1;1;0;1;1;0;0;1;1;1;0;1;1;1;1;0;1;0;1;1;0;0;1;1;1;1;1;0;1;0;1;1;0,524413343705;0,491119631267;0,847061330203;0,494256590976;0,624260123276;0,466701770105;0;0;0;0
1;0;0;1;1;0;0;1;0;1;0;1;1;1;0;1;0;1;1;1;1;0;1;1;1;0;1;0;1;0;1;0;1;1;1;1;0;0;1;1;1;1;1;0;1;0;1;1;1;0;0;1;1;1;1;1;1;1;1;1;0;1;0;1;0;1;0;1;1;1;0;0;0;1;1;1;1;1;0;1;1;0;1;0;1;1;1;1;0;0;1;1;0;0;1;1;1;1;1;1;1;1;1;0;1;0;0;1;0;1;1;1;1;0;0;0;0;1;1;1;0;1;1;0;0;1;1;1;0;1;1;1;1;0;1;0;1;1;0;0;1;1;1;1;1;0;1;0;1;1;0,524413343705;0,491119631267;0,847061330203;0,494256590976;0,624260123276;0,466701770105;0;0;0;0
1;0;0;1;1;0;0;1;0;1;0;1;1;1;0;1;0;1;1;1;1;0;1;1;1;0;1;0;1;0;1;0;1;1;1;1;0;0;1;1;1;1;1;1;1;0;1;1;1;0;0;1;1;1;1;1;1;1;1;1;0;1;0;1;0;1;0;1;1;1;0;0;0;1;1;1;1;1;0;1;1;0;1;0;1;1;1;1;0;0;1;1;0;0;1;1;1;1;1;1;1;1;1;0;1;0;0;1;0;1;1;1;1;0;0;0;0;1;1;1;0;1;1;0;0;1;1;1;0;1;1;1;1;0;1;0;1;1;0;0;1;1;1;1;1;0;1;0;1;1;0,534256231884;0,516908856218;0,897316647282;0,519887466518;0,658343669592;0,477085827386;0;0;0;0
1;0;0;1;1;0;0;1;0;1;0;1;1;1;0;1;0;1;1;1;1;0;1;1;1;0;1;0;1;0;1;0;1;1;1;1;0;0;1;1;1;1;1;1;1;0;1;1;1;0;0;1;1;1;1;1;1;1;1;1;0;1;0;1;0;1;0;1;1;1;0;0;0;1;1;1;1;1;0;1;1;0;1;0;1;1;1;1;0;0;1;1;0;0;1;1;1;1;1;1;1;1;1;0;1;0;0;1;0;1;1;1;1;0;0;0;0;1;1;1;0;1;1;0;0;1;1;1;0;1;1;1;1;0;1;0;1;1;0;0;1;1;1;1;1;0;1;0;1;1;0,534256231884;0,516908856218;0,897316647282;0,519887466518;0,658343669592;0,477085827386;0;0;0;0
1;0;0;1;1;0;0;1;0;1;0;1;1;1;0;1;0;1;1;1;1;0;1;1;1;0;1;0;1;0;1;0;1;1;1;1;0;0;1;1;1;1;1;1;1;0;1;1;1;0;0;1;1;1;1;1;1;1;1;1;0;1;0;1;0;1;0;1;1;1;0;0;0;1;1;1;1;1;0;1;1;0;1;0;1;1;1;1;0;0;1;1;0;0;1;1;1;1;1;1;1;1;1;0;1;0;0;1;0;1;1;1;1;0;0;0;0;1;1;1;0;1;1;0;0;1;1;1;0;1;1;1;1;0;1;0;1;1;0;0;1;1;1;1;1;0;1;0;1;1;0,534256231884;0,516908856218;0,897316647282;0,519887466518;0,658343669592;0,477085827386;0;0;0;0
1;0;0;1;1;0;0;1;0;1;0;1;1;1;0;1;0;1;1;1;1;0;1;1;1;0;1;0;1;0;1;0;1;1;1;1;0;0;1;1;1;1;1;1;1;0;1;1;1;0;0;1;1;1;1;1;1;1;1;1;0;1;0;1;0;1;0;1;1;1;0;0;0;1;1;1;1;1;0;1;1;0;1;0;1;1;1;1;0;0;1;1;0;0;1;1;1;1;1;1;1;1;1;0;1;0;0;1;0;1;1;1;1;0;0;0;0;1;1;1;0;1;1;0;0;1;1;1;0;1;1;1;1;0;1;0;1;1;0;0;1;1;1;1;1;0;1;0;1;1;0,534256231884;0,516908856218;0,897316647282;0,519887466518;0,658343669592;0,477085827386;0;0;0;0
1;0;0;1;1;0;0;1;0;1;0;1;1;1;0;1;0;1;1;1;1;0;1;1;1;0;1;0;1;0;1;0;1;1;1;1;0;0;1;1;1;1;1;1;1;0;1;1;1;0;0;1;1;1;1;1;1;1;1;1;0;1;0;1;0;1;0;1;1;1;0;0;0;1;1;1;1;1;0;1;1;0;1;0;1;1;1;1;0;0;1;1;0;0;1;1;1;1;1;1;1;1;1;0;1;0;0;1;0;1;1;1;1;0;0;0;0;1;1;1;0;1;1;0;0;1;1;1;0;1;1;1;1;0;1;0;1;1;0;0;1;1;1;1;1;0;1;0;1;1;0,534256231884;0,516908856218;0,897316647282;0,519887466518;0,658343669592;0,477085827386;0;0;0;0
1;0;0;1;1;0;0;1;0;1;0;1;1;1;0;1;0;1;1;1;1;0;1;1;1;0;1;0;1;0;1;0;1;1;1;1;0;0;1;1;1;1;1;1;1;0;1;1;1;0;0;1;1;1;1;1;1;1;1;1;0;1;0;1;0;1;0;1;1;1;0;0;0;1;1;1;1;1;0;1;1;0;1;0;1;1;1;1;0;0;1;1;0;0;1;1;1;1;1;1;1;1;1;0;1;0;0;1;0;1;1;1;1;0;0;0;0;1;1;1;0;1;1;0;0;1;1;1;0;1;1;1;1;0;1;0;1;1;0;0;1;1;1;1;1;0;1;0;1;1;0,534256231884;0,516908856218;0,897316647282;0,519887466518;0,658343669592;0,477085827386;0;0;0;0
1;0;0;1;1;0;0;1;0;1;0;1;1;1;0;1;0;1;1;1;1;0;1;1;1;0;1;0;1;0;1;0;1;1;1;1;0;0;1;1;1;1;1;1;1;0;1;1;1;0;0;1;1;1;1;1;1;1;1;1;0;1;0;1;0;1;0;1;1;1;0;0;0;1;1;1;1;1;0;1;1;0;1;0;1;1;1;1;0;0;1;1;0;0;1;1;1;1;1;1;1;1;1;0;1;0;0;1;0;1;1;1;1;0;0;0;0;1;1;1;0;1;1;0;0;1;1;1;0;1;1;1;1;0;1;0;1;1;0;0;1;1;1;1;1;0;1;0;1;1;0,534256231884;0,516908856218;0,897316647282;0,519887466518;0,658343669592;0,477085827386;0;0;0;0
1;0;0;1;1;0;0;1;0;1;0;1;1;1;0;1;0;1;1;1;1;0;1;1;1;0;1;0;1;0;1;0;1;1;1;1;0;0;1;1;1;1;1;1;1;0;1;1;1;0;0;1;1;1;1;1;1;1;1;1;0;1;0;1;0;1;0;1;1;1;0;0;0;1;1;1;1;1;0;1;1;0;1;0;1;1;1;1;0;0;1;1;0;0;1;1;1;1;1;1;1;1;1;0;1;0;0;1;0;1;1;1;1;0;0;0;0;1;1;1;0;1;1;0;0;1;1;1;0;1;1;1;1;0;1;0;1;1;0;0;1;1;1;1;1;0;1;0;1;1;0,534256231884;0,516908856218;0,897316647282;0,519887466518;0,658343669592;0,477085827386;0;0;0;0
1;0;0;1;1;0;0;1;0;1;0;1;1;1;0;1;0;1;1;1;1;0;1;1;1;0;1;0;1;0;1;0;1;1;1;1;0;0;1;1;1;1;1;1;1;0;1;1;1;0;0;1;1;1;1;1;1;1;1;1;0;1;0;1;0;1;0;1;1;1;0;0;0;1;1;1;1;1;0;1;1;0;1;0;1;1;1;1;0;0;1;1;0;0;1;1;1;1;1;1;1;1;1;0;1;0;0;1;0;1;1;1;1;0;0;0;0;1;1;1;0;1;1;0;0;1;1;1;0;1;1;1;1;0;1;0;1;1;0;0;1;1;1;1;1;0;1;0;1;1;0,534256231884;0,516908856218;0,897316647282;0,519887466518;0,658343669592;0,477085827386;0;0;0;0
1;0;0;1;1;0;0;1;0;1;0;1;1;1;0;1;0;1;1;1;1;0;1;1;1;0;1;0;1;0;1;0;1;1;1;1;0;0;1;1;1;1;1;1;1;0;1;1;1;0;0;1;1;1;1;1;1;1;1;1;0;1;0;1;0;1;0;1;1;1;0;0;0;1;1;1;1;1;0;1;1;0;1;0;1;1;1;1;0;0;1;1;0;0;1;1;1;1;1;1;1;1;1;0;1;0;0;1;0;1;1;1;1;0;0;0;0;1;1;1;0;1;1;0;0;1;1;1;0;1;1;1;1;0;1;0;1;1;0;0;1;1;1;1;1;0;1;0;1;1;0,534256231884;0,516908856218;0,897316647282;0,519887466518;0,658343669592;0,477085827386;0;0;0;0
1;0;0;1;1;0;0;1;0;1;0;1;1;1;0;1;0;1;1;1;1;0;1;1;1;0;1;0;1;0;1;0;1;1;1;1;0;0;1;1;1;1;1;1;1;0;1;1;1;0;0;1;1;1;1;1;1;1;1;1;0;1;0;1;0;1;0;1;1;1;0;0;0;1;1;1;1;1;0;1;1;0;1;0;1;1;1;1;0;0;1;1;0;0;1;1;1;1;1;1;1;1;1;0;1;0;0;1;0;1;1;1;1;0;0;0;0;1;1;1;0;1;1;0;0;1;1;1;0;1;1;1;1;0;1;0;1;1;0;0;1;1;1;1;1;0;1;0;1;1;0,534256231884;0,516908856218;0,897316647282;0,519887466518;0,658343669592;0,477085827386;0;0;0;0
1;0;0;1;1;0;0;1;0;1;0;1;1;1;0;1;0;1;1;1;1;0;1;1;1;0;1;0;1;0;1;0;1;1;1;1;0;0;1;1;1;1;1;1;1;0;1;1;1;0;0;1;1;1;1;1;1;1;1;1;0;1;0;1;0;1;0;1;1;1;0;0;0;1;1;1;1;1;0;1;1;0;1;0;1;1;1;1;0;0;1;1;0;0;1;1;1;1;1;1;1;1;1;0;1;0;0;1;0;1;1;1;1;0;0;0;0;1;1;1;0;1;1;0;0;1;1;1;0;1;1;1;1;0;1;0;1;1;0;0;1;1;1;1;1;0;1;0;1;1;0,534256231884;0,516908856218;0,897316647282;0,519887466518;0,658343669592;0,477085827386;0;0;0;0
1;0;0;1;1;0;0;1;0;1;0;1;1;1;0;1;0;1;1;1;1;0;1;1;1;0;1;0;1;0;1;0;1;1;1;1;0;0;1;1;1;1;1;1;1;0;1;1;1;0;0;1;1;1;1;1;1;1;1;1;0;1;0;1;0;1;0;1;1;1;0;0;0;1;1;1;1;1;0;1;1;0;1;0;1;1;1;1;0;0;1;1;0;0;1;1;1;1;1;1;1;1;1;0;1;0;0;1;0;1;1;1;1;0;0;0;0;1;1;1;0;1;1;0;0;1;1;1;0;1;1;1;1;0;1;0;1;1;0;0;1;1;1;1;1;0;1;0;1;1;0,534256231884;0,516908856218;0,897316647282;0,519887466518;0,658343669592;0,477085827386;0;0;0;0
