10;40;30;db;Minkowski_2;1;2
0;0;0;1;0;0;0;0;0;0;0;0;0;0;0;0;0;0;1;0;0;2;0;1;1;0;0;0;0;0;0;0;1;1;0;0;1;1;1;0;0;0;0;0;0;0;0;0;2;1;1;0;1;0;1;0;1;1;0;1;1;0;1;0;1;0;0;1;0;0;0;1;0;0;0;1;0;0;1;0;0;1;0;0;0;0;1;0;1;0;0;0;1;0;0;0;0;0;2;1;0;1;0;0;1;1;0;0;0;0;0;0;0;1;1;0;0;0;1;1;1;0;0;1;1;1;1;1;0;1;1;0;0;0;0;1;1;0;0;0;0;1;0;1;0;0;0;1;0;0;0,514026155887;0,526262979699;0,816431052182;0,532910842497;0,644884682785;2,4669993393;0;0;0;0
1;1;1;2;1;1;1;1;1;1;1;1;1;1;1;1;1;1;2;1;1;0;1;2;2;1;1;1;1;1;1;1;2;2;1;1;2;2;2;1;1;1;1;1;1;1;1;1;0;2;2;1;2;1;2;1;2;2;1;2;2;1;2;1;2;1;1;2;1;1;1;2;1;1;1;2;1;1;2;1;1;2;1;1;1;1;2;1;2;1;1;1;2;1;1;1;1;1;0;2;1;2;1;1;2;2;1;1;1;1;1;1;1;2;2;1;1;1;2;2;2;0;1;2;2;2;2;2;2;2;2;1;1;0;1;2;2;1;1;0;1;2;1;2;1;1;1;2;1;1;0,528600016028;0,527928359866;0,749105205551;0,534251356189;0,623693342793;2,48405087188;0;0;0;0
1;1;1;2;1;1;1;1;1;1;1;1;1;1;1;1;1;1;2;1;1;0;1;2;2;1;1;1;1;1;1;1;2;2;1;1;2;2;2;1;1;1;1;1;1;1;1;1;0;2;2;1;2;1;2;1;2;2;1;2;2;1;2;1;2;1;1;2;1;1;1;2;1;1;1;2;1;1;2;1;1;2;1;1;1;1;2;1;2;1;1;1;2;1;1;1;1;1;0;2;1;2;1;1;2;2;1;1;1;1;1;1;1;2;2;1;1;1;2;2;2;0;1;2;2;2;2;2;2;2;2;1;1;0;1;2;2;1;1;0;1;2;1;2;1;1;1;2;1;1;0,528600016028;0,527928359866;0,749105205551;0,534251356189;0,623693342793;2,48405087188;0;0;0;0
1;1;1;2;1;1;1;1;1;1;1;1;1;1;1;1;1;1;2;1;1;0;1;2;2;1;1;1;1;1;1;1;2;2;1;1;2;2;2;1;1;1;1;1;1;1;1;1;0;2;2;1;2;1;2;1;2;2;1;2;2;1;2;1;2;1;1;2;1;1;1;2;1;1;1;2;1;1;2;1;1;2;1;1;1;1;2;1;2;1;1;1;2;1;1;1;1;1;0;2;1;2;1;1;2;2;1;1;1;1;1;1;1;2;2;1;1;1;2;2;2;0;1;2;2;2;2;2;2;2;2;1;1;0;1;2;2;1;1;0;1;2;1;2;1;1;1;2;1;1;0,528600016028;0,527928359866;0,749105205551;0,534251356189;0,623693342793;2,48405087188;0;0;0;0
0;0;0;1;0;0;0;0;0;0;0;0;0;0;0;0;0;0;1;0;0;0;0;1;1;0;0;0;0;0;0;0;1;1;0;0;1;1;1;0;0;0;0;0;0;0;0;0;0;1;1;0;1;0;1;0;1;1;0;1;1;0;1;0;1;0;0;1;0;0;0;1;0;0;0;1;0;0;1;0;0;1;0;0;0;0;1;0;1;0;0;0;1;0;0;0;0;0;0;1;0;1;0;0;1;1;0;0;0;0;0;0;0;1;1;0;0;0;1;1;1;0;0;1;1;1;1;1;0;1;1;0;0;0;0;1;1;0;0;0;0;1;0;1;0;0;0;1;0;0;0,519933072445;0,516663219761;0,91069690523;0,519644719873;0,661714418293;2,76152154758;0;0;0;0
0;0;0;1;0;0;0;0;0;0;0;0;0;0;0;0;0;0;1;0;0;0;0;1;1;0;0;0;0;0;0;0;1;1;0;0;1;1;1;0;0;0;0;0;0;0;0;0;0;1;1;0;1;0;1;0;1;1;0;1;1;0;1;0;1;0;0;1;0;0;0;1;0;0;0;1;0;0;1;0;0;1;0;0;0;0;1;0;1;0;0;0;1;0;0;0;0;0;0;1;0;1;0;0;1;1;0;0;0;0;0;0;0;1;1;0;0;0;1;1;1;0;0;1;1;1;1;1;0;1;1;0;0;0;0;1;1;0;0;0;0;1;0;1;0;0;0;1;0;0;0,519933072445;0,516663219761;0,91069690523;0,519644719873;0,661714418293;2,76152154758;0;0;0;0
0;0;0;1;0;0;0;0;0;0;0;0;0;0;0;0;0;0;1;0;0;0;0;1;1;0;0;0;0;0;0;0;1;1;0;0;1;1;1;0;0;0;0;0;0;0;0;0;0;1;1;0;1;0;1;0;1;1;0;1;1;0;1;0;1;0;0;1;0;0;0;1;0;0;0;1;0;0;1;0;0;1;0;0;0;0;1;0;1;0;0;0;1;0;0;0;0;0;0;1;0;1;0;0;1;1;0;0;0;0;0;0;0;1;1;0;0;0;1;1;1;0;0;1;1;1;1;1;0;1;1;0;0;0;0;1;1;0;0;0;0;1;0;1;0;0;0;1;0;0;0,519933072445;0,516663219761;0,91069690523;0,519644719873;0,661714418293;2,76152154758;0;0;0;0
0;0;0;1;0;0;0;0;0;0;0;0;0;0;0;0;0;0;1;0;0;0;0;1;1;0;0;0;0;0;0;0;1;1;0;0;1;1;1;0;0;0;0;0;0;0;0;0;0;1;1;0;1;0;1;0;1;1;0;1;1;0;1;0;1;0;0;1;0;0;0;1;0;0;0;1;0;0;1;0;0;1;0;0;0;0;1;0;1;0;0;0;1;0;0;0;0;0;0;1;0;1;0;0;1;1;0;0;0;0;0;0;0;1;1;0;0;0;1;1;1;0;0;1;1;1;1;1;0;1;1;0;0;0;0;1;1;0;0;0;0;1;0;1;0;0;0;1;0;0;0,519933072445;0,516663219761;0,91069690523;0,519644719873;0,661714418293;2,76152154758;0;0;0;0
0;0;0;1;0;0;0;0;0;0;0;0;0;0;0;0;0;0;1;0;0;0;0;1;1;0;0;0;0;0;0;0;1;1;0;0;1;1;1;0;0;0;0;0;0;0;0;0;0;1;1;0;1;0;1;0;1;1;0;1;1;0;1;0;1;0;0;1;0;0;0;1;0;0;0;1;0;0;1;0;0;1;0;0;0;0;1;0;1;0;0;0;1;0;0;0;0;0;0;1;0;1;0;0;1;1;0;0;0;0;0;0;0;1;1;0;0;0;1;1;1;0;0;1;1;1;1;1;0;1;1;0;0;0;0;1;1;0;0;0;0;1;0;1;0;0;0;1;0;0;0,519933072445;0,516663219761;0,91069690523;0,519644719873;0,661714418293;2,76152154758;0;0;0;0
0;0;0;1;0;0;0;0;0;0;0;0;0;0;0;0;0;0;1;0;0;0;0;1;1;0;0;0;0;0;0;0;1;1;0;0;1;1;1;0;0;0;0;0;0;0;0;0;0;1;1;0;1;0;1;0;1;1;0;1;1;0;1;0;1;0;0;1;0;0;0;1;0;0;0;1;0;0;1;0;0;1;0;0;0;0;1;0;1;0;0;0;1;0;0;0;0;0;0;1;0;1;0;0;1;1;0;0;0;0;0;0;0;1;1;0;0;0;1;1;1;0;0;1;1;1;1;1;0;1;1;0;0;0;0;1;1;0;0;0;0;1;0;1;0;0;0;1;0;0;0,519933072445;0,516663219761;0,91069690523;0,519644719873;0,661714418293;2,76152154758;0;0;0;0
0;0;0;1;0;0;0;0;0;0;0;0;0;0;0;0;0;0;1;0;0;0;0;1;1;0;0;0;0;0;0;0;1;1;0;0;1;1;1;0;0;0;0;0;0;0;0;0;0;1;1;0;1;0;1;0;1;1;0;1;1;0;1;0;1;0;0;1;0;0;0;1;0;0;0;1;0;0;1;0;0;1;0;0;0;0;1;0;1;0;0;0;1;0;0;0;0;0;0;1;0;1;0;0;1;1;0;0;0;0;0;0;0;1;1;0;0;0;1;1;1;0;0;1;1;1;1;1;0;1;1;0;0;0;0;1;1;0;0;0;0;1;0;1;0;0;0;1;0;0;0,519933072445;0,516663219761;0,91069690523;0,519644719873;0,661714418293;2,76152154758;0;0;0;0
0;0;0;1;0;0;0;0;0;0;0;0;0;0;0;0;0;0;1;0;0;0;0;1;1;0;0;0;0;0;0;0;1;1;0;0;1;1;1;0;0;0;0;0;0;0;0;0;0;1;1;0;1;0;1;0;1;1;0;1;1;0;1;0;1;0;0;1;0;0;0;1;0;0;0;1;0;0;1;0;0;1;0;0;0;0;1;0;1;0;0;0;1;0;0;0;0;0;0;1;0;1;0;0;1;1;0;0;0;0;0;0;0;1;1;0;0;0;1;1;1;0;0;1;1;1;1;1;0;1;1;0;0;0;0;1;1;0;0;0;0;1;0;1;0;0;0;1;0;0;0,519933072445;0,516663219761;0,91069690523;0,519644719873;0,661714418293;2,76152154758;0;0;0;0
0;0;0;1;0;0;0;0;0;0;0;0;0;0;0;0;0;0;1;0;0;0;0;1;1;0;0;0;0;0;0;0;1;1;0;0;1;1;1;0;0;0;0;0;0;0;0;0;0;1;1;0;1;0;1;0;1;1;0;1;1;0;1;0;1;0;0;1;0;0;0;1;0;0;0;1;0;0;1;0;0;1;0;0;0;0;1;0;1;0;0;0;1;0;0;0;0;0;0;1;0;1;0;0;1;1;0;0;0;0;0;0;0;1;1;0;0;0;1;1;1;0;0;1;1;1;1;1;0;1;1;0;0;0;0;1;1;0;0;0;0;1;0;1;0;0;0;1;0;0;0,519933072445;0,516663219761;0,91069690523;0,519644719873;0,661714418293;2,76152154758;0;0;0;0
0;0;0;1;0;0;0;0;0;0;0;0;0;0;0;0;0;0;1;0;0;0;0;1;1;0;0;0;0;0;0;0;1;1;0;0;1;1;1;0;0;0;0;0;0;0;0;0;0;1;1;0;1;0;1;0;1;1;0;1;1;0;1;0;1;0;0;1;0;0;0;1;0;0;0;1;0;0;1;0;0;1;0;0;0;0;1;0;1;0;0;0;1;0;0;0;0;0;0;1;0;1;0;0;1;1;0;0;0;0;0;0;0;1;1;0;0;0;1;1;1;0;0;1;1;1;1;1;0;1;1;0;0;0;0;1;1;0;0;0;0;1;0;1;0;0;0;1;0;0;0,519933072445;0,516663219761;0,91069690523;0,519644719873;0,661714418293;2,76152154758;0;0;0;0
0;0;0;1;0;0;0;0;0;0;0;0;0;0;0;0;0;0;1;0;0;0;0;1;1;0;0;0;0;0;0;0;1;1;0;0;1;1;1;0;0;0;0;0;0;0;0;0;0;1;1;0;1;0;1;0;1;1;0;1;1;0;1;0;1;0;0;1;0;0;0;1;0;0;0;1;0;0;1;0;0;1;0;0;0;0;1;0;1;0;0;0;1;0;0;0;0;0;0;1;0;1;0;0;1;1;0;0;0;0;0;0;0;1;1;0;0;0;1;1;1;0;0;1;1;1;1;1;0;1;1;0;0;0;0;1;1;0;0;0;0;1;0;1;0;0;0;1;0;0;0,519933072445;0,516663219761;0,91069690523;0,519644719873;0,661714418293;2,76152154758;0;0;0;0
0;0;0;1;0;0;0;0;0;0;0;0;0;0;0;0;0;0;1;0;0;0;0;1;1;0;0;0;0;0;0;0;1;1;0;0;1;1;1;0;0;0;0;0;0;0;0;0;0;1;1;0;1;0;1;0;1;1;0;1;1;0;1;0;1;0;0;1;0;0;0;1;0;0;0;1;0;0;1;0;0;1;0;0;0;0;1;0;1;0;0;0;1;0;0;0;0;0;0;1;0;1;0;0;1;1;0;0;0;0;0;0;0;1;1;0;0;0;1;1;1;0;0;1;1;1;1;1;0;1;1;0;0;0;0;1;1;0;0;0;0;1;0;1;0;0;0;1;0;0;0,519933072445;0,516663219761;0,91069690523;0,519644719873;0,661714418293;2,76152154758;0;0;0;0
0;0;0;1;0;0;0;0;0;0;0;0;0;0;0;0;0;0;1;0;0;0;0;1;1;0;0;0;0;0;0;0;1;1;0;0;1;1;1;0;0;0;0;0;0;0;0;0;0;1;1;0;1;0;1;0;1;1;0;1;1;0;1;0;1;0;0;1;0;0;0;1;0;0;0;1;0;0;1;0;0;1;0;0;0;0;1;0;1;0;0;0;1;0;0;0;0;0;0;1;0;1;0;0;1;1;0;0;0;0;0;0;0;1;1;0;0;0;1;1;1;0;0;1;1;1;1;1;0;1;1;0;0;0;0;1;1;0;0;0;0;1;0;1;0;0;0;1;0;0;0,519933072445;0,516663219761;0,91069690523;0,519644719873;0,661714418293;2,76152154758;0;0;0;0
0;0;0;1;0;0;0;0;0;0;0;0;0;0;0;0;0;0;1;0;0;0;0;1;1;0;0;0;0;0;0;0;1;1;0;0;1;1;1;0;0;0;0;0;0;0;0;0;0;1;1;0;1;0;1;0;1;1;0;1;1;0;1;0;1;0;0;1;0;0;0;1;0;0;0;1;0;0;1;0;0;1;0;0;0;0;1;0;1;0;0;0;1;0;0;0;0;0;0;1;0;1;0;0;1;1;0;0;0;0;0;0;0;1;1;0;0;0;1;1;1;0;0;1;1;1;1;1;0;1;1;0;0;0;0;1;1;0;0;0;0;1;0;1;0;0;0;1;0;0;0,519933072445;0,516663219761;0,91069690523;0,519644719873;0,661714418293;2,76152154758;0;0;0;0
0;0;0;1;0;0;0;0;0;0;0;0;0;0;0;0;0;0;1;0;0;0;0;1;1;0;0;0;0;0;0;0;1;1;0;0;1;1;1;0;0;0;0;0;0;0;0;0;0;1;1;0;1;0;1;0;1;1;0;1;1;0;1;0;1;0;0;1;0;0;0;1;0;0;0;1;0;0;1;0;0;1;0;0;0;0;1;0;1;0;0;0;1;0;0;0;0;0;0;1;0;1;0;0;1;1;0;0;0;0;0;0;0;1;1;0;0;0;1;1;1;0;0;1;1;1;1;1;0;1;1;0;0;0;0;1;1;0;0;0;0;1;0;1;0;0;0;1;0;0;0,519933072445;0,516663219761;0,91069690523;0,519644719873;0,661714418293;2,76152154758;0;0;0;0
0;0;0;1;0;0;0;0;0;0;0;0;0;0;0;0;0;0;1;0;0;0;0;1;1;0;0;0;0;0;0;0;1;1;0;0;1;1;1;0;0;0;0;0;0;0;0;0;0;1;1;0;1;0;1;0;1;1;0;1;1;0;1;0;1;0;0;1;0;0;0;1;0;0;0;1;0;0;1;0;0;1;0;0;0;0;1;0;1;0;0;0;1;0;0;0;0;0;0;1;0;1;0;0;1;1;0;0;0;0;0;0;0;1;1;0;0;0;1;1;1;0;0;1;1;1;1;1;0;1;1;0;0;0;0;1;1;0;0;0;0;1;0;1;0;0;0;1;0;0;0,519933072445;0,516663219761;0,91069690523;0,519644719873;0,661714418293;2,76152154758;0;0;0;0
0;0;0;1;0;0;0;0;0;0;0;0;0;0;0;0;0;0;1;0;0;0;0;1;1;0;0;0;0;0;0;0;1;1;0;0;1;1;1;0;0;0;0;0;0;0;0;0;0;1;1;0;1;0;1;0;1;1;0;1;1;0;1;0;1;0;0;1;0;0;0;1;0;0;0;1;0;0;1;0;0;1;0;0;0;0;1;0;1;0;0;0;1;0;0;0;0;0;0;1;0;1;0;0;1;1;0;0;0;0;0;0;0;1;1;0;0;0;1;1;1;0;0;1;1;1;1;1;0;1;1;0;0;0;0;1;1;0;0;0;0;1;0;1;0;0;0;1;0;0;0,519933072445;0,516663219761;0,91069690523;0,519644719873;0,661714418293;2,76152154758;0;0;0;0
0;0;0;1;0;0;0;0;0;0;0;0;0;0;0;0;0;0;1;0;0;0;0;1;1;0;0;0;0;0;0;0;1;1;0;0;1;1;1;0;0;0;0;0;0;0;0;0;0;1;1;0;1;0;1;0;1;1;0;1;1;0;1;0;1;0;0;1;0;0;0;1;0;0;0;1;0;0;1;0;0;1;0;0;0;0;1;0;1;0;0;0;1;0;0;0;0;0;0;1;0;1;0;0;1;1;0;0;0;0;0;0;0;1;1;0;0;0;1;1;1;0;0;1;1;1;1;1;0;1;1;0;0;0;0;1;1;0;0;0;0;1;0;1;0;0;0;1;0;0;0,519933072445;0,516663219761;0,91069690523;0,519644719873;0,661714418293;2,76152154758;0;0;0;0
0;0;0;1;0;0;0;0;0;0;0;0;0;0;0;0;0;0;1;0;0;0;0;1;1;0;0;0;0;0;0;0;1;1;0;0;1;1;1;0;0;0;0;0;0;0;0;0;0;1;1;0;1;0;1;0;1;1;0;1;1;0;1;0;1;0;0;1;0;0;0;1;0;0;0;1;0;0;1;0;0;1;0;0;0;0;1;0;1;0;0;0;1;0;0;0;0;0;0;1;0;1;0;0;1;1;0;0;0;0;0;0;0;1;1;0;0;0;1;1;1;0;0;1;1;1;1;1;0;1;1;0;0;0;0;1;1;0;0;0;0;1;0;1;0;0;0;1;0;0;0,519933072445;0,516663219761;0,91069690523;0,519644719873;0,661714418293;2,76152154758;0;0;0;0
0;0;0;1;0;0;0;0;0;0;0;0;0;0;0;0;0;0;1;0;0;0;0;1;1;0;0;0;0;0;0;0;1;1;0;0;1;1;1;0;0;0;0;0;0;0;0;0;0;1;1;0;1;0;1;0;1;1;0;1;1;0;1;0;1;0;0;1;0;0;0;1;0;0;0;1;0;0;1;0;0;1;0;0;0;0;1;0;1;0;0;0;1;0;0;0;0;0;0;1;0;1;0;0;1;1;0;0;0;0;0;0;0;1;1;0;0;0;1;1;1;0;0;1;1;1;1;1;0;1;1;0;0;0;0;1;1;0;0;0;0;1;0;1;0;0;0;1;0;0;0,519933072445;0,516663219761;0,91069690523;0,519644719873;0,661714418293;2,76152154758;0;0;0;0
0;0;0;1;0;0;0;0;0;0;0;0;0;0;0;0;0;0;1;0;0;0;0;1;1;0;0;0;0;0;0;0;1;1;0;0;1;1;1;0;0;0;0;0;0;0;0;0;0;1;1;0;1;0;1;0;1;1;0;1;1;0;1;0;1;0;0;1;0;0;0;1;0;0;0;1;0;0;1;0;0;1;0;0;0;0;1;0;1;0;0;0;1;0;0;0;0;0;0;1;0;1;0;0;1;1;0;0;0;0;0;0;0;1;1;0;0;0;1;1;1;0;0;1;1;1;1;1;0;1;1;0;0;0;0;1;1;0;0;0;0;1;0;1;0;0;0;1;0;0;0,519933072445;0,516663219761;0,91069690523;0,519644719873;0,661714418293;2,76152154758;0;0;0;0
0;0;0;1;0;0;0;0;0;0;0;0;0;0;0;0;0;0;1;0;0;0;0;1;1;0;0;0;0;0;0;0;1;1;0;0;1;1;1;0;0;0;0;0;0;0;0;0;0;1;1;0;1;0;1;0;1;1;0;1;1;0;1;0;1;0;0;1;0;0;0;1;0;0;0;1;0;0;1;0;0;1;0;0;0;0;1;0;1;0;0;0;1;0;0;0;0;0;0;1;0;1;0;0;1;1;0;0;0;0;0;0;0;1;1;0;0;0;1;1;1;0;0;1;1;1;1;1;0;1;1;0;0;0;0;1;1;0;0;0;0;1;0;1;0;0;0;1;0;0;0,519933072445;0,516663219761;0,91069690523;0,519644719873;0,661714418293;2,76152154758;0;0;0;0
0;0;0;1;0;0;0;0;0;0;0;0;0;0;0;0;0;0;1;0;0;0;0;1;1;0;0;0;0;0;0;0;1;1;0;0;1;1;1;0;0;0;0;0;0;0;0;0;0;1;1;0;1;0;1;0;1;1;0;1;1;0;1;0;1;0;0;1;0;0;0;1;0;0;0;1;0;0;1;0;0;1;0;0;0;0;1;0;1;0;0;0;1;0;0;0;0;0;0;1;0;1;0;0;1;1;0;0;0;0;0;0;0;1;1;0;0;0;1;1;1;0;0;1;1;1;1;1;0;1;1;0;0;0;0;1;1;0;0;0;0;1;0;1;0;0;0;1;0;0;0,519933072445;0,516663219761;0,91069690523;0,519644719873;0,661714418293;2,76152154758;0;0;0;0
0;0;0;1;0;0;0;0;0;0;0;0;0;0;0;0;0;0;1;0;0;0;0;1;1;0;0;0;0;0;0;0;1;1;0;0;1;1;1;0;0;0;0;0;0;0;0;0;0;1;1;0;1;0;1;0;1;1;0;1;1;0;1;0;1;0;0;1;0;0;0;1;0;0;0;1;0;0;1;0;0;1;0;0;0;0;1;0;1;0;0;0;1;0;0;0;0;0;0;1;0;1;0;0;1;1;0;0;0;0;0;0;0;1;1;0;0;0;1;1;1;0;0;1;1;1;1;1;0;1;1;0;0;0;0;1;1;0;0;0;0;1;0;1;0;0;0;1;0;0;0,519933072445;0,516663219761;0,91069690523;0,519644719873;0,661714418293;2,76152154758;0;0;0;0
0;0;0;1;0;0;0;0;0;0;0;0;0;0;0;0;0;0;1;0;0;0;0;1;1;0;0;0;0;0;0;0;1;1;0;0;1;1;1;0;0;0;0;0;0;0;0;0;0;1;1;0;1;0;1;0;1;1;0;1;1;0;1;0;1;0;0;1;0;0;0;1;0;0;0;1;0;0;1;0;0;1;0;0;0;0;1;0;1;0;0;0;1;0;0;0;0;0;0;1;0;1;0;0;1;1;0;0;0;0;0;0;0;1;1;0;0;0;1;1;1;0;0;1;1;1;1;1;0;1;1;0;0;0;0;1;1;0;0;0;0;1;0;1;0;0;0;1;0;0;0,519933072445;0,516663219761;0,91069690523;0,519644719873;0,661714418293;2,76152154758;0;0;0;0
0;0;0;1;0;0;0;0;0;0;0;0;0;0;0;0;0;0;1;0;0;0;0;1;1;0;0;0;0;0;0;0;1;1;0;0;1;1;1;0;0;0;0;0;0;0;0;0;0;1;1;0;1;0;1;0;1;1;0;1;1;0;1;0;1;0;0;1;0;0;0;1;0;0;0;1;0;0;1;0;0;1;0;0;0;0;1;0;1;0;0;0;1;0;0;0;0;0;0;1;0;1;0;0;1;1;0;0;0;0;0;0;0;1;1;0;0;0;1;1;1;0;0;1;1;1;1;1;0;1;1;0;0;0;0;1;1;0;0;0;0;1;0;1;0;0;0;1;0;0;0,519933072445;0,516663219761;0,91069690523;0,519644719873;0,661714418293;2,76152154758;0;0;0;0
