10;40;30;db;Minkowski_2;1;4
1;0;0;3;3;0;3;3;4;0;0;3;3;4;4;4;3;3;3;0;3;0;0;3;4;0;0;0;0;0;0;4;0;0;5;0;3;4;3;0;4;3;0;0;3;3;3;0;4;0;4;3;0;0;3;3;3;0;3;0;4;2;4;0;3;0;0;3;3;0;0;3;3;4;0;0;0;0;0;1;0;3;3;0;0;0;0;0;4;4;0;0;0;3;3;0;3;3;3;3;3;0;0;1;0;3;1;0;4;2;0;0;0;3;4;4;3;0;0;3;4;0;0;4;4;0;0;1;1;3;0;4;3;0;1;3;3;0;4;4;0;4;0;3;0;5;0;3;3;0;0,502885482417;0,525680455214;0,539928385642;0,629264262221;0,581183328281;0,944628590317;0;0;0;0
0;0;0;2;2;0;2;2;2;0;0;2;2;0;0;2;2;2;2;0;2;0;0;2;0;0;0;0;0;0;0;0;0;0;1;0;2;0;2;0;0;2;0;0;2;2;2;0;0;0;0;2;0;0;2;2;2;0;2;0;0;2;0;0;2;0;0;2;2;0;0;2;2;0;0;0;0;0;0;0;0;2;2;0;0;0;0;0;0;0;0;0;0;2;2;0;2;2;2;2;2;0;0;1;0;2;0;0;2;2;0;0;0;2;0;0;2;0;0;2;0;0;0;0;0;0;0;0;0;2;0;0;2;0;0;2;2;0;0;0;0;0;0;2;0;1;0;2;2;0;0,476686961565;0,456798994102;0,694382796922;0,464418781581;0,556582625498;1,24766395724;0;0;0;0
1;1;0;0;0;1;0;0;0;1;1;0;0;0;1;0;0;0;0;1;0;1;1;0;0;1;1;1;1;1;1;1;1;1;2;1;0;0;0;1;1;0;1;1;0;0;0;1;1;1;1;0;1;1;0;0;0;1;0;1;1;0;1;1;0;1;1;0;0;1;1;0;0;0;1;1;1;0;1;1;1;0;0;1;1;1;1;1;0;0;1;0;1;0;0;0;0;0;0;0;0;1;1;1;1;0;1;1;0;0;1;1;1;0;1;0;0;1;1;0;0;1;1;1;1;1;1;1;1;0;1;1;0;1;1;0;0;1;1;0;1;1;1;0;1;2;1;0;0;1;0,433184770429;0,396632299144;0,595362766936;0,405033114862;0,482092420316;1,2788576145;0;0;0;0
0;0;0;1;1;0;1;1;1;0;0;1;1;1;0;1;1;1;1;0;1;0;0;1;0;0;0;0;0;0;0;0;0;0;0;0;1;0;1;0;0;1;0;0;1;1;1;0;0;0;0;1;0;0;1;1;1;0;1;0;0;1;0;0;1;0;0;1;1;0;0;1;1;0;0;0;0;0;0;0;0;1;1;0;0;0;0;0;0;0;0;0;0;1;1;0;1;1;1;1;1;0;0;0;0;1;0;0;1;1;0;0;0;1;0;0;1;0;0;1;0;0;0;0;0;0;0;0;0;1;0;0;1;0;0;1;1;0;0;0;0;0;0;1;0;0;0;1;1;0;0,477207652439;0,438134246547;0,746965377349;0,441596503005;0,555052797764;1,42855852128;0;0;0;0
0;0;0;1;1;0;1;1;0;0;0;1;1;0;0;1;1;1;1;0;1;0;0;1;0;0;0;0;0;0;0;0;0;0;0;0;1;0;1;0;0;1;0;0;1;1;1;0;0;0;0;1;0;0;1;1;1;0;1;0;0;1;0;0;1;0;0;1;1;0;0;1;1;0;0;0;0;0;0;0;0;1;1;0;0;0;0;0;0;0;0;0;0;1;1;0;1;1;1;1;1;0;0;0;0;1;0;0;1;1;0;0;0;1;0;0;1;0;0;1;0;0;0;0;0;0;0;0;0;1;0;0;1;0;0;1;1;0;0;0;0;0;0;1;0;0;0;1;1;0;0,493227333457;0,460347621214;0,794649082689;0,463674273193;0,585633786637;1,48792346603;0;0;0;0
0;0;0;1;1;0;1;1;0;0;0;1;1;0;0;0;1;1;1;0;1;0;0;1;0;0;0;0;0;0;0;0;0;0;0;0;1;0;1;0;0;1;0;0;1;1;1;0;0;0;0;1;0;0;1;1;1;0;1;0;0;0;0;0;1;0;0;1;1;0;0;1;1;0;0;0;0;0;0;0;0;1;1;0;0;0;0;0;0;0;0;0;0;1;1;0;1;1;1;1;1;0;0;0;0;1;0;0;1;1;0;0;0;1;0;0;1;0;0;1;0;0;0;0;0;0;0;0;0;1;0;0;1;0;0;1;1;0;0;0;0;0;0;1;0;0;0;1;1;0;0,5106825677;0,491242270091;0,859667472992;0,494379834728;0,627750981514;1,54142305678;0;0;0;0
0;0;0;1;1;0;1;1;0;0;0;1;1;0;0;0;1;1;1;0;1;0;0;1;0;0;0;0;0;0;0;0;0;0;0;0;1;0;1;0;0;1;0;0;1;1;1;0;0;0;0;1;0;0;1;1;1;0;1;0;0;0;0;0;1;0;0;1;1;0;0;1;1;0;0;0;0;0;0;0;0;1;1;0;0;0;0;0;0;0;0;0;0;1;1;0;1;1;1;1;1;0;0;0;0;1;0;0;1;1;0;0;0;1;0;0;1;0;0;1;0;0;0;0;0;0;0;0;0;1;0;0;1;0;0;1;1;0;0;0;0;0;0;1;0;0;0;1;1;0;0,5106825677;0,491242270091;0,859667472992;0,494379834728;0,627750981514;1,54142305678;0;0;0;0
0;0;0;1;1;0;1;1;0;0;0;1;1;0;0;0;1;1;1;0;1;0;0;1;0;0;0;0;0;0;0;0;0;0;0;0;1;0;1;0;0;1;0;0;1;1;1;0;0;0;0;1;0;0;1;1;1;0;1;0;0;0;0;0;1;0;0;1;1;0;0;1;1;0;0;0;0;0;0;0;0;1;1;0;0;0;0;0;0;0;0;0;0;1;1;0;1;1;1;1;1;0;0;0;0;1;0;0;1;1;0;0;0;1;0;0;1;0;0;1;0;0;0;0;0;0;0;0;0;1;0;0;1;0;0;1;1;0;0;0;0;0;0;1;0;0;0;1;1;0;0,5106825677;0,491242270091;0,859667472992;0,494379834728;0,627750981514;1,54142305678;0;0;0;0
0;0;0;1;1;0;1;1;0;0;0;1;1;0;0;0;1;1;1;0;1;0;0;1;0;0;0;0;0;0;0;0;0;0;0;0;1;0;1;0;0;1;0;0;1;1;1;0;0;0;0;1;0;0;1;1;1;0;1;0;0;0;0;0;1;0;0;1;1;0;0;1;1;0;0;0;0;0;0;0;0;1;1;0;0;0;0;0;0;0;0;0;0;1;1;0;1;1;1;1;1;0;0;0;0;1;0;0;0;1;0;0;0;1;0;0;1;0;0;1;0;0;0;0;0;0;0;0;0;1;0;0;1;0;0;1;1;0;0;0;0;0;0;1;0;0;0;1;1;0;0,519933072445;0,516663219761;0,91069690523;0,519644719873;0,661714418293;1,5699932936;0;0;0;0
0;0;0;1;1;0;1;1;0;0;0;1;1;0;0;0;1;1;1;0;1;0;0;1;0;0;0;0;0;0;0;0;0;0;0;0;1;0;1;0;0;1;0;0;1;1;1;0;0;0;0;1;0;0;1;1;1;0;1;0;0;0;0;0;1;0;0;1;1;0;0;1;1;0;0;0;0;0;0;0;0;1;1;0;0;0;0;0;0;0;0;0;0;1;1;0;1;1;1;1;1;0;0;0;0;1;0;0;0;1;0;0;0;1;0;0;1;0;0;1;0;0;0;0;0;0;0;0;0;1;0;0;1;0;0;1;1;0;0;0;0;0;0;1;0;0;0;1;1;0;0,519933072445;0,516663219761;0,91069690523;0,519644719873;0,661714418293;1,5699932936;0;0;0;0
0;0;0;1;1;0;1;1;0;0;0;1;1;0;0;0;1;1;1;0;1;0;0;1;0;0;0;0;0;0;0;0;0;0;0;0;1;0;1;0;0;1;0;0;1;1;1;0;0;0;0;1;0;0;1;1;1;0;1;0;0;0;0;0;1;0;0;1;1;0;0;1;1;0;0;0;0;0;0;0;0;1;1;0;0;0;0;0;0;0;0;0;0;1;1;0;1;1;1;1;1;0;0;0;0;1;0;0;0;1;0;0;0;1;0;0;1;0;0;1;0;0;0;0;0;0;0;0;0;1;0;0;1;0;0;1;1;0;0;0;0;0;0;1;0;0;0;1;1;0;0,519933072445;0,516663219761;0,91069690523;0,519644719873;0,661714418293;1,5699932936;0;0;0;0
0;0;0;1;1;0;1;1;0;0;0;1;1;0;0;0;1;1;1;0;1;0;0;1;0;0;0;0;0;0;0;0;0;0;0;0;1;0;1;0;0;1;0;0;1;1;1;0;0;0;0;1;0;0;1;1;1;0;1;0;0;0;0;0;1;0;0;1;1;0;0;1;1;0;0;0;0;0;0;0;0;1;1;0;0;0;0;0;0;0;0;0;0;1;1;0;1;1;1;1;1;0;0;0;0;1;0;0;0;1;0;0;0;1;0;0;1;0;0;1;0;0;0;0;0;0;0;0;0;1;0;0;1;0;0;1;1;0;0;0;0;0;0;1;0;0;0;1;1;0;0,519933072445;0,516663219761;0,91069690523;0,519644719873;0,661714418293;1,5699932936;0;0;0;0
0;0;0;1;1;0;1;1;0;0;0;1;1;0;0;0;1;1;1;0;1;0;0;1;0;0;0;0;0;0;0;0;0;0;0;0;1;0;1;0;0;1;0;0;1;1;1;0;0;0;0;1;0;0;1;1;1;0;1;0;0;0;0;0;1;0;0;1;1;0;0;1;1;0;0;0;0;0;0;0;0;1;1;0;0;0;0;0;0;0;0;0;0;1;1;0;1;1;1;1;1;0;0;0;0;1;0;0;0;1;0;0;0;1;0;0;1;0;0;1;0;0;0;0;0;0;0;0;0;1;0;0;1;0;0;1;1;0;0;0;0;0;0;1;0;0;0;1;1;0;0,519933072445;0,516663219761;0,91069690523;0,519644719873;0,661714418293;1,5699932936;0;0;0;0
0;0;0;1;1;0;1;1;0;0;0;1;1;0;0;0;1;1;1;0;1;0;0;1;0;0;0;0;0;0;0;0;0;0;0;0;1;0;1;0;0;1;0;0;1;1;1;0;0;0;0;1;0;0;1;1;1;0;1;0;0;0;0;0;1;0;0;1;1;0;0;1;1;0;0;0;0;0;0;0;0;1;1;0;0;0;0;0;0;0;0;0;0;1;1;0;1;1;1;1;1;0;0;0;0;1;0;0;0;1;0;0;0;1;0;0;1;0;0;1;0;0;0;0;0;0;0;0;0;1;0;0;1;0;0;1;1;0;0;0;0;0;0;1;0;0;0;1;1;0;0,519933072445;0,516663219761;0,91069690523;0,519644719873;0,661714418293;1,5699932936;0;0;0;0
0;0;0;1;1;0;1;1;0;0;0;1;1;0;0;0;1;1;1;0;1;0;0;1;0;0;0;0;0;0;0;0;0;0;0;0;1;0;1;0;0;1;0;0;1;1;1;0;0;0;0;1;0;0;1;1;1;0;1;0;0;0;0;0;1;0;0;1;1;0;0;1;1;0;0;0;0;0;0;0;0;1;1;0;0;0;0;0;0;0;0;0;0;1;1;0;1;1;1;1;1;0;0;0;0;1;0;0;0;1;0;0;0;1;0;0;1;0;0;1;0;0;0;0;0;0;0;0;0;1;0;0;1;0;0;1;1;0;0;0;0;0;0;1;0;0;0;1;1;0;0,519933072445;0,516663219761;0,91069690523;0,519644719873;0,661714418293;1,5699932936;0;0;0;0
0;0;0;1;1;0;1;1;0;0;0;1;1;0;0;0;1;1;1;0;1;0;0;1;0;0;0;0;0;0;0;0;0;0;0;0;1;0;1;0;0;1;0;0;1;1;1;0;0;0;0;1;0;0;1;1;1;0;1;0;0;0;0;0;1;0;0;1;1;0;0;1;1;0;0;0;0;0;0;0;0;1;1;0;0;0;0;0;0;0;0;0;0;1;1;0;1;1;1;1;1;0;0;0;0;1;0;0;0;1;0;0;0;1;0;0;1;0;0;1;0;0;0;0;0;0;0;0;0;1;0;0;1;0;0;1;1;0;0;0;0;0;0;1;0;0;0;1;1;0;0,519933072445;0,516663219761;0,91069690523;0,519644719873;0,661714418293;1,5699932936;0;0;0;0
0;0;0;1;1;0;1;1;0;0;0;1;1;0;0;0;1;1;1;0;1;0;0;1;0;0;0;0;0;0;0;0;0;0;0;0;1;0;1;0;0;1;0;0;1;1;1;0;0;0;0;1;0;0;1;1;1;0;1;0;0;0;0;0;1;0;0;1;1;0;0;1;1;0;0;0;0;0;0;0;0;1;1;0;0;0;0;0;0;0;0;0;0;1;1;0;1;1;1;1;1;0;0;0;0;1;0;0;0;1;0;0;0;1;0;0;1;0;0;1;0;0;0;0;0;0;0;0;0;1;0;0;1;0;0;1;1;0;0;0;0;0;0;1;0;0;0;1;1;0;0,519933072445;0,516663219761;0,91069690523;0,519644719873;0,661714418293;1,5699932936;0;0;0;0
0;0;0;1;1;0;1;1;0;0;0;1;1;0;0;0;1;1;1;0;1;0;0;1;0;0;0;0;0;0;0;0;0;0;0;0;1;0;1;0;0;1;0;0;1;1;1;0;0;0;0;1;0;0;1;1;1;0;1;0;0;0;0;0;1;0;0;1;1;0;0;1;1;0;0;0;0;0;0;0;0;1;1;0;0;0;0;0;0;0;0;0;0;1;1;0;1;1;1;1;1;0;0;0;0;1;0;0;0;1;0;0;0;1;0;0;1;0;0;1;0;0;0;0;0;0;0;0;0;1;0;0;1;0;0;1;1;0;0;0;0;0;0;1;0;0;0;1;1;0;0,519933072445;0,516663219761;0,91069690523;0,519644719873;0,661714418293;1,5699932936;0;0;0;0
0;0;0;1;1;0;1;1;0;0;0;1;1;0;0;0;1;1;1;0;1;0;0;1;0;0;0;0;0;0;0;0;0;0;0;0;1;0;1;0;0;1;0;0;1;1;1;0;0;0;0;1;0;0;1;1;1;0;1;0;0;0;0;0;1;0;0;1;1;0;0;1;1;0;0;0;0;0;0;0;0;1;1;0;0;0;0;0;0;0;0;0;0;1;1;0;1;1;1;1;1;0;0;0;0;1;0;0;0;1;0;0;0;1;0;0;1;0;0;1;0;0;0;0;0;0;0;0;0;1;0;0;1;0;0;1;1;0;0;0;0;0;0;1;0;0;0;1;1;0;0,519933072445;0,516663219761;0,91069690523;0,519644719873;0,661714418293;1,5699932936;0;0;0;0
0;0;0;1;1;0;1;1;0;0;0;1;1;0;0;0;1;1;1;0;1;0;0;1;0;0;0;0;0;0;0;0;0;0;0;0;1;0;1;0;0;1;0;0;1;1;1;0;0;0;0;1;0;0;1;1;1;0;1;0;0;0;0;0;1;0;0;1;1;0;0;1;1;0;0;0;0;0;0;0;0;1;1;0;0;0;0;0;0;0;0;0;0;1;1;0;1;1;1;1;1;0;0;0;0;1;0;0;0;1;0;0;0;1;0;0;1;0;0;1;0;0;0;0;0;0;0;0;0;1;0;0;1;0;0;1;1;0;0;0;0;0;0;1;0;0;0;1;1;0;0,519933072445;0,516663219761;0,91069690523;0,519644719873;0,661714418293;1,5699932936;0;0;0;0
0;0;0;1;1;0;1;1;0;0;0;1;1;0;0;0;1;1;1;0;1;0;0;1;0;0;0;0;0;0;0;0;0;0;0;0;1;0;1;0;0;1;0;0;1;1;1;0;0;0;0;1;0;0;1;1;1;0;1;0;0;0;0;0;1;0;0;1;1;0;0;1;1;0;0;0;0;0;0;0;0;1;1;0;0;0;0;0;0;0;0;0;0;1;1;0;1;1;1;1;1;0;0;0;0;1;0;0;0;1;0;0;0;1;0;0;1;0;0;1;0;0;0;0;0;0;0;0;0;1;0;0;1;0;0;1;1;0;0;0;0;0;0;1;0;0;0;1;1;0;0,519933072445;0,516663219761;0,91069690523;0,519644719873;0,661714418293;1,5699932936;0;0;0;0
0;0;0;1;1;0;1;1;0;0;0;1;1;0;0;0;1;1;1;0;1;0;0;1;0;0;0;0;0;0;0;0;0;0;0;0;1;0;1;0;0;1;0;0;1;1;1;0;0;0;0;1;0;0;1;1;1;0;1;0;0;0;0;0;1;0;0;1;1;0;0;1;1;0;0;0;0;0;0;0;0;1;1;0;0;0;0;0;0;0;0;0;0;1;1;0;1;1;1;1;1;0;0;0;0;1;0;0;0;1;0;0;0;1;0;0;1;0;0;1;0;0;0;0;0;0;0;0;0;1;0;0;1;0;0;1;1;0;0;0;0;0;0;1;0;0;0;1;1;0;0,519933072445;0,516663219761;0,91069690523;0,519644719873;0,661714418293;1,5699932936;0;0;0;0
0;0;0;1;1;0;1;1;0;0;0;1;1;0;0;0;1;1;1;0;1;0;0;1;0;0;0;0;0;0;0;0;0;0;0;0;1;0;1;0;0;1;0;0;1;1;1;0;0;0;0;1;0;0;1;1;1;0;1;0;0;0;0;0;1;0;0;1;1;0;0;1;1;0;0;0;0;0;0;0;0;1;1;0;0;0;0;0;0;0;0;0;0;1;1;0;1;1;1;1;1;0;0;0;0;1;0;0;0;1;0;0;0;1;0;0;1;0;0;1;0;0;0;0;0;0;0;0;0;1;0;0;1;0;0;1;1;0;0;0;0;0;0;1;0;0;0;1;1;0;0,519933072445;0,516663219761;0,91069690523;0,519644719873;0,661714418293;1,5699932936;0;0;0;0
0;0;0;1;1;0;1;1;0;0;0;1;1;0;0;0;1;1;1;0;1;0;0;1;0;0;0;0;0;0;0;0;0;0;0;0;1;0;1;0;0;1;0;0;1;1;1;0;0;0;0;1;0;0;1;1;1;0;1;0;0;0;0;0;1;0;0;1;1;0;0;1;1;0;0;0;0;0;0;0;0;1;1;0;0;0;0;0;0;0;0;0;0;1;1;0;1;1;1;1;1;0;0;0;0;1;0;0;0;1;0;0;0;1;0;0;1;0;0;1;0;0;0;0;0;0;0;0;0;1;0;0;1;0;0;1;1;0;0;0;0;0;0;1;0;0;0;1;1;0;0,519933072445;0,516663219761;0,91069690523;0,519644719873;0,661714418293;1,5699932936;0;0;0;0
0;0;0;1;1;0;1;1;0;0;0;1;1;0;0;0;1;1;1;0;1;0;0;1;0;0;0;0;0;0;0;0;0;0;0;0;1;0;1;0;0;1;0;0;1;1;1;0;0;0;0;1;0;0;1;1;1;0;1;0;0;0;0;0;1;0;0;1;1;0;0;1;1;0;0;0;0;0;0;0;0;1;1;0;0;0;0;0;0;0;0;0;0;1;1;0;1;1;1;1;1;0;0;0;0;1;0;0;0;1;0;0;0;1;0;0;1;0;0;1;0;0;0;0;0;0;0;0;0;1;0;0;1;0;0;1;1;0;0;0;0;0;0;1;0;0;0;1;1;0;0,519933072445;0,516663219761;0,91069690523;0,519644719873;0,661714418293;1,5699932936;0;0;0;0
0;0;0;1;1;0;1;1;0;0;0;1;1;0;0;0;1;1;1;0;1;0;0;1;0;0;0;0;0;0;0;0;0;0;0;0;1;0;1;0;0;1;0;0;1;1;1;0;0;0;0;1;0;0;1;1;1;0;1;0;0;0;0;0;1;0;0;1;1;0;0;1;1;0;0;0;0;0;0;0;0;1;1;0;0;0;0;0;0;0;0;0;0;1;1;0;1;1;1;1;1;0;0;0;0;1;0;0;0;1;0;0;0;1;0;0;1;0;0;1;0;0;0;0;0;0;0;0;0;1;0;0;1;0;0;1;1;0;0;0;0;0;0;1;0;0;0;1;1;0;0,519933072445;0,516663219761;0,91069690523;0,519644719873;0,661714418293;1,5699932936;0;0;0;0
0;0;0;1;1;0;1;1;0;0;0;1;1;0;0;0;1;1;1;0;1;0;0;1;0;0;0;0;0;0;0;0;0;0;0;0;1;0;1;0;0;1;0;0;1;1;1;0;0;0;0;1;0;0;1;1;1;0;1;0;0;0;0;0;1;0;0;1;1;0;0;1;1;0;0;0;0;0;0;0;0;1;1;0;0;0;0;0;0;0;0;0;0;1;1;0;1;1;1;1;1;0;0;0;0;1;0;0;0;1;0;0;0;1;0;0;1;0;0;1;0;0;0;0;0;0;0;0;0;1;0;0;1;0;0;1;1;0;0;0;0;0;0;1;0;0;0;1;1;0;0,519933072445;0,516663219761;0,91069690523;0,519644719873;0,661714418293;1,5699932936;0;0;0;0
0;0;0;1;1;0;1;1;0;0;0;1;1;0;0;0;1;1;1;0;1;0;0;1;0;0;0;0;0;0;0;0;0;0;0;0;1;0;1;0;0;1;0;0;1;1;1;0;0;0;0;1;0;0;1;1;1;0;1;0;0;0;0;0;1;0;0;1;1;0;0;1;1;0;0;0;0;0;0;0;0;1;1;0;0;0;0;0;0;0;0;0;0;1;1;0;1;1;1;1;1;0;0;0;0;1;0;0;0;1;0;0;0;1;0;0;1;0;0;1;0;0;0;0;0;0;0;0;0;1;0;0;1;0;0;1;1;0;0;0;0;0;0;1;0;0;0;1;1;0;0,519933072445;0,516663219761;0,91069690523;0,519644719873;0,661714418293;1,5699932936;0;0;0;0
0;0;0;1;1;0;1;1;0;0;0;1;1;0;0;0;1;1;1;0;1;0;0;1;0;0;0;0;0;0;0;0;0;0;0;0;1;0;1;0;0;1;0;0;1;1;1;0;0;0;0;1;0;0;1;1;1;0;1;0;0;0;0;0;1;0;0;1;1;0;0;1;1;0;0;0;0;0;0;0;0;1;1;0;0;0;0;0;0;0;0;0;0;1;1;0;1;1;1;1;1;0;0;0;0;1;0;0;0;1;0;0;0;1;0;0;1;0;0;1;0;0;0;0;0;0;0;0;0;1;0;0;1;0;0;1;1;0;0;0;0;0;0;1;0;0;0;1;1;0;0,519933072445;0,516663219761;0,91069690523;0,519644719873;0,661714418293;1,5699932936;0;0;0;0
0;0;0;1;1;0;1;1;0;0;0;1;1;0;0;0;1;1;1;0;1;0;0;1;0;0;0;0;0;0;0;0;0;0;0;0;1;0;1;0;0;1;0;0;1;1;1;0;0;0;0;1;0;0;1;1;1;0;1;0;0;0;0;0;1;0;0;1;1;0;0;1;1;0;0;0;0;0;0;0;0;1;1;0;0;0;0;0;0;0;0;0;0;1;1;0;1;1;1;1;1;0;0;0;0;1;0;0;0;1;0;0;0;1;0;0;1;0;0;1;0;0;0;0;0;0;0;0;0;1;0;0;1;0;0;1;1;0;0;0;0;0;0;1;0;0;0;1;1;0;0,519933072445;0,516663219761;0,91069690523;0,519644719873;0,661714418293;1,5699932936;0;0;0;0
