10;40;30;db;Minkowski_2;4;1
3;3;3;1;3;0;0;0;0;1;1;1;0;1;1;1;1;1;3;1;0;1;1;0;1;3;3;1;1;1;0;1;1;3;3;1;0;1;2;1;1;0;3;3;3;1;1;1;1;3;1;1;0;1;3;3;1;0;3;2;3;1;3;3;3;1;1;3;0;3;3;1;1;1;1;0;0;3;0;1;1;3;1;3;1;0;3;3;1;1;1;1;3;3;0;1;3;0;1;0;1;3;1;0;1;3;1;3;1;1;3;1;0;0;3;3;0;1;2;3;3;3;0;1;0;0;1;0;3;1;1;3;1;3;1;3;1;1;3;1;3;1;3;3;1;1;1;1;2;1;0,589571198579;0,657372487769;0,664065454169;0,683183392659;0,673488778253;2,96774678128;0;0;0;0
1;1;1;0;1;0;0;0;0;0;0;0;0;0;0;0;0;0;1;0;0;0;0;0;0;1;1;0;0;0;0;0;0;1;1;0;0;0;0;0;0;0;1;1;1;0;0;0;0;1;0;0;0;0;1;1;0;0;1;0;1;0;1;1;1;0;0;1;0;1;1;0;0;0;0;0;0;1;0;0;0;1;0;1;0;0;1;1;0;0;0;0;1;1;0;0;1;0;0;0;0;1;0;0;0;1;0;1;0;0;1;0;0;0;1;1;0;0;0;1;1;1;0;0;0;0;0;0;1;0;0;1;0;1;0;1;0;0;1;0;1;0;1;1;0;0;0;0;0;0;0,519933072445;0,516663219761;0,91069690523;0,519644719873;0,661714418293;3,97698661142;0;0;0;0
1;1;1;0;1;0;0;0;0;0;0;0;0;0;0;0;0;0;1;0;0;0;0;0;0;1;1;0;0;0;0;0;0;1;1;0;0;0;0;0;0;0;1;1;1;0;0;0;0;1;0;0;0;0;1;1;0;0;1;0;1;0;1;1;1;0;0;1;0;1;1;0;0;0;0;0;0;1;0;0;0;1;0;1;0;0;1;1;0;0;0;0;1;1;0;0;1;0;0;0;0;1;0;0;0;1;0;1;0;0;1;0;0;0;1;1;0;0;0;1;1;1;0;0;0;0;0;0;1;0;0;1;0;1;0;1;0;0;1;0;1;0;1;1;0;0;0;0;0;0;0,519933072445;0,516663219761;0,91069690523;0,519644719873;0,661714418293;3,97698661142;0;0;0;0
1;1;1;0;1;0;0;0;0;0;0;0;0;0;0;0;0;0;1;0;0;0;0;0;0;1;1;0;0;0;0;0;0;1;1;0;0;0;0;0;0;0;1;1;1;0;0;0;0;1;0;0;0;0;1;1;0;0;1;0;1;0;1;1;1;0;0;1;0;1;1;0;0;0;0;0;0;1;0;0;0;1;0;1;0;0;1;1;0;0;0;0;1;1;0;0;1;0;0;0;0;1;0;0;0;1;0;1;0;0;1;0;0;0;1;1;0;0;0;1;1;1;0;0;0;0;0;0;1;0;0;1;0;1;0;1;0;0;1;0;1;0;1;1;0;0;0;0;0;0;0,519933072445;0,516663219761;0,91069690523;0,519644719873;0,661714418293;3,97698661142;0;0;0;0
1;1;1;0;1;0;0;0;0;0;0;0;0;0;0;0;0;0;1;0;0;0;0;0;0;1;1;0;0;0;0;0;0;1;1;0;0;0;0;0;0;0;1;1;1;0;0;0;0;1;0;0;0;0;1;1;0;0;1;0;1;0;1;1;1;0;0;1;0;1;1;0;0;0;0;0;0;1;0;0;0;1;0;1;0;0;1;1;0;0;0;0;1;1;0;0;1;0;0;0;0;1;0;0;0;1;0;1;0;0;1;0;0;0;1;1;0;0;0;1;1;1;0;0;0;0;0;0;1;0;0;1;0;1;0;1;0;0;1;0;1;0;1;1;0;0;0;0;0;0;0,519933072445;0,516663219761;0,91069690523;0,519644719873;0,661714418293;3,97698661142;0;0;0;0
1;1;1;0;1;0;0;0;0;0;0;0;0;0;0;0;0;0;1;0;0;0;0;0;0;1;1;0;0;0;0;0;0;1;1;0;0;0;0;0;0;0;1;1;1;0;0;0;0;1;0;0;0;0;1;1;0;0;1;0;1;0;1;1;1;0;0;1;0;1;1;0;0;0;0;0;0;1;0;0;0;1;0;1;0;0;1;1;0;0;0;0;1;1;0;0;1;0;0;0;0;1;0;0;0;1;0;1;0;0;1;0;0;0;1;1;0;0;0;1;1;1;0;0;0;0;0;0;1;0;0;1;0;1;0;1;0;0;1;0;1;0;1;1;0;0;0;0;0;0;0,519933072445;0,516663219761;0,91069690523;0,519644719873;0,661714418293;3,97698661142;0;0;0;0
1;1;1;0;1;0;0;0;0;0;0;0;0;0;0;0;0;0;1;0;0;0;0;0;0;1;1;0;0;0;0;0;0;1;1;0;0;0;0;0;0;0;1;1;1;0;0;0;0;1;0;0;0;0;1;1;0;0;1;0;1;0;1;1;1;0;0;1;0;1;1;0;0;0;0;0;0;1;0;0;0;1;0;1;0;0;1;1;0;0;0;0;1;1;0;0;1;0;0;0;0;1;0;0;0;1;0;1;0;0;1;0;0;0;1;1;0;0;0;1;1;1;0;0;0;0;0;0;1;0;0;1;0;1;0;1;0;0;1;0;1;0;1;1;0;0;0;0;0;0;0,519933072445;0,516663219761;0,91069690523;0,519644719873;0,661714418293;3,97698661142;0;0;0;0
1;1;1;0;1;0;0;0;0;0;0;0;0;0;0;0;0;0;1;0;0;0;0;0;0;1;1;0;0;0;0;0;0;1;1;0;0;0;0;0;0;0;1;1;1;0;0;0;0;1;0;0;0;0;1;1;0;0;1;0;1;0;1;1;1;0;0;1;0;1;1;0;0;0;0;0;0;1;0;0;0;1;0;1;0;0;1;1;0;0;0;0;1;1;0;0;1;0;0;0;0;1;0;0;0;1;0;1;0;0;1;0;0;0;1;1;0;0;0;1;1;1;0;0;0;0;0;0;1;0;0;1;0;1;0;1;0;0;1;0;1;0;1;1;0;0;0;0;0;0;0,519933072445;0,516663219761;0,91069690523;0,519644719873;0,661714418293;3,97698661142;0;0;0;0
1;1;1;0;1;0;0;0;0;0;0;0;0;0;0;0;0;0;1;0;0;0;0;0;0;1;1;0;0;0;0;0;0;1;1;0;0;0;0;0;0;0;1;1;1;0;0;0;0;1;0;0;0;0;1;1;0;0;1;0;1;0;1;1;1;0;0;1;0;1;1;0;0;0;0;0;0;1;0;0;0;1;0;1;0;0;1;1;0;0;0;0;1;1;0;0;1;0;0;0;0;1;0;0;0;1;0;1;0;0;1;0;0;0;1;1;0;0;0;1;1;1;0;0;0;0;0;0;1;0;0;1;0;1;0;1;0;0;1;0;1;0;1;1;0;0;0;0;0;0;0,519933072445;0,516663219761;0,91069690523;0,519644719873;0,661714418293;3,97698661142;0;0;0;0
1;1;1;0;1;0;0;0;0;0;0;0;0;0;0;0;0;0;1;0;0;0;0;0;0;1;1;0;0;0;0;0;0;1;1;0;0;0;0;0;0;0;1;1;1;0;0;0;0;1;0;0;0;0;1;1;0;0;1;0;1;0;1;1;1;0;0;1;0;1;1;0;0;0;0;0;0;1;0;0;0;1;0;1;0;0;1;1;0;0;0;0;1;1;0;0;1;0;0;0;0;1;0;0;0;1;0;1;0;0;1;0;0;0;1;1;0;0;0;1;1;1;0;0;0;0;0;0;1;0;0;1;0;1;0;1;0;0;1;0;1;0;1;1;0;0;0;0;0;0;0,519933072445;0,516663219761;0,91069690523;0,519644719873;0,661714418293;3,97698661142;0;0;0;0
0;0;0;1;0;0;1;1;1;1;1;1;1;1;1;1;1;1;0;1;1;1;1;1;1;0;0;1;1;1;0;1;1;0;0;1;1;1;1;1;1;1;0;0;0;1;1;1;1;0;1;1;1;1;0;0;1;1;0;1;0;1;0;0;0;1;1;0;1;0;0;1;1;1;1;1;1;0;1;1;1;0;1;0;1;1;0;0;1;1;1;1;0;0;1;1;0;1;1;1;1;0;1;1;1;0;1;0;1;1;0;1;1;1;0;0;1;1;1;0;0;0;0;1;1;1;1;1;0;1;1;0;1;0;1;0;1;1;0;1;0;1;0;0;1;1;1;1;1;1;0,558371443754;0,550981342634;0,949020443401;0,553749288743;0,699401091591;3,97698661142;0;0;0;0
1;1;1;0;1;0;0;0;0;0;0;0;0;0;0;0;0;0;1;0;0;0;0;0;0;1;1;0;0;0;0;0;0;1;1;0;0;0;0;0;0;0;1;1;1;0;0;0;0;1;0;0;0;0;1;1;0;0;1;0;1;0;1;1;1;0;0;1;0;1;1;0;0;0;0;0;0;1;0;0;0;1;0;1;0;0;1;1;0;0;0;0;1;1;0;0;1;0;0;0;0;1;0;0;0;1;0;1;0;0;1;0;0;0;1;1;0;0;0;1;1;1;0;0;0;0;0;0;1;0;0;1;0;1;0;1;0;0;1;0;1;0;1;1;0;0;0;0;0;0;0,519933072445;0,516663219761;0,91069690523;0,519644719873;0,661714418293;3,97698661142;0;0;0;0
1;1;1;0;1;0;0;0;0;0;0;0;0;0;0;0;0;0;1;0;0;0;0;0;0;1;1;0;0;0;0;0;0;1;1;0;0;0;0;0;0;0;1;1;1;0;0;0;0;1;0;0;0;0;1;1;0;0;1;0;1;0;1;1;1;0;0;1;0;1;1;0;0;0;0;0;0;1;0;0;0;1;0;1;0;0;1;1;0;0;0;0;1;1;0;0;1;0;0;0;0;1;0;0;0;1;0;1;0;0;1;0;0;0;1;1;0;0;0;1;1;1;0;0;0;0;0;0;1;0;0;1;0;1;0;1;0;0;1;0;1;0;1;1;0;0;0;0;0;0;0,519933072445;0,516663219761;0,91069690523;0,519644719873;0,661714418293;3,97698661142;0;0;0;0
1;1;1;0;1;0;0;0;0;0;0;0;0;0;0;0;0;0;1;0;0;0;0;0;0;1;1;0;0;0;0;0;0;1;1;0;0;0;0;0;0;0;1;1;1;0;0;0;0;1;0;0;0;0;1;1;0;0;1;0;1;0;1;1;1;0;0;1;0;1;1;0;0;0;0;0;0;1;0;0;0;1;0;1;0;0;1;1;0;0;0;0;1;1;0;0;1;0;0;0;0;1;0;0;0;1;0;1;0;0;1;0;0;0;1;1;0;0;0;1;1;1;0;0;0;0;0;0;1;0;0;1;0;1;0;1;0;0;1;0;1;0;1;1;0;0;0;0;0;0;0,519933072445;0,516663219761;0,91069690523;0,519644719873;0,661714418293;3,97698661142;0;0;0;0
1;1;1;0;1;0;0;0;0;0;0;0;0;0;0;0;0;0;1;0;0;0;0;0;0;1;1;0;0;0;0;0;0;1;1;0;0;0;0;0;0;0;1;1;1;0;0;0;0;1;0;0;0;0;1;1;0;0;1;0;1;0;1;1;1;0;0;1;0;1;1;0;0;0;0;0;0;1;0;0;0;1;0;1;0;0;1;1;0;0;0;0;1;1;0;0;1;0;0;0;0;1;0;0;0;1;0;1;0;0;1;0;0;0;1;1;0;0;0;1;1;1;0;0;0;0;0;0;1;0;0;1;0;1;0;1;0;0;1;0;1;0;1;1;0;0;0;0;0;0;0,519933072445;0,516663219761;0,91069690523;0,519644719873;0,661714418293;3,97698661142;0;0;0;0
1;1;1;0;1;0;0;0;0;0;0;0;0;0;0;0;0;0;1;0;0;0;0;0;0;1;1;0;0;0;0;0;0;1;1;0;0;0;0;0;0;0;1;1;1;0;0;0;0;1;0;0;0;0;1;1;0;0;1;0;1;0;1;1;1;0;0;1;0;1;1;0;0;0;0;0;0;1;0;0;0;1;0;1;0;0;1;1;0;0;0;0;1;1;0;0;1;0;0;0;0;1;0;0;0;1;0;1;0;0;1;0;0;0;1;1;0;0;0;1;1;1;0;0;0;0;0;0;1;0;0;1;0;1;0;1;0;0;1;0;1;0;1;1;0;0;0;0;0;0;0,519933072445;0,516663219761;0,91069690523;0,519644719873;0,661714418293;3,97698661142;0;0;0;0
0;0;0;1;0;0;1;1;1;1;1;1;1;1;1;1;1;1;0;1;1;1;1;1;1;0;0;1;1;1;0;1;1;0;0;1;1;1;1;1;1;1;0;0;0;1;1;1;1;0;1;1;1;1;0;0;1;1;0;1;0;1;0;0;0;1;1;0;1;0;0;1;1;1;1;1;1;0;1;1;1;0;1;0;1;1;0;0;1;1;1;1;0;0;1;1;0;1;1;1;1;0;1;1;1;0;1;0;1;1;0;1;1;1;0;0;1;1;1;0;0;0;0;1;1;1;1;1;0;1;1;0;1;0;1;0;1;1;0;1;0;1;0;0;1;1;1;1;1;1;0,558371443754;0,550981342634;0,949020443401;0,553749288743;0,699401091591;3,97698661142;0;0;0;0
1;1;1;0;1;0;0;0;0;0;0;0;0;0;0;0;0;0;1;0;0;0;0;0;0;1;1;0;0;0;0;0;0;1;1;0;0;0;0;0;0;0;1;1;1;0;0;0;0;1;0;0;0;0;1;1;0;0;1;0;1;0;1;1;1;0;0;1;0;1;1;0;0;0;0;0;0;1;0;0;0;1;0;1;0;0;1;1;0;0;0;0;1;1;0;0;1;0;0;0;0;1;0;0;0;1;0;1;0;0;1;0;0;0;1;1;0;0;0;1;1;1;0;0;0;0;0;0;1;0;0;1;0;1;0;1;0;0;1;0;1;0;1;1;0;0;0;0;0;0;0,519933072445;0,516663219761;0,91069690523;0,519644719873;0,661714418293;3,97698661142;0;0;0;0
1;1;1;0;1;0;0;0;0;0;0;0;0;0;0;0;0;0;1;0;0;0;0;0;0;1;1;0;0;0;0;0;0;1;1;0;0;0;0;0;0;0;1;1;1;0;0;0;0;1;0;0;0;0;1;1;0;0;1;0;1;0;1;1;1;0;0;1;0;1;1;0;0;0;0;0;0;1;0;0;0;1;0;1;0;0;1;1;0;0;0;0;1;1;0;0;1;0;0;0;0;1;0;0;0;1;0;1;0;0;1;0;0;0;1;1;0;0;0;1;1;1;0;0;0;0;0;0;1;0;0;1;0;1;0;1;0;0;1;0;1;0;1;1;0;0;0;0;0;0;0,519933072445;0,516663219761;0,91069690523;0,519644719873;0,661714418293;3,97698661142;0;0;0;0
1;1;1;0;1;0;0;0;0;0;0;0;0;0;0;0;0;0;1;0;0;0;0;0;0;1;1;0;0;0;0;0;0;1;1;0;0;0;0;0;0;0;1;1;1;0;0;0;0;1;0;0;0;0;1;1;0;0;1;0;1;0;1;1;1;0;0;1;0;1;1;0;0;0;0;0;0;1;0;0;0;1;0;1;0;0;1;1;0;0;0;0;1;1;0;0;1;0;0;0;0;1;0;0;0;1;0;1;0;0;1;0;0;0;1;1;0;0;0;1;1;1;0;0;0;0;0;0;1;0;0;1;0;1;0;1;0;0;1;0;1;0;1;1;0;0;0;0;0;0;0,519933072445;0,516663219761;0,91069690523;0,519644719873;0,661714418293;3,97698661142;0;0;0;0
1;1;1;0;1;0;0;0;0;0;0;0;0;0;0;0;0;0;1;0;0;0;0;0;0;1;1;0;0;0;0;0;0;1;1;0;0;0;0;0;0;0;1;1;1;0;0;0;0;1;0;0;0;0;1;1;0;0;1;0;1;0;1;1;1;0;0;1;0;1;1;0;0;0;0;0;0;1;0;0;0;1;0;1;0;0;1;1;0;0;0;0;1;1;0;0;1;0;0;0;0;1;0;0;0;1;0;1;0;0;1;0;0;0;1;1;0;0;0;1;1;1;0;0;0;0;0;0;1;0;0;1;0;1;0;1;0;0;1;0;1;0;1;1;0;0;0;0;0;0;0,519933072445;0,516663219761;0,91069690523;0,519644719873;0,661714418293;3,97698661142;0;0;0;0
1;1;1;0;1;0;0;0;0;0;0;0;0;0;0;0;0;0;1;0;0;0;0;0;0;1;1;0;0;0;0;0;0;1;1;0;0;0;0;0;0;0;1;1;1;0;0;0;0;1;0;0;0;0;1;1;0;0;1;0;1;0;1;1;1;0;0;1;0;1;1;0;0;0;0;0;0;1;0;0;0;1;0;1;0;0;1;1;0;0;0;0;1;1;0;0;1;0;0;0;0;1;0;0;0;1;0;1;0;0;1;0;0;0;1;1;0;0;0;1;1;1;0;0;0;0;0;0;1;0;0;1;0;1;0;1;0;0;1;0;1;0;1;1;0;0;0;0;0;0;0,519933072445;0,516663219761;0,91069690523;0,519644719873;0,661714418293;3,97698661142;0;0;0;0
1;1;1;0;1;0;0;0;0;0;0;0;0;0;0;0;0;0;1;0;0;0;0;0;0;1;1;0;0;0;0;0;0;1;1;0;0;0;0;0;0;0;1;1;1;0;0;0;0;1;0;0;0;0;1;1;0;0;1;0;1;0;1;1;1;0;0;1;0;1;1;0;0;0;0;0;0;1;0;0;0;1;0;1;0;0;1;1;0;0;0;0;1;1;0;0;1;0;0;0;0;1;0;0;0;1;0;1;0;0;1;0;0;0;1;1;0;0;0;1;1;1;0;0;0;0;0;0;1;0;0;1;0;1;0;1;0;0;1;0;1;0;1;1;0;0;0;0;0;0;0,519933072445;0,516663219761;0,91069690523;0,519644719873;0,661714418293;3,97698661142;0;0;0;0
1;1;1;0;1;0;0;0;0;0;0;0;0;0;0;0;0;0;1;0;0;0;0;0;0;1;1;0;0;0;0;0;0;1;1;0;0;0;0;0;0;0;1;1;1;0;0;0;0;1;0;0;0;0;1;1;0;0;1;0;1;0;1;1;1;0;0;1;0;1;1;0;0;0;0;0;0;1;0;0;0;1;0;1;0;0;1;1;0;0;0;0;1;1;0;0;1;0;0;0;0;1;0;0;0;1;0;1;0;0;1;0;0;0;1;1;0;0;0;1;1;1;0;0;0;0;0;0;1;0;0;1;0;1;0;1;0;0;1;0;1;0;1;1;0;0;0;0;0;0;0,519933072445;0,516663219761;0,91069690523;0,519644719873;0,661714418293;3,97698661142;0;0;0;0
1;1;1;0;1;0;0;0;0;0;0;0;0;0;0;0;0;0;1;0;0;0;0;0;0;1;1;0;0;0;0;0;0;1;1;0;0;0;0;0;0;0;1;1;1;0;0;0;0;1;0;0;0;0;1;1;0;0;1;0;1;0;1;1;1;0;0;1;0;1;1;0;0;0;0;0;0;1;0;0;0;1;0;1;0;0;1;1;0;0;0;0;1;1;0;0;1;0;0;0;0;1;0;0;0;1;0;1;0;0;1;0;0;0;1;1;0;0;0;1;1;1;0;0;0;0;0;0;1;0;0;1;0;1;0;1;0;0;1;0;1;0;1;1;0;0;0;0;0;0;0,519933072445;0,516663219761;0,91069690523;0,519644719873;0,661714418293;3,97698661142;0;0;0;0
1;1;1;0;1;0;0;0;0;0;0;0;0;0;0;0;0;0;1;0;0;0;0;0;0;1;1;0;0;0;0;0;0;1;1;0;0;0;0;0;0;0;1;1;1;0;0;0;0;1;0;0;0;0;1;1;0;0;1;0;1;0;1;1;1;0;0;1;0;1;1;0;0;0;0;0;0;1;0;0;0;1;0;1;0;0;1;1;0;0;0;0;1;1;0;0;1;0;0;0;0;1;0;0;0;1;0;1;0;0;1;0;0;0;1;1;0;0;0;1;1;1;0;0;0;0;0;0;1;0;0;1;0;1;0;1;0;0;1;0;1;0;1;1;0;0;0;0;0;0;0,519933072445;0,516663219761;0,91069690523;0,519644719873;0,661714418293;3,97698661142;0;0;0;0
1;1;1;0;1;0;0;0;0;0;0;0;0;0;0;0;0;0;1;0;0;0;0;0;0;1;1;0;0;0;0;0;0;1;1;0;0;0;0;0;0;0;1;1;1;0;0;0;0;1;0;0;0;0;1;1;0;0;1;0;1;0;1;1;1;0;0;1;0;1;1;0;0;0;0;0;0;1;0;0;0;1;0;1;0;0;1;1;0;0;0;0;1;1;0;0;1;0;0;0;0;1;0;0;0;1;0;1;0;0;1;0;0;0;1;1;0;0;0;1;1;1;0;0;0;0;0;0;1;0;0;1;0;1;0;1;0;0;1;0;1;0;1;1;0;0;0;0;0;0;0,519933072445;0,516663219761;0,91069690523;0,519644719873;0,661714418293;3,97698661142;0;0;0;0
1;1;1;0;1;0;0;0;0;0;0;0;0;0;0;0;0;0;1;0;0;0;0;0;0;1;1;0;0;0;0;0;0;1;1;0;0;0;0;0;0;0;1;1;1;0;0;0;0;1;0;0;0;0;1;1;0;0;1;0;1;0;1;1;1;0;0;1;0;1;1;0;0;0;0;0;0;1;0;0;0;1;0;1;0;0;1;1;0;0;0;0;1;1;0;0;1;0;0;0;0;1;0;0;0;1;0;1;0;0;1;0;0;0;1;1;0;0;0;1;1;1;0;0;0;0;0;0;1;0;0;1;0;1;0;1;0;0;1;0;1;0;1;1;0;0;0;0;0;0;0,519933072445;0,516663219761;0,91069690523;0,519644719873;0,661714418293;3,97698661142;0;0;0;0
1;1;1;0;1;0;0;0;0;0;0;0;0;0;0;0;0;0;1;0;0;0;0;0;0;1;1;0;0;0;0;0;0;1;1;0;0;0;0;0;0;0;1;1;1;0;0;0;0;1;0;0;0;0;1;1;0;0;1;0;1;0;1;1;1;0;0;1;0;1;1;0;0;0;0;0;0;1;0;0;0;1;0;1;0;0;1;1;0;0;0;0;1;1;0;0;1;0;0;0;0;1;0;0;0;1;0;1;0;0;1;0;0;0;1;1;0;0;0;1;1;1;0;0;0;0;0;0;1;0;0;1;0;1;0;1;0;0;1;0;1;0;1;1;0;0;0;0;0;0;0,519933072445;0,516663219761;0,91069690523;0,519644719873;0,661714418293;3,97698661142;0;0;0;0
1;1;1;0;1;0;0;0;0;0;0;0;0;0;0;0;0;0;1;0;0;0;0;0;0;1;1;0;0;0;0;0;0;1;1;0;0;0;0;0;0;0;1;1;1;0;0;0;0;1;0;0;0;0;1;1;0;0;1;0;1;0;1;1;1;0;0;1;0;1;1;0;0;0;0;0;0;1;0;0;0;1;0;1;0;0;1;1;0;0;0;0;1;1;0;0;1;0;0;0;0;1;0;0;0;1;0;1;0;0;1;0;0;0;1;1;0;0;0;1;1;1;0;0;0;0;0;0;1;0;0;1;0;1;0;1;0;0;1;0;1;0;1;1;0;0;0;0;0;0;0,519933072445;0,516663219761;0,91069690523;0,519644719873;0,661714418293;3,97698661142;0;0;0;0
