10;40;30;db;Minkowski_2;1;4
0;3;3;3;0;3;3;3;0;3;3;3;0;0;0;3;3;3;3;0;0;0;0;0;3;0;3;0;3;0;0;0;3;3;0;0;0;0;0;3;3;3;3;3;3;0;3;0;0;0;0;3;3;3;3;3;3;0;3;0;0;3;1;2;0;0;0;3;3;0;0;3;0;2;3;0;3;0;3;0;0;0;0;3;3;0;0;3;3;0;0;3;3;0;0;3;0;0;3;0;0;3;0;3;2;0;3;0;3;3;0;3;0;3;3;3;3;0;3;3;3;0;3;3;0;0;0;3;3;0;0;3;0;3;3;3;0;0;0;0;3;3;0;0;3;3;0;1;3;0;0,357337135526;0,339761884878;0,463952528183;0,354146364604;0,401680292331;1,28391995905;0;0;0;0
0;3;3;3;0;3;3;3;0;3;3;3;0;0;0;3;3;3;3;0;0;0;0;0;3;0;3;0;3;0;0;0;3;3;0;0;0;0;0;3;3;3;3;3;3;0;3;0;0;0;0;3;3;3;3;3;3;0;3;0;0;3;1;2;0;0;0;3;3;0;0;3;0;2;3;0;3;0;3;0;0;0;0;3;3;0;0;3;3;0;0;3;3;0;0;3;0;0;3;0;0;3;0;3;2;0;3;0;3;3;0;3;0;3;3;3;3;0;3;3;3;0;3;3;0;0;0;3;3;0;0;3;0;3;3;3;0;0;0;0;3;3;0;0;3;3;0;1;3;0;0,357337135526;0,339761884878;0,463952528183;0,354146364604;0,401680292331;1,28391995905;0;0;0;0
0;1;1;0;0;1;1;1;0;1;1;1;0;0;0;0;1;1;0;0;0;0;0;0;1;0;1;0;1;0;0;0;1;1;0;0;0;0;0;1;1;1;1;1;1;0;1;0;0;0;0;0;1;1;1;1;1;0;0;0;0;1;0;0;0;0;0;1;1;0;0;0;0;0;1;0;1;0;0;0;0;0;0;1;0;0;0;1;1;0;0;1;1;0;0;1;0;0;1;0;0;0;0;1;0;0;1;0;1;1;0;0;0;1;1;1;1;0;1;1;1;0;1;1;0;0;0;1;1;0;0;1;0;0;1;1;0;0;0;0;0;1;0;0;1;1;0;0;1;0;0,428369027183;0,386371520209;0,634410617991;0,390148547178;0,483162689551;1,56653682166;0;0;0;0
0;1;1;0;0;1;1;1;0;1;1;1;0;0;0;0;1;1;0;0;0;0;0;0;1;0;1;0;1;0;0;0;1;1;0;0;0;0;0;1;1;1;1;1;1;0;1;0;0;0;0;0;1;1;1;1;1;0;0;0;0;1;0;0;0;0;0;1;1;0;0;0;0;0;1;0;1;0;0;0;0;0;0;1;0;0;0;1;1;0;0;1;1;0;0;1;0;0;1;0;0;0;0;1;0;0;1;0;1;1;0;0;0;1;1;1;1;0;1;1;1;0;1;1;0;0;0;1;1;0;0;1;0;0;1;1;0;0;0;0;0;1;0;0;1;1;0;0;1;0;0,428369027183;0,386371520209;0,634410617991;0,390148547178;0,483162689551;1,56653682166;0;0;0;0
0;1;0;0;0;1;0;1;0;1;1;1;0;0;0;0;1;1;0;0;0;0;0;0;1;0;1;0;0;0;0;0;0;1;0;0;0;0;0;1;1;1;1;1;1;0;1;0;0;0;0;0;1;1;0;1;1;0;0;0;0;0;0;0;0;0;0;1;0;0;0;0;0;0;1;0;1;0;0;0;0;0;0;1;0;0;0;1;1;0;0;1;1;0;0;1;0;0;1;0;0;0;0;1;0;0;1;0;1;1;0;0;0;1;1;0;1;0;1;1;0;0;0;0;0;0;0;1;1;0;0;1;0;0;1;0;0;0;0;0;0;1;0;0;1;0;0;0;1;0;0,519933072445;0,516663219761;0,91069690523;0,519644719873;0,661714418293;2,11448319458;0;0;0;0
0;1;0;0;0;1;0;1;0;1;1;1;0;0;0;0;1;1;0;0;0;0;0;0;1;0;1;0;0;0;0;0;0;1;0;0;0;0;0;1;1;1;1;1;1;0;1;0;0;0;0;0;1;1;0;1;1;0;0;0;0;0;0;0;0;0;0;1;0;0;0;0;0;0;1;0;1;0;0;0;0;0;0;1;0;0;0;1;1;0;0;1;1;0;0;1;0;0;1;0;0;0;0;1;0;0;1;0;1;1;0;0;0;1;1;0;1;0;1;1;0;0;0;0;0;0;0;1;1;0;0;1;0;0;1;0;0;0;0;0;0;1;0;0;1;0;0;0;1;0;0,519933072445;0,516663219761;0,91069690523;0,519644719873;0,661714418293;2,11448319458;0;0;0;0
0;1;0;0;0;1;0;1;0;1;1;1;0;0;0;0;1;1;0;0;0;0;0;0;1;0;1;0;0;0;0;0;0;1;0;0;0;0;0;1;1;1;1;1;1;0;1;0;0;0;0;0;1;1;0;1;1;0;0;0;0;0;0;0;0;0;0;1;0;0;0;0;0;0;1;0;1;0;0;0;0;0;0;1;0;0;0;1;1;0;0;1;1;0;0;1;0;0;1;0;0;0;0;1;0;0;1;0;1;1;0;0;0;1;1;0;1;0;1;1;0;0;0;0;0;0;0;1;1;0;0;1;0;0;1;0;0;0;0;0;0;1;0;0;1;0;0;0;1;0;0,519933072445;0,516663219761;0,91069690523;0,519644719873;0,661714418293;2,11448319458;0;0;0;0
0;1;0;0;0;1;0;1;0;1;1;1;0;0;0;0;1;1;0;0;0;0;0;0;1;0;1;0;0;0;0;0;0;1;0;0;0;0;0;1;1;1;1;1;1;0;1;0;0;0;0;0;1;1;0;1;1;0;0;0;0;0;0;0;0;0;0;1;0;0;0;0;0;0;1;0;1;0;0;0;0;0;0;1;0;0;0;1;1;0;0;1;1;0;0;1;0;0;1;0;0;0;0;1;0;0;1;0;1;1;0;0;0;1;1;0;1;0;1;1;0;0;0;0;0;0;0;1;1;0;0;1;0;0;1;0;0;0;0;0;0;1;0;0;1;0;0;0;1;0;0,519933072445;0,516663219761;0,91069690523;0,519644719873;0,661714418293;2,11448319458;0;0;0;0
0;1;0;0;0;1;0;1;0;1;1;1;0;0;0;0;1;1;0;0;0;0;0;0;1;0;1;0;0;0;0;0;0;1;0;0;0;0;0;1;1;1;1;1;1;0;1;0;0;0;0;0;1;1;0;1;1;0;0;0;0;0;0;0;0;0;0;1;0;0;0;0;0;0;1;0;1;0;0;0;0;0;0;1;0;0;0;1;1;0;0;1;1;0;0;1;0;0;1;0;0;0;0;1;0;0;1;0;1;1;0;0;0;1;1;0;1;0;1;1;0;0;0;0;0;0;0;1;1;0;0;1;0;0;1;0;0;0;0;0;0;1;0;0;1;0;0;0;1;0;0,519933072445;0,516663219761;0,91069690523;0,519644719873;0,661714418293;2,11448319458;0;0;0;0
0;1;0;0;0;1;0;1;0;1;1;1;0;0;0;0;1;1;0;0;0;0;0;0;1;0;1;0;0;0;0;0;0;1;0;0;0;0;0;1;1;1;1;1;1;0;1;0;0;0;0;0;1;1;0;1;1;0;0;0;0;0;0;0;0;0;0;1;0;0;0;0;0;0;1;0;1;0;0;0;0;0;0;1;0;0;0;1;1;0;0;1;1;0;0;1;0;0;1;0;0;0;0;1;0;0;1;0;1;1;0;0;0;1;1;0;1;0;1;1;0;0;0;0;0;0;0;1;1;0;0;1;0;0;1;0;0;0;0;0;0;1;0;0;1;0;0;0;1;0;0,519933072445;0,516663219761;0,91069690523;0,519644719873;0,661714418293;2,11448319458;0;0;0;0
0;1;0;0;0;1;0;1;0;1;1;1;0;0;0;0;1;1;0;0;0;0;0;0;1;0;1;0;0;0;0;0;0;1;0;0;0;0;0;1;1;1;1;1;1;0;1;0;0;0;0;0;1;1;0;1;1;0;0;0;0;0;0;0;0;0;0;1;0;0;0;0;0;0;1;0;1;0;0;0;0;0;0;1;0;0;0;1;1;0;0;1;1;0;0;1;0;0;1;0;0;0;0;1;0;0;1;0;1;1;0;0;0;1;1;0;1;0;1;1;0;0;0;0;0;0;0;1;1;0;0;1;0;0;1;0;0;0;0;0;0;1;0;0;1;0;0;0;1;0;0,519933072445;0,516663219761;0,91069690523;0,519644719873;0,661714418293;2,11448319458;0;0;0;0
0;1;0;0;0;1;0;1;0;1;1;1;0;0;0;0;1;1;0;0;0;0;0;0;1;0;1;0;0;0;0;0;0;1;0;0;0;0;0;1;1;1;1;1;1;0;1;0;0;0;0;0;1;1;0;1;1;0;0;0;0;0;0;0;0;0;0;1;0;0;0;0;0;0;1;0;1;0;0;0;0;0;0;1;0;0;0;1;1;0;0;1;1;0;0;1;0;0;1;0;0;0;0;1;0;0;1;0;1;1;0;0;0;1;1;0;1;0;1;1;0;0;0;0;0;0;0;1;1;0;0;1;0;0;1;0;0;0;0;0;0;1;0;0;1;0;0;0;1;0;0,519933072445;0,516663219761;0,91069690523;0,519644719873;0,661714418293;2,11448319458;0;0;0;0
0;1;0;0;0;1;0;1;0;1;1;1;0;0;0;0;1;1;0;0;0;0;0;0;1;0;1;0;0;0;0;0;0;1;0;0;0;0;0;1;1;1;1;1;1;0;1;0;0;0;0;0;1;1;0;1;1;0;0;0;0;0;0;0;0;0;0;1;0;0;0;0;0;0;1;0;1;0;0;0;0;0;0;1;0;0;0;1;1;0;0;1;1;0;0;1;0;0;1;0;0;0;0;1;0;0;1;0;1;1;0;0;0;1;1;0;1;0;1;1;0;0;0;0;0;0;0;1;1;0;0;1;0;0;1;0;0;0;0;0;0;1;0;0;1;0;0;0;1;0;0,519933072445;0,516663219761;0,91069690523;0,519644719873;0,661714418293;2,11448319458;0;0;0;0
0;1;0;0;0;1;0;1;0;1;1;1;0;0;0;0;1;1;0;0;0;0;0;0;1;0;1;0;0;0;0;0;0;1;0;0;0;0;0;1;1;1;1;1;1;0;1;0;0;0;0;0;1;1;0;1;1;0;0;0;0;0;0;0;0;0;0;1;0;0;0;0;0;0;1;0;1;0;0;0;0;0;0;1;0;0;0;1;1;0;0;1;1;0;0;1;0;0;1;0;0;0;0;1;0;0;1;0;1;1;0;0;0;1;1;0;1;0;1;1;0;0;0;0;0;0;0;1;1;0;0;1;0;0;1;0;0;0;0;0;0;1;0;0;1;0;0;0;1;0;0,519933072445;0,516663219761;0,91069690523;0,519644719873;0,661714418293;2,11448319458;0;0;0;0
0;1;0;0;0;1;0;1;0;1;1;1;0;0;0;0;1;1;0;0;0;0;0;0;1;0;1;0;0;0;0;0;0;1;0;0;0;0;0;1;1;1;1;1;1;0;1;0;0;0;0;0;1;1;0;1;1;0;0;0;0;0;0;0;0;0;0;1;0;0;0;0;0;0;1;0;1;0;0;0;0;0;0;1;0;0;0;1;1;0;0;1;1;0;0;1;0;0;1;0;0;0;0;1;0;0;1;0;1;1;0;0;0;1;1;0;1;0;1;1;0;0;0;0;0;0;0;1;1;0;0;1;0;0;1;0;0;0;0;0;0;1;0;0;1;0;0;0;1;0;0,519933072445;0,516663219761;0,91069690523;0,519644719873;0,661714418293;2,11448319458;0;0;0;0
0;1;0;0;0;1;0;1;0;1;1;1;0;0;0;0;1;1;0;0;0;0;0;0;1;0;1;0;0;0;0;0;0;1;0;0;0;0;0;1;1;1;1;1;1;0;1;0;0;0;0;0;1;1;0;1;1;0;0;0;0;0;0;0;0;0;0;1;0;0;0;0;0;0;1;0;1;0;0;0;0;0;0;1;0;0;0;1;1;0;0;1;1;0;0;1;0;0;1;0;0;0;0;1;0;0;1;0;1;1;0;0;0;1;1;0;1;0;1;1;0;0;0;0;0;0;0;1;1;0;0;1;0;0;1;0;0;0;0;0;0;1;0;0;1;0;0;0;1;0;0,519933072445;0,516663219761;0,91069690523;0,519644719873;0,661714418293;2,11448319458;0;0;0;0
0;1;0;0;0;1;0;1;0;1;1;1;0;0;0;0;1;1;0;0;0;0;0;0;1;0;1;0;0;0;0;0;0;1;0;0;0;0;0;1;1;1;1;1;1;0;1;0;0;0;0;0;1;1;0;1;1;0;0;0;0;0;0;0;0;0;0;1;0;0;0;0;0;0;1;0;1;0;0;0;0;0;0;1;0;0;0;1;1;0;0;1;1;0;0;1;0;0;1;0;0;0;0;1;0;0;1;0;1;1;0;0;0;1;1;0;1;0;1;1;0;0;0;0;0;0;0;1;1;0;0;1;0;0;1;0;0;0;0;0;0;1;0;0;1;0;0;0;1;0;0,519933072445;0,516663219761;0,91069690523;0,519644719873;0,661714418293;2,11448319458;0;0;0;0
0;1;0;0;0;1;0;1;0;1;1;1;0;0;0;0;1;1;0;0;0;0;0;0;1;0;1;0;0;0;0;0;0;1;0;0;0;0;0;1;1;1;1;1;1;0;1;0;0;0;0;0;1;1;0;1;1;0;0;0;0;0;0;0;0;0;0;1;0;0;0;0;0;0;1;0;1;0;0;0;0;0;0;1;0;0;0;1;1;0;0;1;1;0;0;1;0;0;1;0;0;0;0;1;0;0;1;0;1;1;0;0;0;1;1;0;1;0;1;1;0;0;0;0;0;0;0;1;1;0;0;1;0;0;1;0;0;0;0;0;0;1;0;0;1;0;0;0;1;0;0,519933072445;0,516663219761;0,91069690523;0,519644719873;0,661714418293;2,11448319458;0;0;0;0
0;1;0;0;0;1;0;1;0;1;1;1;0;0;0;0;1;1;0;0;0;0;0;0;1;0;1;0;0;0;0;0;0;1;0;0;0;0;0;1;1;1;1;1;1;0;1;0;0;0;0;0;1;1;0;1;1;0;0;0;0;0;0;0;0;0;0;1;0;0;0;0;0;0;1;0;1;0;0;0;0;0;0;1;0;0;0;1;1;0;0;1;1;0;0;1;0;0;1;0;0;0;0;1;0;0;1;0;1;1;0;0;0;1;1;0;1;0;1;1;0;0;0;0;0;0;0;1;1;0;0;1;0;0;1;0;0;0;0;0;0;1;0;0;1;0;0;0;1;0;0,519933072445;0,516663219761;0,91069690523;0,519644719873;0,661714418293;2,11448319458;0;0;0;0
0;1;0;0;0;1;0;1;0;1;1;1;0;0;0;0;1;1;0;0;0;0;0;0;1;0;1;0;0;0;0;0;0;1;0;0;0;0;0;1;1;1;1;1;1;0;1;0;0;0;0;0;1;1;0;1;1;0;0;0;0;0;0;0;0;0;0;1;0;0;0;0;0;0;1;0;1;0;0;0;0;0;0;1;0;0;0;1;1;0;0;1;1;0;0;1;0;0;1;0;0;0;0;1;0;0;1;0;1;1;0;0;0;1;1;0;1;0;1;1;0;0;0;0;0;0;0;1;1;0;0;1;0;0;1;0;0;0;0;0;0;1;0;0;1;0;0;0;1;0;0,519933072445;0,516663219761;0,91069690523;0,519644719873;0,661714418293;2,11448319458;0;0;0;0
0;1;0;0;0;1;0;1;0;1;1;1;0;0;0;0;1;1;0;0;0;0;0;0;1;0;1;0;0;0;0;0;0;1;0;0;0;0;0;1;1;1;1;1;1;0;1;0;0;0;0;0;1;1;0;1;1;0;0;0;0;0;0;0;0;0;0;1;0;0;0;0;0;0;1;0;1;0;0;0;0;0;0;1;0;0;0;1;1;0;0;1;1;0;0;1;0;0;1;0;0;0;0;1;0;0;1;0;1;1;0;0;0;1;1;0;1;0;1;1;0;0;0;0;0;0;0;1;1;0;0;1;0;0;1;0;0;0;0;0;0;1;0;0;1;0;0;0;1;0;0,519933072445;0,516663219761;0,91069690523;0,519644719873;0,661714418293;2,11448319458;0;0;0;0
0;1;0;0;0;1;0;1;0;1;1;1;0;0;0;0;1;1;0;0;0;0;0;0;1;0;1;0;0;0;0;0;0;1;0;0;0;0;0;1;1;1;1;1;1;0;1;0;0;0;0;0;1;1;0;1;1;0;0;0;0;0;0;0;0;0;0;1;0;0;0;0;0;0;1;0;1;0;0;0;0;0;0;1;0;0;0;1;1;0;0;1;1;0;0;1;0;0;1;0;0;0;0;1;0;0;1;0;1;1;0;0;0;1;1;0;1;0;1;1;0;0;0;0;0;0;0;1;1;0;0;1;0;0;1;0;0;0;0;0;0;1;0;0;1;0;0;0;1;0;0,519933072445;0,516663219761;0,91069690523;0,519644719873;0,661714418293;2,11448319458;0;0;0;0
0;1;0;0;0;1;0;1;0;1;1;1;0;0;0;0;1;1;0;0;0;0;0;0;1;0;1;0;0;0;0;0;0;1;0;0;0;0;0;1;1;1;1;1;1;0;1;0;0;0;0;0;1;1;0;1;1;0;0;0;0;0;0;0;0;0;0;1;0;0;0;0;0;0;1;0;1;0;0;0;0;0;0;1;0;0;0;1;1;0;0;1;1;0;0;1;0;0;1;0;0;0;0;1;0;0;1;0;1;1;0;0;0;1;1;0;1;0;1;1;0;0;0;0;0;0;0;1;1;0;0;1;0;0;1;0;0;0;0;0;0;1;0;0;1;0;0;0;1;0;0,519933072445;0,516663219761;0,91069690523;0,519644719873;0,661714418293;2,11448319458;0;0;0;0
0;1;0;0;0;1;0;1;0;1;1;1;0;0;0;0;1;1;0;0;0;0;0;0;1;0;1;0;0;0;0;0;0;1;0;0;0;0;0;1;1;1;1;1;1;0;1;0;0;0;0;0;1;1;0;1;1;0;0;0;0;0;0;0;0;0;0;1;0;0;0;0;0;0;1;0;1;0;0;0;0;0;0;1;0;0;0;1;1;0;0;1;1;0;0;1;0;0;1;0;0;0;0;1;0;0;1;0;1;1;0;0;0;1;1;0;1;0;1;1;0;0;0;0;0;0;0;1;1;0;0;1;0;0;1;0;0;0;0;0;0;1;0;0;1;0;0;0;1;0;0,519933072445;0,516663219761;0,91069690523;0,519644719873;0,661714418293;2,11448319458;0;0;0;0
0;1;0;0;0;1;0;1;0;1;1;1;0;0;0;0;1;1;0;0;0;0;0;0;1;0;1;0;0;0;0;0;0;1;0;0;0;0;0;1;1;1;1;1;1;0;1;0;0;0;0;0;1;1;0;1;1;0;0;0;0;0;0;0;0;0;0;1;0;0;0;0;0;0;1;0;1;0;0;0;0;0;0;1;0;0;0;1;1;0;0;1;1;0;0;1;0;0;1;0;0;0;0;1;0;0;1;0;1;1;0;0;0;1;1;0;1;0;1;1;0;0;0;0;0;0;0;1;1;0;0;1;0;0;1;0;0;0;0;0;0;1;0;0;1;0;0;0;1;0;0,519933072445;0,516663219761;0,91069690523;0,519644719873;0,661714418293;2,11448319458;0;0;0;0
0;1;0;0;0;1;0;1;0;1;1;1;0;0;0;0;1;1;0;0;0;0;0;0;1;0;1;0;0;0;0;0;0;1;0;0;0;0;0;1;1;1;1;1;1;0;1;0;0;0;0;0;1;1;0;1;1;0;0;0;0;0;0;0;0;0;0;1;0;0;0;0;0;0;1;0;1;0;0;0;0;0;0;1;0;0;0;1;1;0;0;1;1;0;0;1;0;0;1;0;0;0;0;1;0;0;1;0;1;1;0;0;0;1;1;0;1;0;1;1;0;0;0;0;0;0;0;1;1;0;0;1;0;0;1;0;0;0;0;0;0;1;0;0;1;0;0;0;1;0;0,519933072445;0,516663219761;0,91069690523;0,519644719873;0,661714418293;2,11448319458;0;0;0;0
0;1;0;0;0;1;0;1;0;1;1;1;0;0;0;0;1;1;0;0;0;0;0;0;1;0;1;0;0;0;0;0;0;1;0;0;0;0;0;1;1;1;1;1;1;0;1;0;0;0;0;0;1;1;0;1;1;0;0;0;0;0;0;0;0;0;0;1;0;0;0;0;0;0;1;0;1;0;0;0;0;0;0;1;0;0;0;1;1;0;0;1;1;0;0;1;0;0;1;0;0;0;0;1;0;0;1;0;1;1;0;0;0;1;1;0;1;0;1;1;0;0;0;0;0;0;0;1;1;0;0;1;0;0;1;0;0;0;0;0;0;1;0;0;1;0;0;0;1;0;0,519933072445;0,516663219761;0,91069690523;0,519644719873;0,661714418293;2,11448319458;0;0;0;0
0;1;0;0;0;1;0;1;0;1;1;1;0;0;0;0;1;1;0;0;0;0;0;0;1;0;1;0;0;0;0;0;0;1;0;0;0;0;0;1;1;1;1;1;1;0;1;0;0;0;0;0;1;1;0;1;1;0;0;0;0;0;0;0;0;0;0;1;0;0;0;0;0;0;1;0;1;0;0;0;0;0;0;1;0;0;0;1;1;0;0;1;1;0;0;1;0;0;1;0;0;0;0;1;0;0;1;0;1;1;0;0;0;1;1;0;1;0;1;1;0;0;0;0;0;0;0;1;1;0;0;1;0;0;1;0;0;0;0;0;0;1;0;0;1;0;0;0;1;0;0,519933072445;0,516663219761;0,91069690523;0,519644719873;0,661714418293;2,11448319458;0;0;0;0
0;1;0;0;0;1;0;1;0;1;1;1;0;0;0;0;1;1;0;0;0;0;0;0;1;0;1;0;0;0;0;0;0;1;0;0;0;0;0;1;1;1;1;1;1;0;1;0;0;0;0;0;1;1;0;1;1;0;0;0;0;0;0;0;0;0;0;1;0;0;0;0;0;0;1;0;1;0;0;0;0;0;0;1;0;0;0;1;1;0;0;1;1;0;0;1;0;0;1;0;0;0;0;1;0;0;1;0;1;1;0;0;0;1;1;0;1;0;1;1;0;0;0;0;0;0;0;1;1;0;0;1;0;0;1;0;0;0;0;0;0;1;0;0;1;0;0;0;1;0;0,519933072445;0,516663219761;0,91069690523;0,519644719873;0,661714418293;2,11448319458;0;0;0;0
0;1;0;0;0;1;0;1;0;1;1;1;0;0;0;0;1;1;0;0;0;0;0;0;1;0;1;0;0;0;0;0;0;1;0;0;0;0;0;1;1;1;1;1;1;0;1;0;0;0;0;0;1;1;0;1;1;0;0;0;0;0;0;0;0;0;0;1;0;0;0;0;0;0;1;0;1;0;0;0;0;0;0;1;0;0;0;1;1;0;0;1;1;0;0;1;0;0;1;0;0;0;0;1;0;0;1;0;1;1;0;0;0;1;1;0;1;0;1;1;0;0;0;0;0;0;0;1;1;0;0;1;0;0;1;0;0;0;0;0;0;1;0;0;1;0;0;0;1;0;0,519933072445;0,516663219761;0,91069690523;0,519644719873;0,661714418293;2,11448319458;0;0;0;0
