10;40;30;db;Cosine;2;1
0;0;0;1;1;1;0;1;1;1;1;0;0;1;1;1;1;1;1;1;0;0;0;0;1;1;1;1;0;1;0;1;0;1;1;1;1;0;0;1;0;1;1;0;0;0;1;1;0;1;1;0;1;1;1;0;1;1;1;0;1;1;0;0;1;1;1;0;1;1;1;1;1;0;1;1;1;1;1;1;1;1;1;1;1;0;0;0;0;1;0;1;1;1;1;0;1;1;1;1;0;1;0;1;0;1;1;1;1;1;1;1;1;0;1;1;1;1;0;1;1;1;1;1;0;0;0;0;1;0;0;1;1;0;1;1;1;1;1;0;0;0;0;0;1;1;1;1;1;1;0,534256231884;0,516908856218;0,897316647282;0,519887466518;0,658343669592;48,8275617817;0;0;0;0
0;0;0;1;1;1;0;1;1;1;1;0;0;1;1;1;1;1;1;1;0;0;0;0;1;1;1;1;0;1;0;1;0;1;1;1;1;0;0;1;0;1;1;0;0;0;1;1;0;1;1;0;1;1;1;0;1;1;1;0;1;1;0;0;1;1;1;0;1;1;1;1;1;0;1;1;1;1;1;1;1;1;1;1;1;0;0;0;0;1;0;1;1;1;1;0;1;1;1;1;0;1;0;1;0;1;1;1;1;1;1;1;1;0;1;1;1;1;0;1;1;1;1;1;0;0;0;0;1;0;0;1;1;0;1;1;1;1;1;0;0;0;0;0;1;1;1;1;1;1;0,534256231884;0,516908856218;0,897316647282;0,519887466518;0,658343669592;48,8275617817;0;0;0;0
0;0;0;1;1;1;0;1;1;1;1;0;0;1;1;1;1;1;1;1;0;0;0;0;1;1;1;1;0;1;0;1;0;1;1;1;1;0;0;1;0;1;1;0;0;0;1;1;0;1;1;0;1;1;1;0;1;1;1;0;1;1;0;0;1;1;1;0;1;1;1;1;1;0;1;1;1;1;1;1;1;1;1;1;1;0;0;0;0;1;0;1;1;1;1;0;1;1;1;1;0;1;0;1;0;1;1;1;1;1;1;1;1;0;1;1;1;1;0;1;1;1;1;1;0;0;0;0;1;0;0;1;1;0;1;1;1;1;1;0;0;0;0;0;1;1;1;1;1;1;0,534256231884;0,516908856218;0,897316647282;0,519887466518;0,658343669592;48,8275617817;0;0;0;0
0;0;0;1;1;1;0;1;1;1;1;0;0;1;1;1;1;1;1;1;0;0;0;0;1;1;1;1;0;1;0;1;0;1;1;1;1;0;0;1;0;1;1;0;0;0;1;1;0;1;1;0;1;1;1;0;1;1;1;0;1;1;0;0;1;1;1;0;1;1;1;1;1;0;1;1;1;1;1;1;1;1;1;1;1;0;0;0;0;1;0;1;1;1;1;0;1;1;1;1;0;1;0;1;0;1;1;1;1;1;1;1;1;0;1;1;1;1;0;1;1;1;1;1;0;0;0;0;1;0;0;1;1;0;1;1;1;1;1;0;0;0;0;0;1;1;1;1;1;1;0,534256231884;0,516908856218;0,897316647282;0,519887466518;0,658343669592;48,8275617817;0;0;0;0
0;0;0;1;1;1;0;1;1;1;1;0;0;1;1;1;1;1;1;1;0;0;0;0;1;1;1;1;0;1;0;1;0;1;1;1;1;0;0;1;0;1;1;0;0;0;1;1;0;1;1;0;1;1;1;0;1;1;1;0;1;1;0;0;1;1;1;0;1;1;1;1;1;0;1;1;1;1;1;1;1;1;1;1;1;0;0;0;0;1;0;1;1;1;1;0;1;1;1;1;0;1;0;1;0;1;1;1;1;1;1;1;1;0;1;1;1;1;0;1;1;1;1;1;0;0;0;0;1;0;0;1;1;0;1;1;1;1;1;0;0;0;0;0;1;1;1;1;1;1;0,534256231884;0,516908856218;0,897316647282;0,519887466518;0,658343669592;48,8275617817;0;0;0;0
0;0;0;1;1;1;0;1;1;1;1;0;0;1;1;1;1;1;1;1;0;0;0;0;1;1;1;1;0;1;0;1;0;1;1;1;1;0;0;1;0;1;1;0;0;0;1;1;0;1;1;0;1;1;1;0;1;1;1;0;1;1;0;0;1;1;1;0;1;1;1;1;1;0;1;1;1;1;1;1;1;1;1;1;1;0;0;0;0;1;0;1;1;1;1;0;1;1;1;1;0;1;0;1;0;1;1;1;1;1;1;1;1;0;1;1;1;1;0;1;1;1;1;1;0;0;0;0;1;0;0;1;1;0;1;1;1;1;1;0;0;0;0;0;1;1;1;1;1;1;0,534256231884;0,516908856218;0,897316647282;0,519887466518;0,658343669592;48,8275617817;0;0;0;0
0;0;0;1;1;1;0;1;1;1;1;0;0;1;1;1;1;1;1;1;0;0;0;0;1;1;1;1;0;1;0;1;0;1;1;1;1;0;0;1;0;1;1;0;0;0;1;1;0;1;1;0;1;1;1;0;1;1;1;0;1;1;0;0;1;1;1;0;1;1;1;1;1;0;1;1;1;1;1;1;1;1;1;1;1;0;0;0;0;1;0;1;1;1;1;0;1;1;1;1;0;1;0;1;0;1;1;1;1;1;1;1;1;0;1;1;1;1;0;1;1;1;1;1;0;0;0;0;1;0;0;1;1;0;1;1;1;1;1;0;0;0;0;0;1;1;1;1;1;1;0,534256231884;0,516908856218;0,897316647282;0,519887466518;0,658343669592;48,8275617817;0;0;0;0
0;0;0;1;1;1;0;1;1;1;1;0;0;1;1;1;1;1;1;1;0;0;0;0;1;1;1;1;0;1;0;1;0;1;1;1;1;0;0;1;0;1;1;0;0;0;1;1;0;1;1;0;1;1;1;0;1;1;1;0;1;1;0;0;1;1;1;0;1;1;1;1;1;0;1;1;1;1;1;1;1;1;1;1;1;0;0;0;0;1;0;1;1;1;1;0;1;1;1;1;0;1;0;1;0;1;1;1;1;1;1;1;1;0;1;1;1;1;0;1;1;1;1;1;0;0;0;0;1;0;0;1;1;0;1;1;1;1;1;0;0;0;0;0;1;1;1;1;1;1;0,534256231884;0,516908856218;0,897316647282;0,519887466518;0,658343669592;48,8275617817;0;0;0;0
0;0;0;1;1;1;0;1;1;1;1;0;0;1;1;1;1;1;1;1;0;0;0;0;1;1;1;1;0;1;0;1;0;1;1;1;1;0;0;1;0;1;1;0;0;0;1;1;0;1;1;0;1;1;1;0;1;1;1;0;1;1;0;0;1;1;1;0;1;1;1;1;1;0;1;1;1;1;1;1;1;1;1;1;1;0;0;0;0;1;0;1;1;1;1;0;1;1;1;1;0;1;0;1;0;1;1;1;1;1;1;1;1;0;1;1;1;1;0;1;1;1;1;1;0;0;0;0;1;0;0;1;1;0;1;1;1;1;1;0;0;0;0;0;1;1;1;1;1;1;0,534256231884;0,516908856218;0,897316647282;0,519887466518;0,658343669592;48,8275617817;0;0;0;0
0;0;0;1;1;1;0;1;1;1;1;0;0;1;1;1;1;1;1;1;0;0;0;0;1;1;1;1;0;1;0;1;0;1;1;1;1;0;0;1;0;1;1;0;0;0;1;1;0;1;1;0;1;1;1;0;1;1;1;0;1;1;0;0;1;1;1;0;1;1;1;1;1;0;1;1;1;1;1;1;1;1;1;1;1;0;0;0;0;1;0;1;1;1;1;0;1;1;1;1;0;1;0;1;0;1;1;1;1;1;1;1;1;0;1;1;1;1;0;1;1;1;1;1;0;0;0;0;1;0;0;1;1;0;1;1;1;1;1;0;0;0;0;0;1;1;1;1;1;1;0,534256231884;0,516908856218;0,897316647282;0,519887466518;0,658343669592;48,8275617817;0;0;0;0
0;0;0;1;1;1;0;1;1;1;1;0;0;1;1;1;1;1;1;1;0;0;0;0;1;1;1;1;0;1;0;1;0;1;1;1;1;0;0;1;0;1;1;0;0;0;1;1;0;1;1;0;1;1;1;0;1;1;1;0;1;1;0;0;1;1;1;0;1;1;1;1;1;0;1;1;1;1;1;1;1;1;1;1;1;0;0;0;0;1;0;1;1;1;1;0;1;1;1;1;0;1;0;1;0;1;1;1;1;1;1;1;1;0;1;1;1;1;0;1;1;1;1;1;0;0;0;0;1;0;0;1;1;0;1;1;1;1;1;0;0;0;0;0;1;1;1;1;1;1;0,534256231884;0,516908856218;0,897316647282;0,519887466518;0,658343669592;48,8275617817;0;0;0;0
0;0;0;1;1;1;0;1;1;1;1;0;0;1;1;1;1;1;1;1;0;0;0;0;1;1;1;1;0;1;0;1;0;1;1;1;1;0;0;1;0;1;1;0;0;0;1;1;0;1;1;0;1;1;1;0;1;1;1;0;1;1;0;0;1;1;1;0;1;1;1;1;1;0;1;1;1;1;1;1;1;1;1;1;1;0;0;0;0;1;0;1;1;1;1;0;1;1;1;1;0;1;0;1;0;1;1;1;1;1;1;1;1;0;1;1;1;1;0;1;1;1;1;1;0;0;0;0;1;0;0;1;1;0;1;1;1;1;1;0;0;0;0;0;1;1;1;1;1;1;0,534256231884;0,516908856218;0,897316647282;0,519887466518;0,658343669592;48,8275617817;0;0;0;0
0;0;0;1;1;1;0;1;1;1;1;0;0;1;1;1;1;1;1;1;0;0;0;0;1;1;1;1;0;1;0;1;0;1;1;1;1;0;0;1;0;1;1;0;0;0;1;1;0;1;1;0;1;1;1;0;1;1;1;0;1;1;0;0;1;1;1;0;1;1;1;1;1;0;1;1;1;1;1;1;1;1;1;1;1;0;0;0;0;1;0;1;1;1;1;0;1;1;1;1;0;1;0;1;0;1;1;1;1;1;1;1;1;0;1;1;1;1;0;1;1;1;1;1;0;0;0;0;1;0;0;1;1;0;1;1;1;1;1;0;0;0;0;0;1;1;1;1;1;1;0,534256231884;0,516908856218;0,897316647282;0,519887466518;0,658343669592;48,8275617817;0;0;0;0
0;0;0;1;1;1;0;1;1;1;1;0;0;1;1;1;1;1;1;1;0;0;0;0;1;1;1;1;0;1;0;1;0;1;1;1;1;0;0;1;0;1;1;0;0;0;1;1;0;1;1;0;1;1;1;0;1;1;1;0;1;1;0;0;1;1;1;0;1;1;1;1;1;0;1;1;1;1;1;1;1;1;1;1;1;0;0;0;0;1;0;1;1;1;1;0;1;1;1;1;0;1;0;1;0;1;1;1;1;1;1;1;1;0;1;1;1;1;0;1;1;1;1;1;0;0;0;0;1;0;0;1;1;0;1;1;1;1;1;0;0;0;0;0;1;1;1;1;1;1;0,534256231884;0,516908856218;0,897316647282;0,519887466518;0,658343669592;48,8275617817;0;0;0;0
0;0;0;1;1;1;0;1;1;1;1;0;0;1;1;1;1;1;1;1;0;0;0;0;1;1;1;1;0;1;0;1;0;1;1;1;1;0;0;1;0;1;1;0;0;0;1;1;0;1;1;0;1;1;1;0;1;1;1;0;1;1;0;0;1;1;1;0;1;1;1;1;1;0;1;1;1;1;1;1;1;1;1;1;1;0;0;0;0;1;0;1;1;1;1;0;1;1;1;1;0;1;0;1;0;1;1;1;1;1;1;1;1;0;1;1;1;1;0;1;1;1;1;1;0;0;0;0;1;0;0;1;1;0;1;1;1;1;1;0;0;0;0;0;1;1;1;1;1;1;0,534256231884;0,516908856218;0,897316647282;0,519887466518;0,658343669592;48,8275617817;0;0;0;0
0;0;0;1;1;1;0;1;1;1;1;0;0;1;1;1;1;1;1;1;0;0;0;0;1;1;1;1;0;1;0;1;0;1;1;1;1;0;0;1;0;1;1;0;0;0;1;1;0;1;1;0;1;1;1;0;1;1;1;0;1;1;0;0;1;1;1;0;1;1;1;1;1;0;1;1;1;1;1;1;1;1;1;1;1;0;0;0;0;1;0;1;1;1;1;0;1;1;1;1;0;1;0;1;0;1;1;1;1;1;1;1;1;0;1;1;1;1;0;1;1;1;1;1;0;0;0;0;1;0;0;1;1;0;1;1;1;1;1;0;0;0;0;0;1;1;1;1;1;1;0,534256231884;0,516908856218;0,897316647282;0,519887466518;0,658343669592;48,8275617817;0;0;0;0
0;0;0;1;1;1;0;1;1;1;1;0;0;1;1;1;1;1;1;1;0;0;0;0;1;1;1;1;0;1;0;1;0;1;1;1;1;0;0;1;0;1;1;0;0;0;1;1;0;1;1;0;1;1;1;0;1;1;1;0;1;1;0;0;1;1;1;0;1;1;1;1;1;0;1;1;1;1;1;1;1;1;1;1;1;0;0;0;0;1;0;1;1;1;1;0;1;1;1;1;0;1;0;1;0;1;1;1;1;1;1;1;1;0;1;1;1;1;0;1;1;1;1;1;0;0;0;0;1;0;0;1;1;0;1;1;1;1;1;0;0;0;0;0;1;1;1;1;1;1;0,534256231884;0,516908856218;0,897316647282;0,519887466518;0,658343669592;48,8275617817;0;0;0;0
0;0;0;1;1;1;0;1;1;1;1;0;0;1;1;1;1;1;1;1;0;0;0;0;1;1;1;1;0;1;0;1;0;1;1;1;1;0;0;1;0;1;1;0;0;0;1;1;0;1;1;0;1;1;1;0;1;1;1;0;1;1;0;0;1;1;1;0;1;1;1;1;1;0;1;1;1;1;1;1;1;1;1;1;1;0;0;0;0;1;0;1;1;1;1;0;1;1;1;1;0;1;0;1;0;1;1;1;1;1;1;1;1;0;1;1;1;1;0;1;1;1;1;1;0;0;0;0;1;0;0;1;1;0;1;1;1;1;1;0;0;0;0;0;1;1;1;1;1;1;0,534256231884;0,516908856218;0,897316647282;0,519887466518;0,658343669592;48,8275617817;0;0;0;0
0;0;0;1;1;1;0;1;1;1;1;0;0;1;1;1;1;1;1;1;0;0;0;0;1;1;1;1;0;1;0;1;0;1;1;1;1;0;0;1;0;1;1;0;0;0;1;1;0;1;1;0;1;1;1;0;1;1;1;0;1;1;0;0;1;1;1;0;1;1;1;1;1;0;1;1;1;1;1;1;1;1;1;1;1;0;0;0;0;1;0;1;1;1;1;0;1;1;1;1;0;1;0;1;0;1;1;1;1;1;1;1;1;0;1;1;1;1;0;1;1;1;1;1;0;0;0;0;1;0;0;1;1;0;1;1;1;1;1;0;0;0;0;0;1;1;1;1;1;1;0,534256231884;0,516908856218;0,897316647282;0,519887466518;0,658343669592;48,8275617817;0;0;0;0
0;0;0;1;1;1;0;1;1;1;1;0;0;1;1;1;1;1;1;1;0;0;0;0;1;1;1;1;0;1;0;1;0;1;1;1;1;0;0;1;0;1;1;0;0;0;1;1;0;1;1;0;1;1;1;0;1;1;1;0;1;1;0;0;1;1;1;0;1;1;1;1;1;0;1;1;1;1;1;1;1;1;1;1;1;0;0;0;0;1;0;1;1;1;1;0;1;1;1;1;0;1;0;1;0;1;1;1;1;1;1;1;1;0;1;1;1;1;0;1;1;1;1;1;0;0;0;0;1;0;0;1;1;0;1;1;1;1;1;0;0;0;0;0;1;1;1;1;1;1;0,534256231884;0,516908856218;0,897316647282;0,519887466518;0,658343669592;48,8275617817;0;0;0;0
0;0;0;1;1;1;0;1;1;1;1;0;0;1;1;1;1;1;1;1;0;0;0;0;1;1;1;1;0;1;0;1;0;1;1;1;1;0;0;1;0;1;1;0;0;0;1;1;0;1;1;0;1;1;1;0;1;1;1;0;1;1;0;0;1;1;1;0;1;1;1;1;1;0;1;1;1;1;1;1;1;1;1;1;1;0;0;0;0;1;0;1;1;1;1;0;1;1;1;1;0;1;0;1;0;1;1;1;1;1;1;1;1;0;1;1;1;1;0;1;1;1;1;1;0;0;0;0;1;0;0;1;1;0;1;1;1;1;1;0;0;0;0;0;1;1;1;1;1;1;0,534256231884;0,516908856218;0,897316647282;0,519887466518;0,658343669592;48,8275617817;0;0;0;0
0;0;0;1;1;1;0;1;1;1;1;0;0;1;1;1;1;1;1;1;0;0;0;0;1;1;1;1;0;1;0;1;0;1;1;1;1;0;0;1;0;1;1;0;0;0;1;1;0;1;1;0;1;1;1;0;1;1;1;0;1;1;0;0;1;1;1;0;1;1;1;1;1;0;1;1;1;1;1;1;1;1;1;1;1;0;0;0;0;1;0;1;1;1;1;0;1;1;1;1;0;1;0;1;0;1;1;1;1;1;1;1;1;0;1;1;1;1;0;1;1;1;1;1;0;0;0;0;1;0;0;1;1;0;1;1;1;1;1;0;0;0;0;0;1;1;1;1;1;1;0,534256231884;0,516908856218;0,897316647282;0,519887466518;0,658343669592;48,8275617817;0;0;0;0
0;0;0;1;1;1;0;1;1;1;1;0;0;1;1;1;1;1;1;1;0;0;0;0;1;1;1;1;0;1;0;1;0;1;1;1;1;0;0;1;0;1;1;0;0;0;1;1;0;1;1;0;1;1;1;0;1;1;1;0;1;1;0;0;1;1;1;0;1;1;1;1;1;0;1;1;1;1;1;1;1;1;1;1;1;0;0;0;0;1;0;1;1;1;1;0;1;1;1;1;0;1;0;1;0;1;1;1;1;1;1;1;1;0;1;1;1;1;0;1;1;1;1;1;0;0;0;0;1;0;0;1;1;0;1;1;1;1;1;0;0;0;0;0;1;1;1;1;1;1;0,534256231884;0,516908856218;0,897316647282;0,519887466518;0,658343669592;48,8275617817;0;0;0;0
0;0;0;1;1;1;0;1;1;1;1;0;0;1;1;1;1;1;1;1;0;0;0;0;1;1;1;1;0;1;0;1;0;1;1;1;1;0;0;1;0;1;1;0;0;0;1;1;0;1;1;0;1;1;1;0;1;1;1;0;1;1;0;0;1;1;1;0;1;1;1;1;1;0;1;1;1;1;1;1;1;1;1;1;1;0;0;0;0;1;0;1;1;1;1;0;1;1;1;1;0;1;0;1;0;1;1;1;1;1;1;1;1;0;1;1;1;1;0;1;1;1;1;1;0;0;0;0;1;0;0;1;1;0;1;1;1;1;1;0;0;0;0;0;1;1;1;1;1;1;0,534256231884;0,516908856218;0,897316647282;0,519887466518;0,658343669592;48,8275617817;0;0;0;0
0;0;0;1;1;1;0;1;1;1;1;0;0;1;1;1;1;1;1;1;0;0;0;0;1;1;1;1;0;1;0;1;0;1;1;1;1;0;0;1;0;1;1;0;0;0;1;1;0;1;1;0;1;1;1;0;1;1;1;0;1;1;0;0;1;1;1;0;1;1;1;1;1;0;1;1;1;1;1;1;1;1;1;1;1;0;0;0;0;1;0;1;1;1;1;0;1;1;1;1;0;1;0;1;0;1;1;1;1;1;1;1;1;0;1;1;1;1;0;1;1;1;1;1;0;0;0;0;1;0;0;1;1;0;1;1;1;1;1;0;0;0;0;0;1;1;1;1;1;1;0,534256231884;0,516908856218;0,897316647282;0,519887466518;0,658343669592;48,8275617817;0;0;0;0
0;0;0;1;1;1;0;1;1;1;1;0;0;1;1;1;1;1;1;1;0;0;0;0;1;1;1;1;0;1;0;1;0;1;1;1;1;0;0;1;0;1;1;0;0;0;1;1;0;1;1;0;1;1;1;0;1;1;1;0;1;1;0;0;1;1;1;0;1;1;1;1;1;0;1;1;1;1;1;1;1;1;1;1;1;0;0;0;0;1;0;1;1;1;1;0;1;1;1;1;0;1;0;1;0;1;1;1;1;1;1;1;1;0;1;1;1;1;0;1;1;1;1;1;0;0;0;0;1;0;0;1;1;0;1;1;1;1;1;0;0;0;0;0;1;1;1;1;1;1;0,534256231884;0,516908856218;0,897316647282;0,519887466518;0,658343669592;48,8275617817;0;0;0;0
0;0;0;1;1;1;0;1;1;1;1;0;0;1;1;1;1;1;1;1;0;0;0;0;1;1;1;1;0;1;0;1;0;1;1;1;1;0;0;1;0;1;1;0;0;0;1;1;0;1;1;0;1;1;1;0;1;1;1;0;1;1;0;0;1;1;1;0;1;1;1;1;1;0;1;1;1;1;1;1;1;1;1;1;1;0;0;0;0;1;0;1;1;1;1;0;1;1;1;1;0;1;0;1;0;1;1;1;1;1;1;1;1;0;1;1;1;1;0;1;1;1;1;1;0;0;0;0;1;0;0;1;1;0;1;1;1;1;1;0;0;0;0;0;1;1;1;1;1;1;0,534256231884;0,516908856218;0,897316647282;0,519887466518;0,658343669592;48,8275617817;0;0;0;0
0;0;0;1;1;1;0;1;1;1;1;0;0;1;1;1;1;1;1;1;0;0;0;0;1;1;1;1;0;1;0;1;0;1;1;1;1;0;0;1;0;1;1;0;0;0;1;1;0;1;1;0;1;1;1;0;1;1;1;0;1;1;0;0;1;1;1;0;1;1;1;1;1;0;1;1;1;1;1;1;1;1;1;1;1;0;0;0;0;1;0;1;1;1;1;0;1;1;1;1;0;1;0;1;0;1;1;1;1;1;1;1;1;0;1;1;1;1;0;1;1;1;1;1;0;0;0;0;1;0;0;1;1;0;1;1;1;1;1;0;0;0;0;0;1;1;1;1;1;1;0,534256231884;0,516908856218;0,897316647282;0,519887466518;0,658343669592;48,8275617817;0;0;0;0
0;0;0;1;1;1;0;1;1;1;1;0;0;1;1;1;1;1;1;1;0;0;0;0;1;1;1;1;0;1;0;1;0;1;1;1;1;0;0;1;0;1;1;0;0;0;1;1;0;1;1;0;1;1;1;0;1;1;1;0;1;1;0;0;1;1;1;0;1;1;1;1;1;0;1;1;1;1;1;1;1;1;1;1;1;0;0;0;0;1;0;1;1;1;1;0;1;1;1;1;0;1;0;1;0;1;1;1;1;1;1;1;1;0;1;1;1;1;0;1;1;1;1;1;0;0;0;0;1;0;0;1;1;0;1;1;1;1;1;0;0;0;0;0;1;1;1;1;1;1;0,534256231884;0,516908856218;0,897316647282;0,519887466518;0,658343669592;48,8275617817;0;0;0;0
0;0;0;1;1;1;0;1;1;1;1;0;0;1;1;1;1;1;1;1;0;0;0;0;1;1;1;1;0;1;0;1;0;1;1;1;1;0;0;1;0;1;1;0;0;0;1;1;0;1;1;0;1;1;1;0;1;1;1;0;1;1;0;0;1;1;1;0;1;1;1;1;1;0;1;1;1;1;1;1;1;1;1;1;1;0;0;0;0;1;0;1;1;1;1;0;1;1;1;1;0;1;0;1;0;1;1;1;1;1;1;1;1;0;1;1;1;1;0;1;1;1;1;1;0;0;0;0;1;0;0;1;1;0;1;1;1;1;1;0;0;0;0;0;1;1;1;1;1;1;0,534256231884;0,516908856218;0,897316647282;0,519887466518;0,658343669592;48,8275617817;0;0;0;0
