10;40;30;db;Minkowski_2;4;1
2;2;2;2;2;4;1;4;4;2;4;2;2;2;1;4;4;4;2;2;2;2;2;0;2;2;2;4;1;2;1;2;4;2;2;2;4;2;2;2;1;2;4;4;2;4;1;0;3;2;2;2;2;2;2;2;1;2;4;4;4;2;2;3;2;4;2;2;4;4;1;2;0;4;1;1;3;4;3;2;4;4;4;4;2;2;1;4;2;2;4;2;4;4;2;2;1;2;2;2;4;2;4;1;4;4;4;4;2;2;2;0;4;2;3;2;4;2;4;2;0;4;2;2;2;2;2;3;2;0;2;4;2;4;4;2;4;1;2;2;2;2;4;4;3;4;2;1;2;4;0,500703998552;0,55489308451;0,565720850164;0,624225818237;0,593535105337;1,70476830436;0;0;0;0
2;2;2;2;2;4;1;4;4;2;4;2;2;2;1;4;4;4;2;2;2;2;2;0;2;2;2;4;1;2;1;2;4;2;2;2;4;2;2;2;1;2;4;4;2;4;1;0;2;2;2;2;2;2;2;2;1;2;4;4;4;2;2;2;2;4;2;2;4;4;1;2;0;4;1;1;2;4;2;2;4;4;4;4;2;2;1;4;2;2;4;2;4;4;2;2;1;2;2;2;4;2;4;1;4;4;4;4;2;2;2;0;4;1;3;2;4;2;4;2;2;4;2;2;2;2;2;3;2;0;2;4;2;4;4;2;4;1;2;2;2;2;4;4;2;4;2;1;2;4;0,526052271957;0,599732862997;0,610748882553;0,616269166738;0,613496606924;1,97519077656;0;0;0;0
1;1;1;1;1;0;1;0;0;1;0;1;1;1;1;0;0;0;1;1;1;1;1;1;1;1;1;0;0;1;1;1;0;1;1;1;0;1;1;1;1;1;0;0;1;0;1;1;1;1;1;1;1;1;1;1;1;1;0;0;0;1;1;1;1;0;1;1;0;0;1;1;0;0;1;1;1;0;1;1;0;0;0;0;1;1;1;0;1;1;0;1;0;0;1;1;1;1;1;1;0;1;0;1;0;0;0;0;1;1;1;0;0;1;1;1;0;1;0;1;1;0;1;1;1;1;1;1;1;0;1;0;1;0;0;1;0;1;1;1;1;1;0;0;1;0;1;1;1;0;0,558371443754;0,550981342634;0,949020443401;0,553749288743;0,699401091591;2,82723960514;0;0;0;0
1;1;1;1;1;0;1;0;0;1;0;1;1;1;1;0;0;0;1;1;1;1;1;1;1;1;1;0;0;1;1;1;0;1;1;1;0;1;1;1;1;1;0;0;1;0;1;1;1;1;1;1;1;1;1;1;1;1;0;0;0;1;1;1;1;0;1;1;0;0;1;1;0;0;1;1;1;0;1;1;0;0;0;0;1;1;1;0;1;1;0;1;0;0;1;1;1;1;1;1;0;1;0;1;0;0;0;0;1;1;1;0;0;1;1;1;0;1;0;1;1;0;1;1;1;1;1;1;1;0;1;0;1;0;0;1;0;1;1;1;1;1;0;0;1;0;1;1;1;0;0,558371443754;0,550981342634;0,949020443401;0,553749288743;0,699401091591;2,82723960514;0;0;0;0
1;1;1;1;1;0;1;0;0;1;0;1;1;1;1;0;0;0;1;1;1;1;1;1;1;1;1;0;0;1;1;1;0;1;1;1;0;1;1;1;1;1;0;0;1;0;1;1;1;1;1;1;1;1;1;1;1;1;0;0;0;1;1;1;1;0;1;1;0;0;1;1;0;0;1;1;1;0;1;1;0;0;0;0;1;1;1;0;1;1;0;1;0;0;1;1;1;1;1;1;0;1;0;1;0;0;0;0;1;1;1;0;0;1;1;1;0;1;0;1;1;0;1;1;1;1;1;1;1;0;1;0;1;0;0;1;0;1;1;1;1;1;0;0;1;0;1;1;1;0;0,558371443754;0,550981342634;0,949020443401;0,553749288743;0,699401091591;2,82723960514;0;0;0;0
1;1;1;1;1;0;1;0;0;1;0;1;1;1;1;0;0;0;1;1;1;1;1;1;1;1;1;0;0;1;1;1;0;1;1;1;0;1;1;1;1;1;0;0;1;0;1;1;1;1;1;1;1;1;1;1;1;1;0;0;0;1;1;1;1;0;1;1;0;0;1;1;0;0;1;1;1;0;1;1;0;0;0;0;1;1;1;0;1;1;0;1;0;0;1;1;1;1;1;1;0;1;0;1;0;0;0;0;1;1;1;0;0;1;1;1;0;1;0;1;1;0;1;1;1;1;1;1;1;0;1;0;1;0;0;1;0;1;1;1;1;1;0;0;1;0;1;1;1;0;0,558371443754;0,550981342634;0,949020443401;0,553749288743;0,699401091591;2,82723960514;0;0;0;0
1;1;1;1;1;0;1;0;0;1;0;1;1;1;1;0;0;0;1;1;1;1;1;1;1;1;1;0;0;1;1;1;0;1;1;1;0;1;1;1;1;1;0;0;1;0;1;1;1;1;1;1;1;1;1;1;1;1;0;0;0;1;1;1;1;0;1;1;0;0;1;1;0;0;1;1;1;0;1;1;0;0;0;0;1;1;1;0;1;1;0;1;0;0;1;1;1;1;1;1;0;1;0;1;0;0;0;0;1;1;1;0;0;1;1;1;0;1;0;1;1;0;1;1;1;1;1;1;1;0;1;0;1;0;0;1;0;1;1;1;1;1;0;0;1;0;1;1;1;0;0,558371443754;0,550981342634;0,949020443401;0,553749288743;0,699401091591;2,82723960514;0;0;0;0
1;1;1;1;1;0;1;0;0;1;0;1;1;1;1;0;0;0;1;1;1;1;1;1;1;1;1;0;0;1;1;1;0;1;1;1;0;1;1;1;1;1;0;0;1;0;1;1;1;1;1;1;1;1;1;1;1;1;0;0;0;1;1;1;1;0;1;1;0;0;1;1;0;0;1;1;1;0;1;1;0;0;0;0;1;1;1;0;1;1;0;1;0;0;1;1;1;1;1;1;0;1;0;1;0;0;0;0;1;1;1;0;0;1;1;1;0;1;0;1;1;0;1;1;1;1;1;1;1;0;1;0;1;0;0;1;0;1;1;1;1;1;0;0;1;0;1;1;1;0;0,558371443754;0,550981342634;0,949020443401;0,553749288743;0,699401091591;2,82723960514;0;0;0;0
1;1;1;1;1;0;1;0;0;1;0;1;1;1;1;0;0;0;1;1;1;1;1;1;1;1;1;0;0;1;1;1;0;1;1;1;0;1;1;1;1;1;0;0;1;0;1;1;1;1;1;1;1;1;1;1;1;1;0;0;0;1;1;1;1;0;1;1;0;0;1;1;0;0;1;1;1;0;1;1;0;0;0;0;1;1;1;0;1;1;0;1;0;0;1;1;1;1;1;1;0;1;0;1;0;0;0;0;1;1;1;0;0;1;1;1;0;1;0;1;1;0;1;1;1;1;1;1;1;0;1;0;1;0;0;1;0;1;1;1;1;1;0;0;1;0;1;1;1;0;0,558371443754;0,550981342634;0,949020443401;0,553749288743;0,699401091591;2,82723960514;0;0;0;0
1;1;1;1;1;0;1;0;0;1;0;1;1;1;1;0;0;0;1;1;1;1;1;1;1;1;1;0;0;1;1;1;0;1;1;1;0;1;1;1;1;1;0;0;1;0;1;1;1;1;1;1;1;1;1;1;1;1;0;0;0;1;1;1;1;0;1;1;0;0;1;1;0;0;1;1;1;0;1;1;0;0;0;0;1;1;1;0;1;1;0;1;0;0;1;1;1;1;1;1;0;1;0;1;0;0;0;0;1;1;1;0;0;1;1;1;0;1;0;1;1;0;1;1;1;1;1;1;1;0;1;0;1;0;0;1;0;1;1;1;1;1;0;0;1;0;1;1;1;0;0,558371443754;0,550981342634;0,949020443401;0,553749288743;0,699401091591;2,82723960514;0;0;0;0
1;1;1;1;1;0;1;0;0;1;0;1;1;1;1;0;0;0;1;1;1;1;1;1;1;1;1;0;0;1;1;1;0;1;1;1;0;1;1;1;1;1;0;0;1;0;1;1;1;1;1;1;1;1;1;1;1;1;0;0;0;1;1;1;1;0;1;1;0;0;1;1;0;0;1;1;1;0;1;1;0;0;0;0;1;1;1;0;1;1;0;1;0;0;1;1;1;1;1;1;0;1;0;1;0;0;0;0;1;1;1;0;0;1;1;1;0;1;0;1;1;0;1;1;1;1;1;1;1;0;1;0;1;0;0;1;0;1;1;1;1;1;0;0;1;0;1;1;1;0;0,558371443754;0,550981342634;0,949020443401;0,553749288743;0,699401091591;2,82723960514;0;0;0;0
2;2;2;2;2;0;2;0;0;2;0;2;2;2;2;0;0;0;2;2;2;2;2;2;2;2;2;0;0;2;2;2;0;2;2;2;0;2;2;2;2;2;0;0;2;0;2;2;2;2;2;2;2;2;2;2;2;2;0;0;0;2;2;2;2;0;2;2;0;0;2;2;0;0;2;2;2;0;2;2;0;0;0;0;2;2;2;0;2;2;0;2;0;0;2;2;2;2;2;2;0;2;0;2;0;0;0;0;2;2;2;0;0;2;1;2;0;2;0;2;2;0;2;2;2;2;2;1;2;0;2;0;2;0;0;2;0;2;2;2;2;2;0;0;2;0;2;2;2;0;0,554283166707;0,556229005959;0,874853191984;0,562412599335;0,68467288474;2,96962857163;0;0;0;0
2;2;2;2;2;0;2;0;0;2;0;2;2;2;2;0;0;0;2;2;2;2;2;2;2;2;2;0;0;2;2;2;0;2;2;2;0;2;2;2;2;2;0;0;2;0;2;2;2;2;2;2;2;2;2;2;2;2;0;0;0;2;2;2;2;0;2;2;0;0;2;2;0;0;2;2;2;0;2;2;0;0;0;0;2;2;2;0;2;2;0;2;0;0;2;2;2;2;2;2;0;2;0;2;0;0;0;0;2;2;2;0;0;2;1;2;0;2;0;2;2;0;2;2;2;2;2;1;2;0;2;0;2;0;0;2;0;2;2;2;2;2;0;0;2;0;2;2;2;0;0,554283166707;0,556229005959;0,874853191984;0,562412599335;0,68467288474;2,96962857163;0;0;0;0
2;2;2;2;2;0;2;0;0;2;0;2;2;2;2;0;0;0;2;2;2;2;2;2;2;2;2;0;0;2;2;2;0;2;2;2;0;2;2;2;2;2;0;0;2;0;2;2;2;2;2;2;2;2;2;2;2;2;0;0;0;2;2;2;2;0;2;2;0;0;2;2;0;0;2;2;2;0;2;2;0;0;0;0;2;2;2;0;2;2;0;2;0;0;2;2;2;2;2;2;0;2;0;2;0;0;0;0;2;2;2;0;0;2;1;2;0;2;0;2;2;0;2;2;2;2;2;1;2;0;2;0;2;0;0;2;0;2;2;2;2;2;0;0;2;0;2;2;2;0;0,554283166707;0,556229005959;0,874853191984;0,562412599335;0,68467288474;2,96962857163;0;0;0;0
2;2;2;2;2;0;2;0;0;2;0;2;2;2;2;0;0;0;2;2;2;2;2;2;2;2;2;0;0;2;2;2;0;2;2;2;0;2;2;2;2;2;0;0;2;0;2;2;2;2;2;2;2;2;2;2;2;2;0;0;0;2;2;2;2;0;2;2;0;0;2;2;0;0;2;2;2;0;2;2;0;0;0;0;2;2;2;0;2;2;0;2;0;0;2;2;2;2;2;2;0;2;0;2;0;0;0;0;2;2;2;0;0;2;1;2;0;2;0;2;2;0;2;2;2;2;2;1;2;0;2;0;2;0;0;2;0;2;2;2;2;2;0;0;2;0;2;2;2;0;0,554283166707;0,556229005959;0,874853191984;0,562412599335;0,68467288474;2,96962857163;0;0;0;0
2;2;2;2;2;0;2;0;0;2;0;2;2;2;2;0;0;0;2;2;2;2;2;2;2;2;2;0;0;2;2;2;0;2;2;2;0;2;2;2;2;2;0;0;2;0;2;2;2;2;2;2;2;2;2;2;2;2;0;0;0;2;2;2;2;0;2;2;0;0;2;2;0;0;2;2;2;0;2;2;0;0;0;0;2;2;2;0;2;2;0;2;0;0;2;2;2;2;2;2;0;2;0;2;0;0;0;0;2;2;2;0;0;2;1;2;0;2;0;2;2;0;2;2;2;2;2;1;2;0;2;0;2;0;0;2;0;2;2;2;2;2;0;0;2;0;2;2;2;0;0,554283166707;0,556229005959;0,874853191984;0,562412599335;0,68467288474;2,96962857163;0;0;0;0
2;2;2;2;2;0;2;0;0;2;0;2;2;2;2;0;0;0;2;2;2;2;2;2;2;2;2;0;0;2;2;2;0;2;2;2;0;2;2;2;2;2;0;0;2;0;2;2;2;2;2;2;2;2;2;2;2;2;0;0;0;2;2;2;2;0;2;2;0;0;2;2;0;0;2;2;2;0;2;2;0;0;0;0;2;2;2;0;2;2;0;2;0;0;2;2;2;2;2;2;0;2;0;2;0;0;0;0;2;2;2;0;0;2;1;2;0;2;0;2;2;0;2;2;2;2;2;1;2;0;2;0;2;0;0;2;0;2;2;2;2;2;0;0;2;0;2;2;2;0;0,554283166707;0,556229005959;0,874853191984;0,562412599335;0,68467288474;2,96962857163;0;0;0;0
2;2;2;2;2;0;2;0;0;2;0;2;2;2;2;0;0;0;2;2;2;2;2;2;2;2;2;0;0;2;2;2;0;2;2;2;0;2;2;2;2;2;0;0;2;0;2;2;2;2;2;2;2;2;2;2;2;2;0;0;0;2;2;2;2;0;2;2;0;0;2;2;0;0;2;2;2;0;2;2;0;0;0;0;2;2;2;0;2;2;0;2;0;0;2;2;2;2;2;2;0;2;0;2;0;0;0;0;2;2;2;0;0;2;1;2;0;2;0;2;2;0;2;2;2;2;2;1;2;0;2;0;2;0;0;2;0;2;2;2;2;2;0;0;2;0;2;2;2;0;0,554283166707;0,556229005959;0,874853191984;0,562412599335;0,68467288474;2,96962857163;0;0;0;0
2;2;2;2;2;0;2;0;0;2;0;2;2;2;2;0;0;0;2;2;2;2;2;2;2;2;2;0;0;2;2;2;0;2;2;2;0;2;2;2;2;2;0;0;2;0;2;2;2;2;2;2;2;2;2;2;2;2;0;0;0;2;2;2;2;0;2;2;0;0;2;2;0;0;2;2;2;0;2;2;0;0;0;0;2;2;2;0;2;2;0;2;0;0;2;2;2;2;2;2;0;2;0;2;0;0;0;0;2;2;2;0;0;2;1;2;0;2;0;2;2;0;2;2;2;2;2;1;2;0;2;0;2;0;0;2;0;2;2;2;2;2;0;0;2;0;2;2;2;0;0,554283166707;0,556229005959;0,874853191984;0,562412599335;0,68467288474;2,96962857163;0;0;0;0
2;2;2;2;2;0;2;0;0;2;0;2;2;2;2;0;0;0;2;2;2;2;2;2;2;2;2;0;0;2;2;2;0;2;2;2;0;2;2;2;2;2;0;0;2;0;2;2;2;2;2;2;2;2;2;2;2;2;0;0;0;2;2;2;2;0;2;2;0;0;2;2;0;0;2;2;2;0;2;2;0;0;0;0;2;2;2;0;2;2;0;2;0;0;2;2;2;2;2;2;0;2;0;2;0;0;0;0;2;2;2;0;0;2;1;2;0;2;0;2;2;0;2;2;2;2;2;1;2;0;2;0;2;0;0;2;0;2;2;2;2;2;0;0;2;0;2;2;2;0;0,554283166707;0,556229005959;0,874853191984;0,562412599335;0,68467288474;2,96962857163;0;0;0;0
2;2;2;2;2;0;2;0;0;2;0;2;2;2;2;0;0;0;2;2;2;2;2;2;2;2;2;0;0;2;2;2;0;2;2;2;0;2;2;2;2;2;0;0;2;0;2;2;2;2;2;2;2;2;2;2;2;2;0;0;0;2;2;2;2;0;2;2;0;0;2;2;0;0;2;2;2;0;2;2;0;0;0;0;2;2;2;0;2;2;0;2;0;0;2;2;2;2;2;2;0;2;0;2;0;0;0;0;2;2;2;0;0;2;1;2;0;2;0;2;2;0;2;2;2;2;2;1;2;0;2;0;2;0;0;2;0;2;2;2;2;2;0;0;2;0;2;2;2;0;0,554283166707;0,556229005959;0,874853191984;0,562412599335;0,68467288474;2,96962857163;0;0;0;0
2;2;2;2;2;0;2;0;0;2;0;2;2;2;2;0;0;0;2;2;2;2;2;2;2;2;2;0;0;2;2;2;0;2;2;2;0;2;2;2;2;2;0;0;2;0;2;2;2;2;2;2;2;2;2;2;2;2;0;0;0;2;2;2;2;0;2;2;0;0;2;2;0;0;2;2;2;0;2;2;0;0;0;0;2;2;2;0;2;2;0;2;0;0;2;2;2;2;2;2;0;2;0;2;0;0;0;0;2;2;2;0;0;2;1;2;0;2;0;2;2;0;2;2;2;2;2;1;2;0;2;0;2;0;0;2;0;2;2;2;2;2;0;0;2;0;2;2;2;0;0,554283166707;0,556229005959;0,874853191984;0,562412599335;0,68467288474;2,96962857163;0;0;0;0
2;2;2;2;2;0;2;0;0;2;0;2;2;2;2;0;0;0;2;2;2;2;2;2;2;2;2;0;0;2;2;2;0;2;2;2;0;2;2;2;2;2;0;0;2;0;2;2;2;2;2;2;2;2;2;2;2;2;0;0;0;2;2;2;2;0;2;2;0;0;2;2;0;0;2;2;2;0;2;2;0;0;0;0;2;2;2;0;2;2;0;2;0;0;2;2;2;2;2;2;0;2;0;2;0;0;0;0;2;2;2;0;0;2;1;2;0;2;0;2;2;0;2;2;2;2;2;1;2;0;2;0;2;0;0;2;0;2;2;2;2;2;0;0;2;0;2;2;2;0;0,554283166707;0,556229005959;0,874853191984;0,562412599335;0,68467288474;2,96962857163;0;0;0;0
2;2;2;2;2;0;2;0;0;2;0;2;2;2;2;0;0;0;2;2;2;2;2;2;2;2;2;0;0;2;2;2;0;2;2;2;0;2;2;2;2;2;0;0;2;0;2;2;2;2;2;2;2;2;2;2;2;2;0;0;0;2;2;2;2;0;2;2;0;0;2;2;0;0;2;2;2;0;2;2;0;0;0;0;2;2;2;0;2;2;0;2;0;0;2;2;2;2;2;2;0;2;0;2;0;0;0;0;2;2;2;0;0;2;1;2;0;2;0;2;2;0;2;2;2;2;2;1;2;0;2;0;2;0;0;2;0;2;2;2;2;2;0;0;2;0;2;2;2;0;0,554283166707;0,556229005959;0,874853191984;0,562412599335;0,68467288474;2,96962857163;0;0;0;0
2;2;2;2;2;0;2;0;0;2;0;2;2;2;2;0;0;0;2;2;2;2;2;2;2;2;2;0;0;2;2;2;0;2;2;2;0;2;2;2;2;2;0;0;2;0;2;2;2;2;2;2;2;2;2;2;2;2;0;0;0;2;2;2;2;0;2;2;0;0;2;2;0;0;2;2;2;0;2;2;0;0;0;0;2;2;2;0;2;2;0;2;0;0;2;2;2;2;2;2;0;2;0;2;0;0;0;0;2;2;2;0;0;2;1;2;0;2;0;2;2;0;2;2;2;2;2;1;2;0;2;0;2;0;0;2;0;2;2;2;2;2;0;0;2;0;2;2;2;0;0,554283166707;0,556229005959;0,874853191984;0,562412599335;0,68467288474;2,96962857163;0;0;0;0
2;2;2;2;2;0;2;0;0;2;0;2;2;2;2;0;0;0;2;2;2;2;2;2;2;2;2;0;0;2;2;2;0;2;2;2;0;2;2;2;2;2;0;0;2;0;2;2;2;2;2;2;2;2;2;2;2;2;0;0;0;2;2;2;2;0;2;2;0;0;2;2;0;0;2;2;2;0;2;2;0;0;0;0;2;2;2;0;2;2;0;2;0;0;2;2;2;2;2;2;0;2;0;2;0;0;0;0;2;2;2;0;0;2;1;2;0;2;0;2;2;0;2;2;2;2;2;1;2;0;2;0;2;0;0;2;0;2;2;2;2;2;0;0;2;0;2;2;2;0;0,554283166707;0,556229005959;0,874853191984;0,562412599335;0,68467288474;2,96962857163;0;0;0;0
2;2;2;2;2;0;2;0;0;2;0;2;2;2;2;0;0;0;2;2;2;2;2;2;2;2;2;0;0;2;2;2;0;2;2;2;0;2;2;2;2;2;0;0;2;0;2;2;2;2;2;2;2;2;2;2;2;2;0;0;0;2;2;2;2;0;2;2;0;0;2;2;0;0;2;2;2;0;2;2;0;0;0;0;2;2;2;0;2;2;0;2;0;0;2;2;2;2;2;2;0;2;0;2;0;0;0;0;2;2;2;0;0;2;1;2;0;2;0;2;2;0;2;2;2;2;2;1;2;0;2;0;2;0;0;2;0;2;2;2;2;2;0;0;2;0;2;2;2;0;0,554283166707;0,556229005959;0,874853191984;0,562412599335;0,68467288474;2,96962857163;0;0;0;0
2;2;2;2;2;0;2;0;0;2;0;2;2;2;2;0;0;0;2;2;2;2;2;2;2;2;2;0;0;2;2;2;0;2;2;2;0;2;2;2;2;2;0;0;2;0;2;2;2;2;2;2;2;2;2;2;2;2;0;0;0;2;2;2;2;0;2;2;0;0;2;2;0;0;2;2;2;0;2;2;0;0;0;0;2;2;2;0;2;2;0;2;0;0;2;2;2;2;2;2;0;2;0;2;0;0;0;0;2;2;2;0;0;2;1;2;0;2;0;2;2;0;2;2;2;2;2;1;2;0;2;0;2;0;0;2;0;2;2;2;2;2;0;0;2;0;2;2;2;0;0,554283166707;0,556229005959;0,874853191984;0,562412599335;0,68467288474;2,96962857163;0;0;0;0
2;2;2;2;2;0;2;0;0;2;0;2;2;2;2;0;0;0;2;2;2;2;2;2;2;2;2;0;0;2;2;2;0;2;2;2;0;2;2;2;2;2;0;0;2;0;2;2;2;2;2;2;2;2;2;2;2;2;0;0;0;2;2;2;2;0;2;2;0;0;2;2;0;0;2;2;2;0;2;2;0;0;0;0;2;2;2;0;2;2;0;2;0;0;2;2;2;2;2;2;0;2;0;2;0;0;0;0;2;2;2;0;0;2;1;2;0;2;0;2;2;0;2;2;2;2;2;1;2;0;2;0;2;0;0;2;0;2;2;2;2;2;0;0;2;0;2;2;2;0;0,554283166707;0,556229005959;0,874853191984;0,562412599335;0,68467288474;2,96962857163;0;0;0;0
2;2;2;2;2;0;2;0;0;2;0;2;2;2;2;0;0;0;2;2;2;2;2;2;2;2;2;0;0;2;2;2;0;2;2;2;0;2;2;2;2;2;0;0;2;0;2;2;2;2;2;2;2;2;2;2;2;2;0;0;0;2;2;2;2;0;2;2;0;0;2;2;0;0;2;2;2;0;2;2;0;0;0;0;2;2;2;0;2;2;0;2;0;0;2;2;2;2;2;2;0;2;0;2;0;0;0;0;2;2;2;0;0;2;1;2;0;2;0;2;2;0;2;2;2;2;2;1;2;0;2;0;2;0;0;2;0;2;2;2;2;2;0;0;2;0;2;2;2;0;0,554283166707;0,556229005959;0,874853191984;0,562412599335;0,68467288474;2,96962857163;0;0;0;0
