10;40;30;db;Cosine;4;4
4;3;0;3;3;0;3;3;3;3;0;3;3;3;3;0;3;0;0;3;0;0;3;3;3;0;0;3;0;3;0;3;3;3;4;3;0;3;3;0;3;0;3;3;0;3;3;0;3;3;3;3;0;0;3;3;3;3;0;0;3;3;0;0;3;0;0;3;3;3;3;3;3;0;3;3;4;0;0;1;3;0;1;3;0;3;0;3;0;3;3;0;3;2;3;0;0;3;0;3;0;3;0;3;3;3;3;3;0;3;0;3;3;3;3;0;0;3;0;3;0;3;1;3;3;3;3;3;3;0;0;3;3;0;2;3;3;0;3;3;3;3;3;3;3;0;3;0;0;3;0,539112827664;0,551179777225;0,701505699634;0,564493153967;0,625585345178;11,1022417911;0;0;0;0
4;3;0;3;3;0;3;3;3;3;0;3;3;3;3;0;3;0;0;3;0;0;3;3;3;0;0;3;0;3;0;3;3;3;4;3;0;3;3;0;3;0;3;3;0;3;3;0;3;3;3;3;0;0;3;3;3;3;0;0;3;3;0;0;3;0;0;3;3;3;3;3;3;0;3;3;4;0;0;1;3;0;1;3;0;3;0;3;0;3;3;0;3;2;3;0;0;3;0;3;0;3;0;3;3;3;3;3;0;3;0;3;3;3;3;0;0;3;0;3;0;3;1;3;3;3;3;3;3;0;0;3;3;0;2;3;3;0;3;3;3;3;3;3;3;0;3;0;0;3;0,539112827664;0,551179777225;0,701505699634;0,564493153967;0,625585345178;11,1022417911;0;0;0;0
2;2;0;2;2;0;2;2;2;2;0;2;2;2;2;0;2;0;0;2;0;0;2;2;2;0;0;2;0;2;0;2;2;2;3;2;0;2;2;0;2;0;2;2;0;2;2;0;2;2;2;2;0;0;2;2;2;2;0;0;2;2;0;0;2;0;0;2;2;2;2;2;2;0;2;2;3;0;0;1;2;0;1;2;0;2;0;2;0;2;2;0;2;2;2;0;0;2;0;2;0;2;0;2;2;2;2;2;0;2;0;2;2;2;2;0;0;2;0;2;0;2;1;2;2;2;2;2;2;0;0;2;2;0;2;2;2;0;2;2;2;2;2;2;2;0;2;0;0;2;0,545543091328;0,54482752041;0,766157805132;0,554749632222;0,643536024708;12,0037072959;0;0;0;0
2;2;0;2;2;0;2;2;2;2;0;2;2;2;2;0;2;0;0;2;0;0;2;2;2;0;0;2;0;2;0;2;2;2;3;2;0;2;2;0;2;0;2;2;0;2;2;0;2;2;2;2;0;0;2;2;2;2;0;0;2;2;0;0;2;0;0;2;2;2;2;2;2;0;2;2;3;0;0;1;2;0;1;2;0;2;0;2;0;2;2;0;2;2;2;0;0;2;0;2;0;2;0;2;2;2;2;2;0;2;0;2;2;2;2;0;0;2;0;2;0;2;1;2;2;2;2;2;2;0;0;2;2;0;2;2;2;0;2;2;2;2;2;2;2;0;2;0;0;2;0,545543091328;0,54482752041;0,766157805132;0,554749632222;0,643536024708;12,0037072959;0;0;0;0
2;2;0;2;2;0;2;2;2;2;0;2;2;2;2;0;2;0;0;2;0;0;2;2;2;0;0;2;0;2;0;2;2;2;3;2;0;2;2;0;2;0;2;2;0;2;2;0;2;2;2;2;0;0;2;2;2;2;0;0;2;2;0;0;2;0;0;2;2;2;2;2;2;0;2;2;3;0;0;1;2;0;1;2;0;2;0;2;0;2;2;0;2;2;2;0;0;2;0;2;0;2;0;2;2;2;2;2;0;2;0;2;2;2;2;0;0;2;0;2;0;2;1;2;2;2;2;2;2;0;0;2;2;0;2;2;2;0;2;2;2;2;2;2;2;0;2;0;0;2;0,545543091328;0,54482752041;0,766157805132;0,554749632222;0,643536024708;12,0037072959;0;0;0;0
2;2;0;2;2;0;2;2;2;2;0;2;2;2;2;0;2;0;0;2;0;0;2;2;2;0;0;2;0;2;0;2;2;2;3;2;0;2;2;0;2;0;2;2;0;2;2;0;2;2;2;2;0;0;2;2;2;2;0;0;2;2;0;0;2;0;0;2;2;2;2;2;2;0;2;2;3;0;0;1;2;0;1;2;0;2;0;2;0;2;2;0;2;2;2;0;0;2;0;2;0;2;0;2;2;2;2;2;0;2;0;2;2;2;2;0;0;2;0;2;0;2;1;2;2;2;2;2;2;0;0;2;2;0;2;2;2;0;2;2;2;2;2;2;2;0;2;0;0;2;0,545543091328;0,54482752041;0,766157805132;0,554749632222;0,643536024708;12,0037072959;0;0;0;0
2;2;0;2;2;0;2;2;2;2;0;2;2;2;2;0;2;0;0;2;0;0;2;2;2;0;0;2;0;2;0;2;2;2;3;2;0;2;2;0;2;0;2;2;0;2;2;0;2;2;2;2;0;0;2;2;2;2;0;0;2;2;0;0;2;0;0;2;2;2;2;2;2;0;2;2;3;0;0;1;2;0;1;2;0;2;0;2;0;2;2;0;2;2;2;0;0;2;0;2;0;2;0;2;2;2;2;2;0;2;0;2;2;2;2;0;0;2;0;2;0;2;1;2;2;2;2;2;2;0;0;2;2;0;2;2;2;0;2;2;2;2;2;2;2;0;2;0;0;2;0,545543091328;0,54482752041;0,766157805132;0,554749632222;0,643536024708;12,0037072959;0;0;0;0
2;2;0;2;2;0;2;2;2;2;0;2;2;2;2;0;2;0;0;2;0;0;2;2;2;0;0;2;0;2;0;2;2;2;3;2;0;2;2;0;2;0;2;2;0;2;2;0;2;2;2;2;0;0;2;2;2;2;0;0;2;2;0;0;2;0;0;2;2;2;2;2;2;0;2;2;3;0;0;1;2;0;1;2;0;2;0;2;0;2;2;0;2;2;2;0;0;2;0;2;0;2;0;2;2;2;2;2;0;2;0;2;2;2;2;0;0;2;0;2;0;2;1;2;2;2;2;2;2;0;0;2;2;0;2;2;2;0;2;2;2;2;2;2;2;0;2;0;0;2;0,545543091328;0,54482752041;0,766157805132;0,554749632222;0,643536024708;12,0037072959;0;0;0;0
2;2;0;2;2;0;2;2;2;2;0;2;2;2;2;0;2;0;0;2;0;0;2;2;2;0;0;2;0;2;0;2;2;2;3;2;0;2;2;0;2;0;2;2;0;2;2;0;2;2;2;2;0;0;2;2;2;2;0;0;2;2;0;0;2;0;0;2;2;2;2;2;2;0;2;2;3;0;0;1;2;0;1;2;0;2;0;2;0;2;2;0;2;2;2;0;0;2;0;2;0;2;0;2;2;2;2;2;0;2;0;2;2;2;2;0;0;2;0;2;0;2;1;2;2;2;2;2;2;0;0;2;2;0;2;2;2;0;2;2;2;2;2;2;2;0;2;0;0;2;0,545543091328;0,54482752041;0,766157805132;0,554749632222;0,643536024708;12,0037072959;0;0;0;0
2;2;0;2;2;0;2;2;2;2;0;2;2;2;2;0;2;0;0;2;0;0;2;2;2;0;0;2;0;2;0;2;2;2;3;2;0;2;2;0;2;0;2;2;0;2;2;0;2;2;2;2;0;0;2;2;2;2;0;0;2;2;0;0;2;0;0;2;2;2;2;2;2;0;2;2;3;0;0;1;2;0;1;2;0;2;0;2;0;2;2;0;2;2;2;0;0;2;0;2;0;2;0;2;2;2;2;2;0;2;0;2;2;2;2;0;0;2;0;2;0;2;1;2;2;2;2;2;2;0;0;2;2;0;2;2;2;0;2;2;2;2;2;2;2;0;2;0;0;2;0,545543091328;0,54482752041;0,766157805132;0,554749632222;0,643536024708;12,0037072959;0;0;0;0
2;2;0;2;2;0;2;2;2;2;0;2;2;2;2;0;2;0;0;2;0;0;2;2;2;0;0;2;0;2;0;2;2;2;3;2;0;2;2;0;2;0;2;2;0;2;2;0;2;2;2;2;0;0;2;2;2;2;0;0;2;2;0;0;2;0;0;2;2;2;2;2;2;0;2;2;3;0;0;1;2;0;1;2;0;2;0;2;0;2;2;0;2;2;2;0;0;2;0;2;0;2;0;2;2;2;2;2;0;2;0;2;2;2;2;0;0;2;0;2;0;2;1;2;2;2;2;2;2;0;0;2;2;0;2;2;2;0;2;2;2;2;2;2;2;0;2;0;0;2;0,545543091328;0,54482752041;0,766157805132;0,554749632222;0,643536024708;12,0037072959;0;0;0;0
2;2;0;2;2;0;2;2;2;2;0;2;2;2;2;0;2;0;0;2;0;0;2;2;2;0;0;2;0;2;0;2;2;2;3;2;0;2;2;0;2;0;2;2;0;2;2;0;2;2;2;2;0;0;2;2;2;2;0;0;2;2;0;0;2;0;0;2;2;2;2;2;2;0;2;2;3;0;0;1;2;0;1;2;0;2;0;2;0;2;2;0;2;2;2;0;0;2;0;2;0;2;0;2;2;2;2;2;0;2;0;2;2;2;2;0;0;2;0;2;0;2;1;2;2;2;2;2;2;0;0;2;2;0;2;2;2;0;2;2;2;2;2;2;2;0;2;0;0;2;0,545543091328;0,54482752041;0,766157805132;0,554749632222;0,643536024708;12,0037072959;0;0;0;0
2;2;0;2;2;0;2;2;2;2;0;2;2;2;2;0;2;0;0;2;0;0;2;2;2;0;0;2;0;2;0;2;2;2;3;2;0;2;2;0;2;0;2;2;0;2;2;0;2;2;2;2;0;0;2;2;2;2;0;0;2;2;0;0;2;0;0;2;2;2;2;2;2;0;2;2;3;0;0;1;2;0;1;2;0;2;0;2;0;2;2;0;2;2;2;0;0;2;0;2;0;2;0;2;2;2;2;2;0;2;0;2;2;2;2;0;0;2;0;2;0;2;1;2;2;2;2;2;2;0;0;2;2;0;2;2;2;0;2;2;2;2;2;2;2;0;2;0;0;2;0,545543091328;0,54482752041;0,766157805132;0,554749632222;0,643536024708;12,0037072959;0;0;0;0
2;2;0;2;2;0;2;2;2;2;0;2;2;2;2;0;2;0;0;2;0;0;2;2;2;0;0;2;0;2;0;2;2;2;3;2;0;2;2;0;2;0;2;2;0;2;2;0;2;2;2;2;0;0;2;2;2;2;0;0;2;2;0;0;2;0;0;2;2;2;2;2;2;0;2;2;3;0;0;1;2;0;1;2;0;2;0;2;0;2;2;0;2;2;2;0;0;2;0;2;0;2;0;2;2;2;2;2;0;2;0;2;2;2;2;0;0;2;0;2;0;2;1;2;2;2;2;2;2;0;0;2;2;0;2;2;2;0;2;2;2;2;2;2;2;0;2;0;0;2;0,545543091328;0,54482752041;0,766157805132;0,554749632222;0,643536024708;12,0037072959;0;0;0;0
2;2;0;2;2;0;2;2;2;2;0;2;2;2;2;0;2;0;0;2;0;0;2;2;2;0;0;2;0;2;0;2;2;2;3;2;0;2;2;0;2;0;2;2;0;2;2;0;2;2;2;2;0;0;2;2;2;2;0;0;2;2;0;0;2;0;0;2;2;2;2;2;2;0;2;2;3;0;0;1;2;0;1;2;0;2;0;2;0;2;2;0;2;2;2;0;0;2;0;2;0;2;0;2;2;2;2;2;0;2;0;2;2;2;2;0;0;2;0;2;0;2;1;2;2;2;2;2;2;0;0;2;2;0;2;2;2;0;2;2;2;2;2;2;2;0;2;0;0;2;0,545543091328;0,54482752041;0,766157805132;0,554749632222;0,643536024708;12,0037072959;0;0;0;0
2;2;0;2;2;0;2;2;2;2;0;2;2;2;2;0;2;0;0;2;0;0;2;2;2;0;0;2;0;2;0;2;2;2;3;2;0;2;2;0;2;0;2;2;0;2;2;0;2;2;2;2;0;0;2;2;2;2;0;0;2;2;0;0;2;0;0;2;2;2;2;2;2;0;2;2;3;0;0;1;2;0;1;2;0;2;0;2;0;2;2;0;2;2;2;0;0;2;0;2;0;2;0;2;2;2;2;2;0;2;0;2;2;2;2;0;0;2;0;2;0;2;1;2;2;2;2;2;2;0;0;2;2;0;2;2;2;0;2;2;2;2;2;2;2;0;2;0;0;2;0,545543091328;0,54482752041;0,766157805132;0,554749632222;0,643536024708;12,0037072959;0;0;0;0
2;2;0;2;2;0;2;2;2;2;0;2;2;2;2;0;2;0;0;2;0;0;2;2;2;0;0;2;0;2;0;2;2;2;3;2;0;2;2;0;2;0;2;2;0;2;2;0;2;2;2;2;0;0;2;2;2;2;0;0;2;2;0;0;2;0;0;2;2;2;2;2;2;0;2;2;3;0;0;1;2;0;1;2;0;2;0;2;0;2;2;0;2;2;2;0;0;2;0;2;0;2;0;2;2;2;2;2;0;2;0;2;2;2;2;0;0;2;0;2;0;2;1;2;2;2;2;2;2;0;0;2;2;0;2;2;2;0;2;2;2;2;2;2;2;0;2;0;0;2;0,545543091328;0,54482752041;0,766157805132;0,554749632222;0,643536024708;12,0037072959;0;0;0;0
2;2;0;2;2;0;2;2;2;2;0;2;2;2;2;0;2;0;0;2;0;0;2;2;2;0;0;2;0;2;0;2;2;2;3;2;0;2;2;0;2;0;2;2;0;2;2;0;2;2;2;2;0;0;2;2;2;2;0;0;2;2;0;0;2;0;0;2;2;2;2;2;2;0;2;2;3;0;0;1;2;0;1;2;0;2;0;2;0;2;2;0;2;2;2;0;0;2;0;2;0;2;0;2;2;2;2;2;0;2;0;2;2;2;2;0;0;2;0;2;0;2;1;2;2;2;2;2;2;0;0;2;2;0;2;2;2;0;2;2;2;2;2;2;2;0;2;0;0;2;0,545543091328;0,54482752041;0,766157805132;0,554749632222;0,643536024708;12,0037072959;0;0;0;0
2;2;0;2;2;0;2;2;2;2;0;2;2;2;2;0;2;0;0;2;0;0;2;2;2;0;0;2;0;2;0;2;2;2;3;2;0;2;2;0;2;0;2;2;0;2;2;0;2;2;2;2;0;0;2;2;2;2;0;0;2;2;0;0;2;0;0;2;2;2;2;2;2;0;2;2;3;0;0;1;2;0;1;2;0;2;0;2;0;2;2;0;2;2;2;0;0;2;0;2;0;2;0;2;2;2;2;2;0;2;0;2;2;2;2;0;0;2;0;2;0;2;1;2;2;2;2;2;2;0;0;2;2;0;2;2;2;0;2;2;2;2;2;2;2;0;2;0;0;2;0,545543091328;0,54482752041;0,766157805132;0,554749632222;0,643536024708;12,0037072959;0;0;0;0
2;2;0;2;2;0;2;2;2;2;0;2;2;2;2;0;2;0;0;2;0;0;2;2;2;0;0;2;0;2;0;2;2;2;3;2;0;2;2;0;2;0;2;2;0;2;2;0;2;2;2;2;0;0;2;2;2;2;0;0;2;2;0;0;2;0;0;2;2;2;2;2;2;0;2;2;3;0;0;1;2;0;1;2;0;2;0;2;0;2;2;0;2;2;2;0;0;2;0;2;0;2;0;2;2;2;2;2;0;2;0;2;2;2;2;0;0;2;0;2;0;2;1;2;2;2;2;2;2;0;0;2;2;0;2;2;2;0;2;2;2;2;2;2;2;0;2;0;0;2;0,545543091328;0,54482752041;0,766157805132;0,554749632222;0,643536024708;12,0037072959;0;0;0;0
2;2;0;2;2;0;2;2;2;2;0;2;2;2;2;0;2;0;0;2;0;0;2;2;2;0;0;2;0;2;0;2;2;2;3;2;0;2;2;0;2;0;2;2;0;2;2;0;2;2;2;2;0;0;2;2;2;2;0;0;2;2;0;0;2;0;0;2;2;2;2;2;2;0;2;2;3;0;0;1;2;0;1;2;0;2;0;2;0;2;2;0;2;2;2;0;0;2;0;2;0;2;0;2;2;2;2;2;0;2;0;2;2;2;2;0;0;2;0;2;0;2;1;2;2;2;2;2;2;0;0;2;2;0;2;2;2;0;2;2;2;2;2;2;2;0;2;0;0;2;0,545543091328;0,54482752041;0,766157805132;0,554749632222;0,643536024708;12,0037072959;0;0;0;0
2;2;0;2;2;0;2;2;2;2;0;2;2;2;2;0;2;0;0;2;0;0;2;2;2;0;0;2;0;2;0;2;2;2;3;2;0;2;2;0;2;0;2;2;0;2;2;0;2;2;2;2;0;0;2;2;2;2;0;0;2;2;0;0;2;0;0;2;2;2;2;2;2;0;2;2;3;0;0;1;2;0;1;2;0;2;0;2;0;2;2;0;2;2;2;0;0;2;0;2;0;2;0;2;2;2;2;2;0;2;0;2;2;2;2;0;0;2;0;2;0;2;1;2;2;2;2;2;2;0;0;2;2;0;2;2;2;0;2;2;2;2;2;2;2;0;2;0;0;2;0,545543091328;0,54482752041;0,766157805132;0,554749632222;0,643536024708;12,0037072959;0;0;0;0
2;2;0;2;2;0;2;2;2;2;0;2;2;2;2;0;2;0;0;2;0;0;2;2;2;0;0;2;0;2;0;2;2;2;3;2;0;2;2;0;2;0;2;2;0;2;2;0;2;2;2;2;0;0;2;2;2;2;0;0;2;2;0;0;2;0;0;2;2;2;2;2;2;0;2;2;3;0;0;1;2;0;1;2;0;2;0;2;0;2;2;0;2;2;2;0;0;2;0;2;0;2;0;2;2;2;2;2;0;2;0;2;2;2;2;0;0;2;0;2;0;2;1;2;2;2;2;2;2;0;0;2;2;0;2;2;2;0;2;2;2;2;2;2;2;0;2;0;0;2;0,545543091328;0,54482752041;0,766157805132;0,554749632222;0,643536024708;12,0037072959;0;0;0;0
2;2;0;2;2;0;2;2;2;2;0;2;2;2;2;0;2;0;0;2;0;0;2;2;2;0;0;2;0;2;0;2;2;2;3;2;0;2;2;0;2;0;2;2;0;2;2;0;2;2;2;2;0;0;2;2;2;2;0;0;2;2;0;0;2;0;0;2;2;2;2;2;2;0;2;2;3;0;0;1;2;0;1;2;0;2;0;2;0;2;2;0;2;2;2;0;0;2;0;2;0;2;0;2;2;2;2;2;0;2;0;2;2;2;2;0;0;2;0;2;0;2;1;2;2;2;2;2;2;0;0;2;2;0;2;2;2;0;2;2;2;2;2;2;2;0;2;0;0;2;0,545543091328;0,54482752041;0,766157805132;0,554749632222;0,643536024708;12,0037072959;0;0;0;0
2;2;0;2;2;0;2;2;2;2;0;2;2;2;2;0;2;0;0;2;0;0;2;2;2;0;0;2;0;2;0;2;2;2;3;2;0;2;2;0;2;0;2;2;0;2;2;0;2;2;2;2;0;0;2;2;2;2;0;0;2;2;0;0;2;0;0;2;2;2;2;2;2;0;2;2;3;0;0;1;2;0;1;2;0;2;0;2;0;2;2;0;2;2;2;0;0;2;0;2;0;2;0;2;2;2;2;2;0;2;0;2;2;2;2;0;0;2;0;2;0;2;1;2;2;2;2;2;2;0;0;2;2;0;2;2;2;0;2;2;2;2;2;2;2;0;2;0;0;2;0,545543091328;0,54482752041;0,766157805132;0,554749632222;0,643536024708;12,0037072959;0;0;0;0
2;2;0;2;2;0;2;2;2;2;0;2;2;2;2;0;2;0;0;2;0;0;2;2;2;0;0;2;0;2;0;2;2;2;3;2;0;2;2;0;2;0;2;2;0;2;2;0;2;2;2;2;0;0;2;2;2;2;0;0;2;2;0;0;2;0;0;2;2;2;2;2;2;0;2;2;3;0;0;1;2;0;1;2;0;2;0;2;0;2;2;0;2;2;2;0;0;2;0;2;0;2;0;2;2;2;2;2;0;2;0;2;2;2;2;0;0;2;0;2;0;2;1;2;2;2;2;2;2;0;0;2;2;0;2;2;2;0;2;2;2;2;2;2;2;0;2;0;0;2;0,545543091328;0,54482752041;0,766157805132;0,554749632222;0,643536024708;12,0037072959;0;0;0;0
2;2;0;2;2;0;2;2;2;2;0;2;2;2;2;0;2;0;0;2;0;0;2;2;2;0;0;2;0;2;0;2;2;2;3;2;0;2;2;0;2;0;2;2;0;2;2;0;2;2;2;2;0;0;2;2;2;2;0;0;2;2;0;0;2;0;0;2;2;2;2;2;2;0;2;2;3;0;0;1;2;0;1;2;0;2;0;2;0;2;2;0;2;2;2;0;0;2;0;2;0;2;0;2;2;2;2;2;0;2;0;2;2;2;2;0;0;2;0;2;0;2;1;2;2;2;2;2;2;0;0;2;2;0;2;2;2;0;2;2;2;2;2;2;2;0;2;0;0;2;0,545543091328;0,54482752041;0,766157805132;0,554749632222;0,643536024708;12,0037072959;0;0;0;0
2;2;0;2;2;0;2;2;2;2;0;2;2;2;2;0;2;0;0;2;0;0;2;2;2;0;0;2;0;2;0;2;2;2;3;2;0;2;2;0;2;0;2;2;0;2;2;0;2;2;2;2;0;0;2;2;2;2;0;0;2;2;0;0;2;0;0;2;2;2;2;2;2;0;2;2;3;0;0;1;2;0;1;2;0;2;0;2;0;2;2;0;2;2;2;0;0;2;0;2;0;2;0;2;2;2;2;2;0;2;0;2;2;2;2;0;0;2;0;2;0;2;1;2;2;2;2;2;2;0;0;2;2;0;2;2;2;0;2;2;2;2;2;2;2;0;2;0;0;2;0,545543091328;0,54482752041;0,766157805132;0,554749632222;0,643536024708;12,0037072959;0;0;0;0
2;2;0;2;2;0;2;2;2;2;0;2;2;2;2;0;2;0;0;2;0;0;2;2;2;0;0;2;0;2;0;2;2;2;3;2;0;2;2;0;2;0;2;2;0;2;2;0;2;2;2;2;0;0;2;2;2;2;0;0;2;2;0;0;2;0;0;2;2;2;2;2;2;0;2;2;3;0;0;1;2;0;1;2;0;2;0;2;0;2;2;0;2;2;2;0;0;2;0;2;0;2;0;2;2;2;2;2;0;2;0;2;2;2;2;0;0;2;0;2;0;2;1;2;2;2;2;2;2;0;0;2;2;0;2;2;2;0;2;2;2;2;2;2;2;0;2;0;0;2;0,545543091328;0,54482752041;0,766157805132;0,554749632222;0,643536024708;12,0037072959;0;0;0;0
2;2;0;2;2;0;2;2;2;2;0;2;2;2;2;0;2;0;0;2;0;0;2;2;2;0;0;2;0;2;0;2;2;2;3;2;0;2;2;0;2;0;2;2;0;2;2;0;2;2;2;2;0;0;2;2;2;2;0;0;2;2;0;0;2;0;0;2;2;2;2;2;2;0;2;2;3;0;0;1;2;0;1;2;0;2;0;2;0;2;2;0;2;2;2;0;0;2;0;2;0;2;0;2;2;2;2;2;0;2;0;2;2;2;2;0;0;2;0;2;0;2;1;2;2;2;2;2;2;0;0;2;2;0;2;2;2;0;2;2;2;2;2;2;2;0;2;0;0;2;0,545543091328;0,54482752041;0,766157805132;0,554749632222;0,643536024708;12,0037072959;0;0;0;0
