10;40;30;db;Minkowski_2;2;4
4;4;1;5;0;5;4;5;4;0;3;4;4;5;0;0;0;4;0;0;4;4;0;0;0;5;4;5;5;0;0;4;1;5;5;5;0;0;0;0;4;5;0;4;5;4;0;0;0;0;4;5;5;0;0;5;0;5;0;0;0;0;3;0;5;0;5;5;0;5;0;5;0;0;3;0;0;0;4;0;4;5;5;4;0;0;3;5;5;0;5;0;1;0;0;2;5;4;0;5;0;5;0;0;0;3;5;4;0;0;2;0;5;4;4;5;4;0;5;0;2;0;0;4;0;5;0;0;5;5;0;4;0;0;5;5;5;5;0;5;4;4;5;0;0;0;0;0;5;4;0,530483627894;0,570466943019;0,583389176044;0,690318703265;0,63236549926;1,19116385608;0;0;0;0
3;3;2;1;2;0;3;0;2;2;1;3;3;1;2;2;2;2;2;2;3;3;2;2;2;1;2;1;0;2;2;3;2;1;0;1;2;0;3;2;3;1;2;3;0;3;2;2;2;3;3;0;1;2;2;1;2;0;2;2;2;3;1;2;1;2;0;1;2;1;2;1;2;2;1;2;2;2;2;2;3;0;1;3;2;3;1;0;0;2;1;2;2;3;2;2;1;3;2;0;2;1;2;2;2;1;1;3;2;2;2;2;0;3;3;1;2;2;1;2;2;2;2;3;2;1;2;2;1;1;0;3;2;0;0;0;1;1;2;1;3;3;1;2;2;2;2;2;0;3;0,499718940909;0,585618404617;0,592407460508;0,678697473222;0,632623532323;1,20403591806;0;0;0;0
3;3;2;1;2;0;3;0;2;2;1;3;3;1;2;2;2;2;2;2;3;3;2;2;2;1;2;1;0;2;2;3;2;1;0;1;2;0;3;2;3;1;2;3;0;3;2;2;2;3;3;0;1;2;2;1;2;0;2;2;2;3;1;2;1;2;0;1;2;1;2;1;2;2;1;2;2;2;2;2;3;0;1;3;2;3;1;0;0;2;1;2;2;3;2;2;1;3;2;0;2;1;2;2;2;1;1;3;2;2;2;2;0;3;3;1;2;2;1;2;2;2;2;3;2;1;2;2;1;1;0;3;2;0;0;0;1;1;2;1;3;3;1;2;2;2;2;2;0;3;0,499718940909;0,585618404617;0,592407460508;0,678697473222;0,632623532323;1,20403591806;0;0;0;0
4;4;1;5;0;5;0;5;0;0;3;4;4;5;0;0;0;0;0;0;4;4;0;0;0;5;0;5;5;0;0;4;1;5;5;5;0;0;0;0;0;5;0;4;5;0;0;0;0;0;4;5;5;0;0;5;0;5;0;0;0;0;3;0;3;0;5;5;0;5;0;5;0;0;3;0;0;0;4;0;4;5;5;4;0;0;3;5;5;0;5;0;1;0;0;2;5;4;0;5;0;5;0;0;0;3;5;0;0;0;2;0;5;4;4;5;0;0;5;0;2;0;0;4;0;5;0;0;5;5;0;4;0;0;5;5;5;5;0;5;0;4;5;0;0;0;0;0;5;0;0,454829578255;0,545270005586;0,559606326357;0,629659453305;0,592569667009;1,20997250065;0;0;0;0
1;1;0;2;0;2;1;2;0;0;2;1;1;2;0;0;0;0;0;0;1;1;0;0;0;2;0;2;2;0;0;1;0;2;2;2;0;0;0;0;1;2;0;1;2;1;0;0;0;1;1;2;2;0;0;2;0;2;0;0;0;0;2;0;2;0;2;2;0;2;0;2;0;0;2;0;0;0;0;0;1;2;2;1;0;0;2;2;2;0;2;0;0;1;0;0;2;1;0;2;0;2;0;0;0;2;2;1;0;0;0;0;2;1;1;2;0;0;2;0;0;0;0;1;0;2;0;0;2;2;0;1;0;0;2;2;2;2;0;2;1;1;2;0;0;0;0;0;2;1;0,570789302378;0,619797745915;0,682320205864;0,624522543229;0,652143267518;1,23342863318;0;0;0;0
0;0;0;1;0;1;0;1;0;0;1;0;1;1;0;0;0;0;0;0;0;0;0;0;0;1;0;1;1;0;0;0;0;1;1;1;0;0;0;0;0;1;0;0;1;0;0;0;0;0;0;1;1;0;0;1;0;1;0;0;0;0;1;0;1;0;1;1;0;1;0;1;0;0;1;0;0;0;0;0;0;1;1;0;0;0;1;1;1;0;1;0;0;0;0;0;1;0;0;1;0;1;0;0;0;1;1;0;0;0;0;0;1;0;0;1;0;0;1;0;0;0;0;0;0;1;0;0;1;1;0;0;0;0;1;1;1;1;0;1;0;0;1;0;0;0;0;0;1;0;0,5106825677;0,491242270091;0,859667472992;0,494379834728;0,627750981514;1,82661857314;0;0;0;0
0;0;0;1;0;1;0;1;0;0;1;0;0;1;0;0;0;0;0;0;0;0;0;0;0;1;0;1;1;0;0;0;0;1;1;1;0;0;0;0;0;1;0;0;1;0;0;0;0;0;0;1;1;0;0;1;0;1;0;0;0;0;1;0;1;0;1;1;0;1;0;1;0;0;1;0;0;0;0;0;0;1;1;0;0;0;1;1;1;0;1;0;0;0;0;0;1;0;0;1;0;1;0;0;0;1;1;0;0;0;0;0;1;0;0;1;0;0;1;0;0;0;0;0;0;1;0;0;1;1;0;0;0;0;1;1;1;1;0;1;0;0;1;0;0;0;0;0;1;0;0,519933072445;0,516663219761;0,91069690523;0,519644719873;0,661714418293;1,89650551592;0;0;0;0
0;0;0;1;0;1;0;1;0;0;1;0;0;1;0;0;0;0;0;0;0;0;0;0;0;1;0;1;1;0;0;0;0;1;1;1;0;0;0;0;0;1;0;0;1;0;0;0;0;0;0;1;1;0;0;1;0;1;0;0;0;0;1;0;1;0;1;1;0;1;0;1;0;0;1;0;0;0;0;0;0;1;1;0;0;0;1;1;1;0;1;0;0;0;0;0;1;0;0;1;0;1;0;0;0;1;1;0;0;0;0;0;1;0;0;1;0;0;1;0;0;0;0;0;0;1;0;0;1;1;0;0;0;0;1;1;1;1;0;1;0;0;1;0;0;0;0;0;1;0;0,519933072445;0,516663219761;0,91069690523;0,519644719873;0,661714418293;1,89650551592;0;0;0;0
0;0;0;1;0;1;0;1;0;0;1;0;0;1;0;0;0;0;0;0;0;0;0;0;0;1;0;1;1;0;0;0;0;1;1;1;0;0;0;0;0;1;0;0;1;0;0;0;0;0;0;1;1;0;0;1;0;1;0;0;0;0;1;0;1;0;1;1;0;1;0;1;0;0;1;0;0;0;0;0;0;1;1;0;0;0;1;1;1;0;1;0;0;0;0;0;1;0;0;1;0;1;0;0;0;1;1;0;0;0;0;0;1;0;0;1;0;0;1;0;0;0;0;0;0;1;0;0;1;1;0;0;0;0;1;1;1;1;0;1;0;0;1;0;0;0;0;0;1;0;0,519933072445;0,516663219761;0,91069690523;0,519644719873;0,661714418293;1,89650551592;0;0;0;0
0;0;0;1;0;1;0;1;0;0;1;0;0;1;0;0;0;0;0;0;0;0;0;0;0;1;0;1;1;0;0;0;0;1;1;1;0;0;0;0;0;1;0;0;1;0;0;0;0;0;0;1;1;0;0;1;0;1;0;0;0;0;1;0;1;0;1;1;0;1;0;1;0;0;1;0;0;0;0;0;0;1;1;0;0;0;1;1;1;0;1;0;0;0;0;0;1;0;0;1;0;1;0;0;0;1;1;0;0;0;0;0;1;0;0;1;0;0;1;0;0;0;0;0;0;1;0;0;1;1;0;0;0;0;1;1;1;1;0;1;0;0;1;0;0;0;0;0;1;0;0,519933072445;0,516663219761;0,91069690523;0,519644719873;0,661714418293;1,89650551592;0;0;0;0
0;0;0;1;0;1;0;1;0;0;1;0;0;1;0;0;0;0;0;0;0;0;0;0;0;1;0;1;1;0;0;0;0;1;1;1;0;0;0;0;0;1;0;0;1;0;0;0;0;0;0;1;1;0;0;1;0;1;0;0;0;0;1;0;1;0;1;1;0;1;0;1;0;0;1;0;0;0;0;0;0;1;1;0;0;0;1;1;1;0;1;0;0;0;0;0;1;0;0;1;0;1;0;0;0;1;1;0;0;0;0;0;1;0;0;1;0;0;1;0;0;0;0;0;0;1;0;0;1;1;0;0;0;0;1;1;1;1;0;1;0;0;1;0;0;0;0;0;1;0;0,519933072445;0,516663219761;0,91069690523;0,519644719873;0,661714418293;1,89650551592;0;0;0;0
0;0;0;1;0;1;0;1;0;0;1;0;0;1;0;0;0;0;0;0;0;0;0;0;0;1;0;1;1;0;0;0;0;1;1;1;0;0;0;0;0;1;0;0;1;0;0;0;0;0;0;1;1;0;0;1;0;1;0;0;0;0;1;0;1;0;1;1;0;1;0;1;0;0;1;0;0;0;0;0;0;1;1;0;0;0;1;1;1;0;1;0;0;0;0;0;1;0;0;1;0;1;0;0;0;1;1;0;0;0;0;0;1;0;0;1;0;0;1;0;0;0;0;0;0;1;0;0;1;1;0;0;0;0;1;1;1;1;0;1;0;0;1;0;0;0;0;0;1;0;0,519933072445;0,516663219761;0,91069690523;0,519644719873;0,661714418293;1,89650551592;0;0;0;0
0;0;0;1;0;1;0;1;0;0;1;0;0;1;0;0;0;0;0;0;0;0;0;0;0;1;0;1;1;0;0;0;0;1;1;1;0;0;0;0;0;1;0;0;1;0;0;0;0;0;0;1;1;0;0;1;0;1;0;0;0;0;1;0;1;0;1;1;0;1;0;1;0;0;1;0;0;0;0;0;0;1;1;0;0;0;1;1;1;0;1;0;0;0;0;0;1;0;0;1;0;1;0;0;0;1;1;0;0;0;0;0;1;0;0;1;0;0;1;0;0;0;0;0;0;1;0;0;1;1;0;0;0;0;1;1;1;1;0;1;0;0;1;0;0;0;0;0;1;0;0,519933072445;0,516663219761;0,91069690523;0,519644719873;0,661714418293;1,89650551592;0;0;0;0
0;0;0;1;0;1;0;1;0;0;1;0;0;1;0;0;0;0;0;0;0;0;0;0;0;1;0;1;1;0;0;0;0;1;1;1;0;0;0;0;0;1;0;0;1;0;0;0;0;0;0;1;1;0;0;1;0;1;0;0;0;0;1;0;1;0;1;1;0;1;0;1;0;0;1;0;0;0;0;0;0;1;1;0;0;0;1;1;1;0;1;0;0;0;0;0;1;0;0;1;0;1;0;0;0;1;1;0;0;0;0;0;1;0;0;1;0;0;1;0;0;0;0;0;0;1;0;0;1;1;0;0;0;0;1;1;1;1;0;1;0;0;1;0;0;0;0;0;1;0;0,519933072445;0,516663219761;0,91069690523;0,519644719873;0,661714418293;1,89650551592;0;0;0;0
0;0;0;1;0;1;0;1;0;0;1;0;0;1;0;0;0;0;0;0;0;0;0;0;0;1;0;1;1;0;0;0;0;1;1;1;0;0;0;0;0;1;0;0;1;0;0;0;0;0;0;1;1;0;0;1;0;1;0;0;0;0;1;0;1;0;1;1;0;1;0;1;0;0;1;0;0;0;0;0;0;1;1;0;0;0;1;1;1;0;1;0;0;0;0;0;1;0;0;1;0;1;0;0;0;1;1;0;0;0;0;0;1;0;0;1;0;0;1;0;0;0;0;0;0;1;0;0;1;1;0;0;0;0;1;1;1;1;0;1;0;0;1;0;0;0;0;0;1;0;0,519933072445;0,516663219761;0,91069690523;0,519644719873;0,661714418293;1,89650551592;0;0;0;0
0;0;0;1;0;1;0;1;0;0;1;0;0;1;0;0;0;0;0;0;0;0;0;0;0;1;0;1;1;0;0;0;0;1;1;1;0;0;0;0;0;1;0;0;1;0;0;0;0;0;0;1;1;0;0;1;0;1;0;0;0;0;1;0;1;0;1;1;0;1;0;1;0;0;1;0;0;0;0;0;0;1;1;0;0;0;1;1;1;0;1;0;0;0;0;0;1;0;0;1;0;1;0;0;0;1;1;0;0;0;0;0;1;0;0;1;0;0;1;0;0;0;0;0;0;1;0;0;1;1;0;0;0;0;1;1;1;1;0;1;0;0;1;0;0;0;0;0;1;0;0,519933072445;0,516663219761;0,91069690523;0,519644719873;0,661714418293;1,89650551592;0;0;0;0
0;0;0;1;0;1;0;1;0;0;1;0;0;1;0;0;0;0;0;0;0;0;0;0;0;1;0;1;1;0;0;0;0;1;1;1;0;0;0;0;0;1;0;0;1;0;0;0;0;0;0;1;1;0;0;1;0;1;0;0;0;0;1;0;1;0;1;1;0;1;0;1;0;0;1;0;0;0;0;0;0;1;1;0;0;0;1;1;1;0;1;0;0;0;0;0;1;0;0;1;0;1;0;0;0;1;1;0;0;0;0;0;1;0;0;1;0;0;1;0;0;0;0;0;0;1;0;0;1;1;0;0;0;0;1;1;1;1;0;1;0;0;1;0;0;0;0;0;1;0;0,519933072445;0,516663219761;0,91069690523;0,519644719873;0,661714418293;1,89650551592;0;0;0;0
0;0;0;1;0;1;0;1;0;0;1;0;0;1;0;0;0;0;0;0;0;0;0;0;0;1;0;1;1;0;0;0;0;1;1;1;0;0;0;0;0;1;0;0;1;0;0;0;0;0;0;1;1;0;0;1;0;1;0;0;0;0;1;0;1;0;1;1;0;1;0;1;0;0;1;0;0;0;0;0;0;1;1;0;0;0;1;1;1;0;1;0;0;0;0;0;1;0;0;1;0;1;0;0;0;1;1;0;0;0;0;0;1;0;0;1;0;0;1;0;0;0;0;0;0;1;0;0;1;1;0;0;0;0;1;1;1;1;0;1;0;0;1;0;0;0;0;0;1;0;0,519933072445;0,516663219761;0,91069690523;0,519644719873;0,661714418293;1,89650551592;0;0;0;0
0;0;0;1;0;1;0;1;0;0;1;0;0;1;0;0;0;0;0;0;0;0;0;0;0;1;0;1;1;0;0;0;0;1;1;1;0;0;0;0;0;1;0;0;1;0;0;0;0;0;0;1;1;0;0;1;0;1;0;0;0;0;1;0;1;0;1;1;0;1;0;1;0;0;1;0;0;0;0;0;0;1;1;0;0;0;1;1;1;0;1;0;0;0;0;0;1;0;0;1;0;1;0;0;0;1;1;0;0;0;0;0;1;0;0;1;0;0;1;0;0;0;0;0;0;1;0;0;1;1;0;0;0;0;1;1;1;1;0;1;0;0;1;0;0;0;0;0;1;0;0,519933072445;0,516663219761;0,91069690523;0,519644719873;0,661714418293;1,89650551592;0;0;0;0
0;0;0;1;0;1;0;1;0;0;1;0;0;1;0;0;0;0;0;0;0;0;0;0;0;1;0;1;1;0;0;0;0;1;1;1;0;0;0;0;0;1;0;0;1;0;0;0;0;0;0;1;1;0;0;1;0;1;0;0;0;0;1;0;1;0;1;1;0;1;0;1;0;0;1;0;0;0;0;0;0;1;1;0;0;0;1;1;1;0;1;0;0;0;0;0;1;0;0;1;0;1;0;0;0;1;1;0;0;0;0;0;1;0;0;1;0;0;1;0;0;0;0;0;0;1;0;0;1;1;0;0;0;0;1;1;1;1;0;1;0;0;1;0;0;0;0;0;1;0;0,519933072445;0,516663219761;0,91069690523;0,519644719873;0,661714418293;1,89650551592;0;0;0;0
0;0;0;1;0;1;0;1;0;0;1;0;0;1;0;0;0;0;0;0;0;0;0;0;0;1;0;1;1;0;0;0;0;1;1;1;0;0;0;0;0;1;0;0;1;0;0;0;0;0;0;1;1;0;0;1;0;1;0;0;0;0;1;0;1;0;1;1;0;1;0;1;0;0;1;0;0;0;0;0;0;1;1;0;0;0;1;1;1;0;1;0;0;0;0;0;1;0;0;1;0;1;0;0;0;1;1;0;0;0;0;0;1;0;0;1;0;0;1;0;0;0;0;0;0;1;0;0;1;1;0;0;0;0;1;1;1;1;0;1;0;0;1;0;0;0;0;0;1;0;0,519933072445;0,516663219761;0,91069690523;0,519644719873;0,661714418293;1,89650551592;0;0;0;0
0;0;0;1;0;1;0;1;0;0;1;0;0;1;0;0;0;0;0;0;0;0;0;0;0;1;0;1;1;0;0;0;0;1;1;1;0;0;0;0;0;1;0;0;1;0;0;0;0;0;0;1;1;0;0;1;0;1;0;0;0;0;1;0;1;0;1;1;0;1;0;1;0;0;1;0;0;0;0;0;0;1;1;0;0;0;1;1;1;0;1;0;0;0;0;0;1;0;0;1;0;1;0;0;0;1;1;0;0;0;0;0;1;0;0;1;0;0;1;0;0;0;0;0;0;1;0;0;1;1;0;0;0;0;1;1;1;1;0;1;0;0;1;0;0;0;0;0;1;0;0,519933072445;0,516663219761;0,91069690523;0,519644719873;0,661714418293;1,89650551592;0;0;0;0
0;0;0;1;0;1;0;1;0;0;1;0;0;1;0;0;0;0;0;0;0;0;0;0;0;1;0;1;1;0;0;0;0;1;1;1;0;0;0;0;0;1;0;0;1;0;0;0;0;0;0;1;1;0;0;1;0;1;0;0;0;0;1;0;1;0;1;1;0;1;0;1;0;0;1;0;0;0;0;0;0;1;1;0;0;0;1;1;1;0;1;0;0;0;0;0;1;0;0;1;0;1;0;0;0;1;1;0;0;0;0;0;1;0;0;1;0;0;1;0;0;0;0;0;0;1;0;0;1;1;0;0;0;0;1;1;1;1;0;1;0;0;1;0;0;0;0;0;1;0;0,519933072445;0,516663219761;0,91069690523;0,519644719873;0,661714418293;1,89650551592;0;0;0;0
0;0;0;1;0;1;0;1;0;0;1;0;0;1;0;0;0;0;0;0;0;0;0;0;0;1;0;1;1;0;0;0;0;1;1;1;0;0;0;0;0;1;0;0;1;0;0;0;0;0;0;1;1;0;0;1;0;1;0;0;0;0;1;0;1;0;1;1;0;1;0;1;0;0;1;0;0;0;0;0;0;1;1;0;0;0;1;1;1;0;1;0;0;0;0;0;1;0;0;1;0;1;0;0;0;1;1;0;0;0;0;0;1;0;0;1;0;0;1;0;0;0;0;0;0;1;0;0;1;1;0;0;0;0;1;1;1;1;0;1;0;0;1;0;0;0;0;0;1;0;0,519933072445;0,516663219761;0,91069690523;0,519644719873;0,661714418293;1,89650551592;0;0;0;0
0;0;0;1;0;1;0;1;0;0;1;0;0;1;0;0;0;0;0;0;0;0;0;0;0;1;0;1;1;0;0;0;0;1;1;1;0;0;0;0;0;1;0;0;1;0;0;0;0;0;0;1;1;0;0;1;0;1;0;0;0;0;1;0;1;0;1;1;0;1;0;1;0;0;1;0;0;0;0;0;0;1;1;0;0;0;1;1;1;0;1;0;0;0;0;0;1;0;0;1;0;1;0;0;0;1;1;0;0;0;0;0;1;0;0;1;0;0;1;0;0;0;0;0;0;1;0;0;1;1;0;0;0;0;1;1;1;1;0;1;0;0;1;0;0;0;0;0;1;0;0,519933072445;0,516663219761;0,91069690523;0,519644719873;0,661714418293;1,89650551592;0;0;0;0
0;0;0;1;0;1;0;1;0;0;1;0;0;1;0;0;0;0;0;0;0;0;0;0;0;1;0;1;1;0;0;0;0;1;1;1;0;0;0;0;0;1;0;0;1;0;0;0;0;0;0;1;1;0;0;1;0;1;0;0;0;0;1;0;1;0;1;1;0;1;0;1;0;0;1;0;0;0;0;0;0;1;1;0;0;0;1;1;1;0;1;0;0;0;0;0;1;0;0;1;0;1;0;0;0;1;1;0;0;0;0;0;1;0;0;1;0;0;1;0;0;0;0;0;0;1;0;0;1;1;0;0;0;0;1;1;1;1;0;1;0;0;1;0;0;0;0;0;1;0;0,519933072445;0,516663219761;0,91069690523;0,519644719873;0,661714418293;1,89650551592;0;0;0;0
0;0;0;1;0;1;0;1;0;0;1;0;0;1;0;0;0;0;0;0;0;0;0;0;0;1;0;1;1;0;0;0;0;1;1;1;0;0;0;0;0;1;0;0;1;0;0;0;0;0;0;1;1;0;0;1;0;1;0;0;0;0;1;0;1;0;1;1;0;1;0;1;0;0;1;0;0;0;0;0;0;1;1;0;0;0;1;1;1;0;1;0;0;0;0;0;1;0;0;1;0;1;0;0;0;1;1;0;0;0;0;0;1;0;0;1;0;0;1;0;0;0;0;0;0;1;0;0;1;1;0;0;0;0;1;1;1;1;0;1;0;0;1;0;0;0;0;0;1;0;0,519933072445;0,516663219761;0,91069690523;0,519644719873;0,661714418293;1,89650551592;0;0;0;0
0;0;0;1;0;1;0;1;0;0;1;0;0;1;0;0;0;0;0;0;0;0;0;0;0;1;0;1;1;0;0;0;0;1;1;1;0;0;0;0;0;1;0;0;1;0;0;0;0;0;0;1;1;0;0;1;0;1;0;0;0;0;1;0;1;0;1;1;0;1;0;1;0;0;1;0;0;0;0;0;0;1;1;0;0;0;1;1;1;0;1;0;0;0;0;0;1;0;0;1;0;1;0;0;0;1;1;0;0;0;0;0;1;0;0;1;0;0;1;0;0;0;0;0;0;1;0;0;1;1;0;0;0;0;1;1;1;1;0;1;0;0;1;0;0;0;0;0;1;0;0,519933072445;0,516663219761;0,91069690523;0,519644719873;0,661714418293;1,89650551592;0;0;0;0
0;0;0;1;0;1;0;1;0;0;1;0;0;1;0;0;0;0;0;0;0;0;0;0;0;1;0;1;1;0;0;0;0;1;1;1;0;0;0;0;0;1;0;0;1;0;0;0;0;0;0;1;1;0;0;1;0;1;0;0;0;0;1;0;1;0;1;1;0;1;0;1;0;0;1;0;0;0;0;0;0;1;1;0;0;0;1;1;1;0;1;0;0;0;0;0;1;0;0;1;0;1;0;0;0;1;1;0;0;0;0;0;1;0;0;1;0;0;1;0;0;0;0;0;0;1;0;0;1;1;0;0;0;0;1;1;1;1;0;1;0;0;1;0;0;0;0;0;1;0;0,519933072445;0,516663219761;0,91069690523;0,519644719873;0,661714418293;1,89650551592;0;0;0;0
0;0;0;1;0;1;0;1;0;0;1;0;0;1;0;0;0;0;0;0;0;0;0;0;0;1;0;1;1;0;0;0;0;1;1;1;0;0;0;0;0;1;0;0;1;0;0;0;0;0;0;1;1;0;0;1;0;1;0;0;0;0;1;0;1;0;1;1;0;1;0;1;0;0;1;0;0;0;0;0;0;1;1;0;0;0;1;1;1;0;1;0;0;0;0;0;1;0;0;1;0;1;0;0;0;1;1;0;0;0;0;0;1;0;0;1;0;0;1;0;0;0;0;0;0;1;0;0;1;1;0;0;0;0;1;1;1;1;0;1;0;0;1;0;0;0;0;0;1;0;0,519933072445;0,516663219761;0,91069690523;0,519644719873;0,661714418293;1,89650551592;0;0;0;0
