10;40;30;db;Cosine;2;4
1;1;0;0;1;0;1;1;0;0;0;0;1;1;0;1;0;1;1;1;1;1;1;0;0;0;0;0;0;1;0;0;1;1;0;0;0;0;0;0;0;0;1;0;0;1;0;0;0;1;1;0;0;1;0;0;0;1;1;0;0;0;1;1;0;0;0;0;0;0;0;1;0;0;0;0;0;1;0;0;0;0;0;0;0;1;1;0;1;1;0;0;0;0;1;0;0;1;0;0;0;0;0;0;0;0;0;0;0;0;0;0;1;0;1;0;0;0;0;1;1;0;0;0;0;0;0;0;1;0;0;0;0;1;0;0;1;1;0;0;1;0;0;0;0;0;1;1;1;1;0,496663829572;0,493946446581;0,878316304317;0,497068867493;0,634852984656;19,7413106144;0;0;0;0
2;2;0;0;2;0;2;2;0;0;0;0;2;2;0;2;0;2;2;2;2;2;2;0;0;0;0;0;0;2;0;0;2;2;0;0;0;0;0;0;0;0;2;0;0;2;0;0;0;2;2;0;0;2;0;0;0;2;2;0;0;0;2;2;0;0;0;0;1;0;0;2;0;0;0;0;0;2;0;0;0;1;0;0;0;2;2;0;2;2;0;0;0;0;2;0;0;2;0;0;0;0;0;0;0;0;0;0;0;2;0;0;2;0;2;0;0;0;0;2;2;0;0;0;0;0;0;0;2;0;0;0;0;2;0;0;2;2;0;0;2;0;0;0;0;0;2;2;2;2;0,514918307284;0,513100926343;0,824777514775;0,519887466518;0,637767025338;20,4279329537;0;0;0;0
2;2;0;0;2;0;2;2;0;0;0;0;2;2;0;2;0;2;2;2;2;2;2;0;0;0;0;0;0;2;0;0;2;2;0;0;0;0;0;0;0;0;2;0;0;2;0;0;0;2;2;0;0;2;0;0;0;2;2;0;0;0;2;2;0;0;0;0;1;0;0;2;0;0;0;0;0;2;0;0;0;1;0;0;0;2;2;0;2;2;0;0;0;0;2;0;0;2;0;0;0;0;0;0;0;0;0;0;0;2;0;0;2;0;2;0;0;0;0;2;2;0;0;0;0;0;0;0;2;0;0;0;0;2;0;0;2;2;0;0;2;0;0;0;0;0;2;2;2;2;0,514918307284;0,513100926343;0,824777514775;0,519887466518;0,637767025338;20,4279329537;0;0;0;0
2;2;0;0;2;0;2;2;0;0;0;0;2;2;0;2;0;2;2;2;2;2;2;0;0;0;0;0;0;2;0;0;2;2;0;0;0;0;0;0;0;0;2;0;0;2;0;0;0;2;2;0;0;2;0;0;0;2;2;0;0;0;2;2;0;0;0;0;1;0;0;2;0;0;0;0;0;2;0;0;0;1;0;0;0;2;2;0;2;2;0;0;0;0;2;0;0;2;0;0;0;0;0;0;0;0;0;0;0;2;0;0;2;0;2;0;0;0;0;2;2;0;0;0;0;0;0;0;2;0;0;0;0;2;0;0;2;2;0;0;2;0;0;0;0;0;2;2;2;2;0,514918307284;0,513100926343;0,824777514775;0,519887466518;0,637767025338;20,4279329537;0;0;0;0
2;2;0;0;2;0;2;2;0;0;0;0;2;2;0;2;0;2;2;2;2;2;2;0;0;0;0;0;0;2;0;0;2;2;0;0;0;0;0;0;0;0;2;0;0;2;0;0;0;2;2;0;0;2;0;0;0;2;2;0;0;0;2;2;0;0;0;0;1;0;0;2;0;0;0;0;0;2;0;0;0;1;0;0;0;2;2;0;2;2;0;0;0;0;2;0;0;2;0;0;0;0;0;0;0;0;0;0;0;2;0;0;2;0;2;0;0;0;0;2;2;0;0;0;0;0;0;0;2;0;0;0;0;2;0;0;2;2;0;0;2;0;0;0;0;0;2;2;2;2;0,514918307284;0,513100926343;0,824777514775;0,519887466518;0,637767025338;20,4279329537;0;0;0;0
2;2;0;0;2;0;2;2;0;0;0;0;2;2;0;2;0;2;2;2;2;2;2;0;0;0;0;0;0;2;0;0;2;2;0;0;0;0;0;0;0;0;2;0;0;2;0;0;0;2;2;0;0;2;0;0;0;2;2;0;0;0;2;2;0;0;0;0;1;0;0;2;0;0;0;0;0;2;0;0;0;1;0;0;0;2;2;0;2;2;0;0;0;0;2;0;0;2;0;0;0;0;0;0;0;0;0;0;0;2;0;0;2;0;2;0;0;0;0;2;2;0;0;0;0;0;0;0;2;0;0;0;0;2;0;0;2;2;0;0;2;0;0;0;0;0;2;2;2;2;0,514918307284;0,513100926343;0,824777514775;0,519887466518;0,637767025338;20,4279329537;0;0;0;0
2;2;0;0;2;0;2;2;0;0;0;0;2;2;0;2;0;2;2;2;2;2;2;0;0;0;0;0;0;2;0;0;2;2;0;0;0;0;0;0;0;0;2;0;0;2;0;0;0;2;2;0;0;2;0;0;0;2;2;0;0;0;2;2;0;0;0;0;1;0;0;2;0;0;0;0;0;2;0;0;0;1;0;0;0;2;2;0;2;2;0;0;0;0;2;0;0;2;0;0;0;0;0;0;0;0;0;0;0;2;0;0;2;0;2;0;0;0;0;2;2;0;0;0;0;0;0;0;2;0;0;0;0;2;0;0;2;2;0;0;2;0;0;0;0;0;2;2;2;2;0,514918307284;0,513100926343;0,824777514775;0,519887466518;0,637767025338;20,4279329537;0;0;0;0
2;2;0;0;2;0;2;2;0;0;0;0;2;2;0;2;0;2;2;2;2;2;2;0;0;0;0;0;0;2;0;0;2;2;0;0;0;0;0;0;0;0;2;0;0;2;0;0;0;2;2;0;0;2;0;0;0;2;2;0;0;0;2;2;0;0;0;0;1;0;0;2;0;0;0;0;0;2;0;0;0;1;0;0;0;2;2;0;2;2;0;0;0;0;2;0;0;2;0;0;0;0;0;0;0;0;0;0;0;2;0;0;2;0;2;0;0;0;0;2;2;0;0;0;0;0;0;0;2;0;0;0;0;2;0;0;2;2;0;0;2;0;0;0;0;0;2;2;2;2;0,514918307284;0,513100926343;0,824777514775;0,519887466518;0,637767025338;20,4279329537;0;0;0;0
2;2;0;0;2;0;2;2;0;0;0;0;2;2;0;2;0;2;2;2;2;2;2;0;0;0;0;0;0;2;0;0;2;2;0;0;0;0;0;0;0;0;2;0;0;2;0;0;0;2;2;0;0;2;0;0;0;2;2;0;0;0;2;2;0;0;0;0;1;0;0;2;0;0;0;0;0;2;0;0;0;1;0;0;0;2;2;0;2;2;0;0;0;0;2;0;0;2;0;0;0;0;0;0;0;0;0;0;0;2;0;0;2;0;2;0;0;0;0;2;2;0;0;0;0;0;0;0;2;0;0;0;0;2;0;0;2;2;0;0;2;0;0;0;0;0;2;2;2;2;0,514918307284;0,513100926343;0,824777514775;0,519887466518;0,637767025338;20,4279329537;0;0;0;0
2;2;0;0;2;0;2;2;0;0;0;0;2;2;0;2;0;2;2;2;2;2;2;0;0;0;0;0;0;2;0;0;2;2;0;0;0;0;0;0;0;0;2;0;0;2;0;0;0;2;2;0;0;2;0;0;0;2;2;0;0;0;2;2;0;0;0;0;1;0;0;2;0;0;0;0;0;2;0;0;0;1;0;0;0;2;2;0;2;2;0;0;0;0;2;0;0;2;0;0;0;0;0;0;0;0;0;0;0;2;0;0;2;0;2;0;0;0;0;2;2;0;0;0;0;0;0;0;2;0;0;0;0;2;0;0;2;2;0;0;2;0;0;0;0;0;2;2;2;2;0,514918307284;0,513100926343;0,824777514775;0,519887466518;0,637767025338;20,4279329537;0;0;0;0
1;1;0;0;1;0;1;1;0;0;0;0;1;1;0;1;0;1;1;1;1;1;1;0;0;0;0;0;0;1;0;0;1;1;0;0;0;0;0;0;0;0;1;0;0;1;0;0;0;1;1;0;0;1;0;0;0;1;1;0;0;0;1;1;0;0;0;0;2;0;0;1;0;0;0;0;0;1;0;0;0;2;0;0;0;1;1;0;1;1;0;0;0;0;1;0;0;1;0;0;0;0;0;0;0;0;0;0;0;1;0;0;1;0;1;0;0;0;0;1;1;0;0;0;0;0;0;0;1;0;0;0;0;1;0;0;1;1;0;0;1;0;0;0;0;0;1;1;1;1;0,514918307284;0,513100927598;0,824777514775;0,519887466518;0,637767025338;20,4279329537;0;0;0;0
1;1;0;0;1;0;1;1;0;0;0;0;1;1;0;1;0;1;1;1;1;1;1;0;0;0;0;0;0;1;0;0;1;1;0;0;0;0;0;0;0;0;1;0;0;1;0;0;0;1;1;0;0;1;0;0;0;1;1;0;0;0;1;1;0;0;0;0;2;0;0;1;0;0;0;0;0;1;0;0;0;2;0;0;0;1;1;0;1;1;0;0;0;0;1;0;0;1;0;0;0;0;0;0;0;0;0;0;0;1;0;0;1;0;1;0;0;0;0;1;1;0;0;0;0;0;0;0;1;0;0;0;0;1;0;0;1;1;0;0;1;0;0;0;0;0;1;1;1;1;0,514918307284;0,513100927598;0,824777514775;0,519887466518;0,637767025338;20,4279329537;0;0;0;0
1;1;0;0;1;0;1;1;0;0;0;0;1;1;0;1;0;1;1;1;1;1;1;0;0;0;0;0;0;1;0;0;1;1;0;0;0;0;0;0;0;0;1;0;0;1;0;0;0;1;1;0;0;1;0;0;0;1;1;0;0;0;1;1;0;0;0;0;2;0;0;1;0;0;0;0;0;1;0;0;0;2;0;0;0;1;1;0;1;1;0;0;0;0;1;0;0;1;0;0;0;0;0;0;0;0;0;0;0;1;0;0;1;0;1;0;0;0;0;1;1;0;0;0;0;0;0;0;1;0;0;0;0;1;0;0;1;1;0;0;1;0;0;0;0;0;1;1;1;1;0,514918307284;0,513100927598;0,824777514775;0,519887466518;0,637767025338;20,4279329537;0;0;0;0
1;1;0;0;1;0;1;1;0;0;0;0;1;1;0;1;0;1;1;1;1;1;1;0;0;0;0;0;0;1;0;0;1;1;0;0;0;0;0;0;0;0;1;0;0;1;0;0;0;1;1;0;0;1;0;0;0;1;1;0;0;0;1;1;0;0;0;0;2;0;0;1;0;0;0;0;0;1;0;0;0;2;0;0;0;1;1;0;1;1;0;0;0;0;1;0;0;1;0;0;0;0;0;0;0;0;0;0;0;1;0;0;1;0;1;0;0;0;0;1;1;0;0;0;0;0;0;0;1;0;0;0;0;1;0;0;1;1;0;0;1;0;0;0;0;0;1;1;1;1;0,514918307284;0,513100927598;0,824777514775;0,519887466518;0,637767025338;20,4279329537;0;0;0;0
1;1;0;0;1;0;1;1;0;0;0;0;1;1;0;1;0;1;1;1;1;1;1;0;0;0;0;0;0;1;0;0;1;1;0;0;0;0;0;0;0;0;1;0;0;1;0;0;0;1;1;0;0;1;0;0;0;1;1;0;0;0;1;1;0;0;0;0;2;0;0;1;0;0;0;0;0;1;0;0;0;2;0;0;0;1;1;0;1;1;0;0;0;0;1;0;0;1;0;0;0;0;0;0;0;0;0;0;0;1;0;0;1;0;1;0;0;0;0;1;1;0;0;0;0;0;0;0;1;0;0;0;0;1;0;0;1;1;0;0;1;0;0;0;0;0;1;1;1;1;0,514918307284;0,513100927598;0,824777514775;0,519887466518;0,637767025338;20,4279329537;0;0;0;0
1;1;0;0;1;0;1;1;0;0;0;0;1;1;0;1;0;1;1;1;1;1;1;0;0;0;0;0;0;1;0;0;1;1;0;0;0;0;0;0;0;0;1;0;0;1;0;0;0;1;1;0;0;1;0;0;0;1;1;0;0;0;1;1;0;0;0;0;2;0;0;1;0;0;0;0;0;1;0;0;0;2;0;0;0;1;1;0;1;1;0;0;0;0;1;0;0;1;0;0;0;0;0;0;0;0;0;0;0;1;0;0;1;0;1;0;0;0;0;1;1;0;0;0;0;0;0;0;1;0;0;0;0;1;0;0;1;1;0;0;1;0;0;0;0;0;1;1;1;1;0,514918307284;0,513100927598;0,824777514775;0,519887466518;0,637767025338;20,4279329537;0;0;0;0
1;1;0;0;1;0;1;1;0;0;0;0;1;1;0;1;0;1;1;1;1;1;1;0;0;0;0;0;0;1;0;0;1;1;0;0;0;0;0;0;0;0;1;0;0;1;0;0;0;1;1;0;0;1;0;0;0;1;1;0;0;0;1;1;0;0;0;0;2;0;0;1;0;0;0;0;0;1;0;0;0;2;0;0;0;1;1;0;1;1;0;0;0;0;1;0;0;1;0;0;0;0;0;0;0;0;0;0;0;1;0;0;1;0;1;0;0;0;0;1;1;0;0;0;0;0;0;0;1;0;0;0;0;1;0;0;1;1;0;0;1;0;0;0;0;0;1;1;1;1;0,514918307284;0,513100927598;0,824777514775;0,519887466518;0,637767025338;20,4279329537;0;0;0;0
1;1;0;0;1;0;1;1;0;0;0;0;1;1;0;1;0;1;1;1;1;1;1;0;0;0;0;0;0;1;0;0;1;1;0;0;0;0;0;0;0;0;1;0;0;1;0;0;0;1;1;0;0;1;0;0;0;1;1;0;0;0;1;1;0;0;0;0;2;0;0;1;0;0;0;0;0;1;0;0;0;2;0;0;0;1;1;0;1;1;0;0;0;0;1;0;0;1;0;0;0;0;0;0;0;0;0;0;0;1;0;0;1;0;1;0;0;0;0;1;1;0;0;0;0;0;0;0;1;0;0;0;0;1;0;0;1;1;0;0;1;0;0;0;0;0;1;1;1;1;0,514918307284;0,513100927598;0,824777514775;0,519887466518;0,637767025338;20,4279329537;0;0;0;0
1;1;0;0;1;0;1;1;0;0;0;0;1;1;0;1;0;1;1;1;1;1;1;0;0;0;0;0;0;1;0;0;1;1;0;0;0;0;0;0;0;0;1;0;0;1;0;0;0;1;1;0;0;1;0;0;0;1;1;0;0;0;1;1;0;0;0;0;2;0;0;1;0;0;0;0;0;1;0;0;0;2;0;0;0;1;1;0;1;1;0;0;0;0;1;0;0;1;0;0;0;0;0;0;0;0;0;0;0;1;0;0;1;0;1;0;0;0;0;1;1;0;0;0;0;0;0;0;1;0;0;0;0;1;0;0;1;1;0;0;1;0;0;0;0;0;1;1;1;1;0,514918307284;0,513100927598;0,824777514775;0,519887466518;0,637767025338;20,4279329537;0;0;0;0
1;1;0;0;1;0;1;1;0;0;0;0;1;1;0;1;0;1;1;1;1;1;1;0;0;0;0;0;0;1;0;0;1;1;0;0;0;0;0;0;0;0;1;0;0;1;0;0;0;1;1;0;0;1;0;0;0;1;1;0;0;0;1;1;0;0;0;0;2;0;0;1;0;0;0;0;0;1;0;0;0;2;0;0;0;1;1;0;1;1;0;0;0;0;1;0;0;1;0;0;0;0;0;0;0;0;0;0;0;1;0;0;1;0;1;0;0;0;0;1;1;0;0;0;0;0;0;0;1;0;0;0;0;1;0;0;1;1;0;0;1;0;0;0;0;0;1;1;1;1;0,514918307284;0,513100927598;0,824777514775;0,519887466518;0,637767025338;20,4279329537;0;0;0;0
1;1;0;0;1;0;1;1;0;0;0;0;1;1;0;1;0;1;1;1;1;1;1;0;0;0;0;0;0;1;0;0;1;1;0;0;0;0;0;0;0;0;1;0;0;1;0;0;0;1;1;0;0;1;0;0;0;1;1;0;0;0;1;1;0;0;0;0;2;0;0;1;0;0;0;0;0;1;0;0;0;2;0;0;0;1;1;0;1;1;0;0;0;0;1;0;0;1;0;0;0;0;0;0;0;0;0;0;0;1;0;0;1;0;1;0;0;0;0;1;1;0;0;0;0;0;0;0;1;0;0;0;0;1;0;0;1;1;0;0;1;0;0;0;0;0;1;1;1;1;0,514918307284;0,513100927598;0,824777514775;0,519887466518;0,637767025338;20,4279329537;0;0;0;0
1;1;0;0;1;0;1;1;0;0;0;0;1;1;0;1;0;1;1;1;1;1;1;0;0;0;0;0;0;1;0;0;1;1;0;0;0;0;0;0;0;0;1;0;0;1;0;0;0;1;1;0;0;1;0;0;0;1;1;0;0;0;1;1;0;0;0;0;2;0;0;1;0;0;0;0;0;1;0;0;0;2;0;0;0;1;1;0;1;1;0;0;0;0;1;0;0;1;0;0;0;0;0;0;0;0;0;0;0;1;0;0;1;0;1;0;0;0;0;1;1;0;0;0;0;0;0;0;1;0;0;0;0;1;0;0;1;1;0;0;1;0;0;0;0;0;1;1;1;1;0,514918307284;0,513100927598;0,824777514775;0,519887466518;0,637767025338;20,4279329537;0;0;0;0
1;1;0;0;1;0;1;1;0;0;0;0;1;1;0;1;0;1;1;1;1;1;1;0;0;0;0;0;0;1;0;0;1;1;0;0;0;0;0;0;0;0;1;0;0;1;0;0;0;1;1;0;0;1;0;0;0;1;1;0;0;0;1;1;0;0;0;0;2;0;0;1;0;0;0;0;0;1;0;0;0;2;0;0;0;1;1;0;1;1;0;0;0;0;1;0;0;1;0;0;0;0;0;0;0;0;0;0;0;1;0;0;1;0;1;0;0;0;0;1;1;0;0;0;0;0;0;0;1;0;0;0;0;1;0;0;1;1;0;0;1;0;0;0;0;0;1;1;1;1;0,514918307284;0,513100927598;0,824777514775;0,519887466518;0,637767025338;20,4279329537;0;0;0;0
1;1;0;0;1;0;1;1;0;0;0;0;1;1;0;1;0;1;1;1;1;1;1;0;0;0;0;0;0;1;0;0;1;1;0;0;0;0;0;0;0;0;1;0;0;1;0;0;0;1;1;0;0;1;0;0;0;1;1;0;0;0;1;1;0;0;0;0;2;0;0;1;0;0;0;0;0;1;0;0;0;2;0;0;0;1;1;0;1;1;0;0;0;0;1;0;0;1;0;0;0;0;0;0;0;0;0;0;0;1;0;0;1;0;1;0;0;0;0;1;1;0;0;0;0;0;0;0;1;0;0;0;0;1;0;0;1;1;0;0;1;0;0;0;0;0;1;1;1;1;0,514918307284;0,513100927598;0,824777514775;0,519887466518;0,637767025338;20,4279329537;0;0;0;0
1;1;0;0;1;0;1;1;0;0;0;0;1;1;0;1;0;1;1;1;1;1;1;0;0;0;0;0;0;1;0;0;1;1;0;0;0;0;0;0;0;0;1;0;0;1;0;0;0;1;1;0;0;1;0;0;0;1;1;0;0;0;1;1;0;0;0;0;2;0;0;1;0;0;0;0;0;1;0;0;0;2;0;0;0;1;1;0;1;1;0;0;0;0;1;0;0;1;0;0;0;0;0;0;0;0;0;0;0;1;0;0;1;0;1;0;0;0;0;1;1;0;0;0;0;0;0;0;1;0;0;0;0;1;0;0;1;1;0;0;1;0;0;0;0;0;1;1;1;1;0,514918307284;0,513100927598;0,824777514775;0,519887466518;0,637767025338;20,4279329537;0;0;0;0
1;1;0;0;1;0;1;1;0;0;0;0;1;1;0;1;0;1;1;1;1;1;1;0;0;0;0;0;0;1;0;0;1;1;0;0;0;0;0;0;0;0;1;0;0;1;0;0;0;1;1;0;0;1;0;0;0;1;1;0;0;0;1;1;0;0;0;0;2;0;0;1;0;0;0;0;0;1;0;0;0;2;0;0;0;1;1;0;1;1;0;0;0;0;1;0;0;1;0;0;0;0;0;0;0;0;0;0;0;1;0;0;1;0;1;0;0;0;0;1;1;0;0;0;0;0;0;0;1;0;0;0;0;1;0;0;1;1;0;0;1;0;0;0;0;0;1;1;1;1;0,514918307284;0,513100927598;0,824777514775;0,519887466518;0,637767025338;20,4279329537;0;0;0;0
1;1;0;0;1;0;1;1;0;0;0;0;1;1;0;1;0;1;1;1;1;1;1;0;0;0;0;0;0;1;0;0;1;1;0;0;0;0;0;0;0;0;1;0;0;1;0;0;0;1;1;0;0;1;0;0;0;1;1;0;0;0;1;1;0;0;0;0;2;0;0;1;0;0;0;0;0;1;0;0;0;2;0;0;0;1;1;0;1;1;0;0;0;0;1;0;0;1;0;0;0;0;0;0;0;0;0;0;0;1;0;0;1;0;1;0;0;0;0;1;1;0;0;0;0;0;0;0;1;0;0;0;0;1;0;0;1;1;0;0;1;0;0;0;0;0;1;1;1;1;0,514918307284;0,513100927598;0,824777514775;0,519887466518;0,637767025338;20,4279329537;0;0;0;0
1;1;0;0;1;0;1;1;0;0;0;0;1;1;0;1;0;1;1;1;1;1;1;0;0;0;0;0;0;1;0;0;1;1;0;0;0;0;0;0;0;0;1;0;0;1;0;0;0;1;1;0;0;1;0;0;0;1;1;0;0;0;1;1;0;0;0;0;2;0;0;1;0;0;0;0;0;1;0;0;0;2;0;0;0;1;1;0;1;1;0;0;0;0;1;0;0;1;0;0;0;0;0;0;0;0;0;0;0;1;0;0;1;0;1;0;0;0;0;1;1;0;0;0;0;0;0;0;1;0;0;0;0;1;0;0;1;1;0;0;1;0;0;0;0;0;1;1;1;1;0,514918307284;0,513100927598;0,824777514775;0,519887466518;0,637767025338;20,4279329537;0;0;0;0
1;1;0;0;1;0;1;1;0;0;0;0;1;1;0;1;0;1;1;1;1;1;1;0;0;0;0;0;0;1;0;0;1;1;0;0;0;0;0;0;0;0;1;0;0;1;0;0;0;1;1;0;0;1;0;0;0;1;1;0;0;0;1;1;0;0;0;0;2;0;0;1;0;0;0;0;0;1;0;0;0;2;0;0;0;1;1;0;1;1;0;0;0;0;1;0;0;1;0;0;0;0;0;0;0;0;0;0;0;1;0;0;1;0;1;0;0;0;0;1;1;0;0;0;0;0;0;0;1;0;0;0;0;1;0;0;1;1;0;0;1;0;0;0;0;0;1;1;1;1;0,514918307284;0,513100927598;0,824777514775;0,519887466518;0,637767025338;20,4279329537;0;0;0;0
1;1;0;0;1;0;1;1;0;0;0;0;1;1;0;1;0;1;1;1;1;1;1;0;0;0;0;0;0;1;0;0;1;1;0;0;0;0;0;0;0;0;1;0;0;1;0;0;0;1;1;0;0;1;0;0;0;1;1;0;0;0;1;1;0;0;0;0;2;0;0;1;0;0;0;0;0;1;0;0;0;2;0;0;0;1;1;0;1;1;0;0;0;0;1;0;0;1;0;0;0;0;0;0;0;0;0;0;0;1;0;0;1;0;1;0;0;0;0;1;1;0;0;0;0;0;0;0;1;0;0;0;0;1;0;0;1;1;0;0;1;0;0;0;0;0;1;1;1;1;0,514918307284;0,513100927598;0,824777514775;0,519887466518;0,637767025338;20,4279329537;0;0;0;0
