10;40;30;db;Cosine;1;2
1;0;0;0;0;0;1;1;0;1;0;1;0;0;0;1;0;0;1;0;1;1;1;0;1;0;0;0;0;0;0;0;1;0;1;1;0;0;0;0;0;1;0;0;0;0;0;1;0;0;1;0;0;0;1;1;0;1;1;1;0;1;1;1;0;0;0;1;1;0;1;0;1;0;1;0;0;0;0;0;0;0;0;0;1;0;0;1;0;0;1;0;0;1;0;0;1;1;0;0;0;0;1;1;0;1;0;1;1;0;0;1;1;0;0;0;0;0;0;0;0;0;0;0;0;1;0;0;0;0;0;0;0;1;0;0;0;0;0;0;0;0;0;0;1;1;0;0;0;1;0,519933072445;0,516663219761;0,91069690523;0,519644719873;0,661714418293;40,8273140125;0;0;0;0
1;0;0;0;0;0;1;1;0;1;0;1;0;0;0;1;0;0;1;0;1;1;1;0;1;0;0;0;0;0;0;0;1;0;1;1;0;0;0;0;0;1;0;0;0;0;0;1;0;0;1;0;0;0;1;1;0;1;1;1;0;1;1;1;0;0;0;1;1;0;1;0;1;0;1;0;0;0;0;0;0;0;0;0;1;0;0;1;0;0;1;0;0;1;0;0;1;1;0;0;0;0;1;1;0;1;0;1;1;0;0;1;1;0;0;0;0;0;0;0;0;0;0;0;0;1;0;0;0;0;0;0;0;1;0;0;0;0;0;0;0;0;0;0;1;1;0;0;0;1;0,519933072445;0,516663219761;0,91069690523;0,519644719873;0,661714418293;40,8273140125;0;0;0;0
1;0;0;0;0;0;1;1;0;1;0;1;0;0;0;1;0;0;1;0;1;1;1;0;1;0;0;0;0;0;0;0;1;0;1;1;0;0;0;0;0;1;0;0;0;0;0;1;0;0;1;0;0;0;1;1;0;1;1;1;0;1;1;1;0;0;0;1;1;0;1;0;1;0;1;0;0;0;0;0;0;0;0;0;1;0;0;1;0;0;1;0;0;1;0;0;1;1;0;0;0;0;1;1;0;1;0;1;1;0;0;1;1;0;0;0;0;0;0;0;0;0;0;0;0;1;0;0;0;0;0;0;0;1;0;0;0;0;0;0;0;0;0;0;1;1;0;0;0;1;0,519933072445;0,516663219761;0,91069690523;0,519644719873;0,661714418293;40,8273140125;0;0;0;0
0;1;1;1;1;1;0;0;1;0;1;0;1;1;1;0;1;1;0;1;0;0;0;1;0;1;1;1;1;1;1;1;0;1;0;0;1;1;1;1;1;0;0;1;1;1;1;0;1;1;0;1;1;1;0;0;1;0;0;0;1;0;0;0;1;1;1;0;0;1;0;1;0;1;0;1;1;1;1;1;1;1;1;1;0;1;1;0;1;1;0;1;1;0;1;1;0;0;1;1;1;1;0;0;1;0;1;0;0;1;1;0;0;1;1;1;1;0;1;1;1;1;1;1;1;0;1;1;1;1;1;1;1;0;1;1;1;1;1;1;1;1;0;1;0;0;1;1;1;0;0,558371443754;0,550981342634;0,949020443401;0,553749288743;0,699401091591;40,8273140125;0;0;0;0
1;0;0;0;0;0;1;0;0;1;0;1;0;0;0;1;0;0;1;0;1;1;1;0;1;0;0;0;0;0;0;0;1;0;1;1;0;0;0;0;0;1;0;0;0;0;0;1;0;0;1;0;0;0;1;1;0;1;1;1;0;1;1;1;0;0;0;1;1;0;1;0;1;0;1;0;0;0;0;0;0;0;0;0;1;0;0;1;0;0;1;0;0;1;0;0;1;1;0;0;0;0;1;1;0;1;0;1;1;0;0;1;1;0;0;0;0;0;0;0;0;0;0;0;0;1;0;0;0;0;0;0;0;1;0;0;0;0;0;0;0;0;0;0;1;1;0;0;0;1;0,496663829572;0,493946446581;0,878316304317;0,497068867493;0,634852984656;41,9888854519;0;0;0;0
0;1;1;1;1;1;0;1;1;0;1;0;1;1;1;0;1;1;0;1;0;0;0;1;0;1;1;1;1;1;1;1;0;1;0;0;1;1;1;1;1;0;0;1;1;1;1;0;1;1;0;1;1;1;0;0;1;0;0;0;1;0;0;0;1;1;1;0;0;1;0;1;0;1;0;1;1;1;1;1;1;1;1;1;0;1;1;0;1;1;0;1;1;0;1;1;0;0;1;1;1;1;0;0;1;0;1;0;0;1;1;0;0;1;1;1;1;0;1;1;1;1;1;1;1;0;1;1;1;1;1;1;1;0;1;1;1;1;1;1;1;1;0;1;0;0;1;1;1;0;0,534256231884;0,516908856218;0,897316647282;0,519887466518;0,658343669592;41,9888854519;0;0;0;0
0;1;1;1;1;1;0;1;1;0;1;0;1;1;1;0;1;1;0;1;0;0;0;1;0;1;1;1;1;1;1;1;0;1;0;0;1;1;1;1;1;0;0;1;1;1;1;0;1;1;0;1;1;1;0;0;1;0;0;0;1;0;0;0;1;1;1;0;0;1;0;1;0;1;0;1;1;1;1;1;1;1;1;1;0;1;1;0;1;1;0;1;1;0;1;1;0;0;1;1;1;1;0;0;1;0;1;0;0;1;1;0;0;1;1;1;1;0;1;1;1;1;1;1;1;0;1;1;1;1;1;1;1;0;1;1;1;1;1;1;1;1;0;1;0;0;1;1;1;0;0,534256231884;0,516908856218;0,897316647282;0,519887466518;0,658343669592;41,9888854519;0;0;0;0
0;1;1;1;1;1;0;1;1;0;1;0;1;1;1;0;1;1;0;1;0;0;0;1;0;1;1;1;1;1;1;1;0;1;0;0;1;1;1;1;1;0;0;1;1;1;1;0;1;1;0;1;1;1;0;0;1;0;0;0;1;0;0;0;1;1;1;0;0;1;0;1;0;1;0;1;1;1;1;1;1;1;1;1;0;1;1;0;1;1;0;1;1;0;1;1;0;0;1;1;1;1;0;0;1;0;1;0;0;1;1;0;0;1;1;1;1;0;1;1;1;1;1;1;1;0;1;1;1;1;1;1;1;0;1;1;1;1;1;1;1;1;0;1;0;0;1;1;1;0;0,534256231884;0,516908856218;0,897316647282;0,519887466518;0,658343669592;41,9888854519;0;0;0;0
0;1;1;1;1;1;0;1;1;0;1;0;1;1;1;0;1;1;0;1;0;0;0;1;0;1;1;1;1;1;1;1;0;1;0;0;1;1;1;1;1;0;0;1;1;1;1;0;1;1;0;1;1;1;0;0;1;0;0;0;1;0;0;0;1;1;1;0;0;1;0;1;0;1;0;1;1;1;1;1;1;1;1;1;0;1;1;0;1;1;0;1;1;0;1;1;0;0;1;1;1;1;0;0;1;0;1;0;0;1;1;0;0;1;1;1;1;0;1;1;1;1;1;1;1;0;1;1;1;1;1;1;1;0;1;1;1;1;1;1;1;1;0;1;0;0;1;1;1;0;0,534256231884;0,516908856218;0,897316647282;0,519887466518;0,658343669592;41,9888854519;0;0;0;0
0;1;1;1;1;1;0;1;1;0;1;0;1;1;1;0;1;1;0;1;0;0;0;1;0;1;1;1;1;1;1;1;0;1;0;0;1;1;1;1;1;0;0;1;1;1;1;0;1;1;0;1;1;1;0;0;1;0;0;0;1;0;0;0;1;1;1;0;0;1;0;1;0;1;0;1;1;1;1;1;1;1;1;1;0;1;1;0;1;1;0;1;1;0;1;1;0;0;1;1;1;1;0;0;1;0;1;0;0;1;1;0;0;1;1;1;1;0;1;1;1;1;1;1;1;0;1;1;1;1;1;1;1;0;1;1;1;1;1;1;1;1;0;1;0;0;1;1;1;0;0,534256231884;0,516908856218;0,897316647282;0,519887466518;0,658343669592;41,9888854519;0;0;0;0
1;0;0;0;0;0;1;0;0;1;0;1;0;0;0;1;0;0;1;0;1;1;1;0;1;0;0;0;0;0;0;0;1;0;1;1;0;0;0;0;0;1;0;0;0;0;0;1;0;0;1;0;0;0;1;1;0;1;1;1;0;1;1;1;0;0;0;1;1;0;1;0;1;0;1;0;0;0;0;0;0;0;0;0;1;0;0;1;0;0;1;0;0;1;0;0;1;1;0;0;0;0;1;1;0;1;0;1;1;0;0;1;1;0;0;0;0;0;0;0;0;0;0;0;0;1;0;0;0;0;0;0;0;1;0;0;0;0;0;0;0;0;0;0;1;1;0;0;0;1;0,496663829572;0,493946446581;0,878316304317;0,497068867493;0,634852984656;41,9888854519;0;0;0;0
1;0;0;0;0;0;1;0;0;1;0;1;0;0;0;1;0;0;1;0;1;1;1;0;1;0;0;0;0;0;0;0;1;0;1;1;0;0;0;0;0;1;0;0;0;0;0;1;0;0;1;0;0;0;1;1;0;1;1;1;0;1;1;1;0;0;0;1;1;0;1;0;1;0;1;0;0;0;0;0;0;0;0;0;1;0;0;1;0;0;1;0;0;1;0;0;1;1;0;0;0;0;1;1;0;1;0;1;1;0;0;1;1;0;0;0;0;0;0;0;0;0;0;0;0;1;0;0;0;0;0;0;0;1;0;0;0;0;0;0;0;0;0;0;1;1;0;0;0;1;0,496663829572;0,493946446581;0,878316304317;0,497068867493;0,634852984656;41,9888854519;0;0;0;0
1;0;0;0;0;0;1;0;0;1;0;1;0;0;0;1;0;0;1;0;1;1;1;0;1;0;0;0;0;0;0;0;1;0;1;1;0;0;0;0;0;1;0;0;0;0;0;1;0;0;1;0;0;0;1;1;0;1;1;1;0;1;1;1;0;0;0;1;1;0;1;0;1;0;1;0;0;0;0;0;0;0;0;0;1;0;0;1;0;0;1;0;0;1;0;0;1;1;0;0;0;0;1;1;0;1;0;1;1;0;0;1;1;0;0;0;0;0;0;0;0;0;0;0;0;1;0;0;0;0;0;0;0;1;0;0;0;0;0;0;0;0;0;0;1;1;0;0;0;1;0,496663829572;0,493946446581;0,878316304317;0,497068867493;0,634852984656;41,9888854519;0;0;0;0
0;1;1;1;1;1;0;1;1;0;1;0;1;1;1;0;1;1;0;1;0;0;0;1;0;1;1;1;1;1;1;1;0;1;0;0;1;1;1;1;1;0;0;1;1;1;1;0;1;1;0;1;1;1;0;0;1;0;0;0;1;0;0;0;1;1;1;0;0;1;0;1;0;1;0;1;1;1;1;1;1;1;1;1;0;1;1;0;1;1;0;1;1;0;1;1;0;0;1;1;1;1;0;0;1;0;1;0;0;1;1;0;0;1;1;1;1;0;1;1;1;1;1;1;1;0;1;1;1;1;1;1;1;0;1;1;1;1;1;1;1;1;0;1;0;0;1;1;1;0;0,534256231884;0,516908856218;0,897316647282;0,519887466518;0,658343669592;41,9888854519;0;0;0;0
1;0;0;0;0;0;1;0;0;1;0;1;0;0;0;1;0;0;1;0;1;1;1;0;1;0;0;0;0;0;0;0;1;0;1;1;0;0;0;0;0;1;0;0;0;0;0;1;0;0;1;0;0;0;1;1;0;1;1;1;0;1;1;1;0;0;0;1;1;0;1;0;1;0;1;0;0;0;0;0;0;0;0;0;1;0;0;1;0;0;1;0;0;1;0;0;1;1;0;0;0;0;1;1;0;1;0;1;1;0;0;1;1;0;0;0;0;0;0;0;0;0;0;0;0;1;0;0;0;0;0;0;0;1;0;0;0;0;0;0;0;0;0;0;1;1;0;0;0;1;0,496663829572;0,493946446581;0,878316304317;0,497068867493;0,634852984656;41,9888854519;0;0;0;0
1;0;0;0;0;0;1;0;0;1;0;1;0;0;0;1;0;0;1;0;1;1;1;0;1;0;0;0;0;0;0;0;1;0;1;1;0;0;0;0;0;1;0;0;0;0;0;1;0;0;1;0;0;0;1;1;0;1;1;1;0;1;1;1;0;0;0;1;1;0;1;0;1;0;1;0;0;0;0;0;0;0;0;0;1;0;0;1;0;0;1;0;0;1;0;0;1;1;0;0;0;0;1;1;0;1;0;1;1;0;0;1;1;0;0;0;0;0;0;0;0;0;0;0;0;1;0;0;0;0;0;0;0;1;0;0;0;0;0;0;0;0;0;0;1;1;0;0;0;1;0,496663829572;0,493946446581;0,878316304317;0,497068867493;0,634852984656;41,9888854519;0;0;0;0
0;1;1;1;1;1;0;1;1;0;1;0;1;1;1;0;1;1;0;1;0;0;0;1;0;1;1;1;1;1;1;1;0;1;0;0;1;1;1;1;1;0;0;1;1;1;1;0;1;1;0;1;1;1;0;0;1;0;0;0;1;0;0;0;1;1;1;0;0;1;0;1;0;1;0;1;1;1;1;1;1;1;1;1;0;1;1;0;1;1;0;1;1;0;1;1;0;0;1;1;1;1;0;0;1;0;1;0;0;1;1;0;0;1;1;1;1;0;1;1;1;1;1;1;1;0;1;1;1;1;1;1;1;0;1;1;1;1;1;1;1;1;0;1;0;0;1;1;1;0;0,534256231884;0,516908856218;0,897316647282;0,519887466518;0,658343669592;41,9888854519;0;0;0;0
0;1;1;1;1;1;0;1;1;0;1;0;1;1;1;0;1;1;0;1;0;0;0;1;0;1;1;1;1;1;1;1;0;1;0;0;1;1;1;1;1;0;0;1;1;1;1;0;1;1;0;1;1;1;0;0;1;0;0;0;1;0;0;0;1;1;1;0;0;1;0;1;0;1;0;1;1;1;1;1;1;1;1;1;0;1;1;0;1;1;0;1;1;0;1;1;0;0;1;1;1;1;0;0;1;0;1;0;0;1;1;0;0;1;1;1;1;0;1;1;1;1;1;1;1;0;1;1;1;1;1;1;1;0;1;1;1;1;1;1;1;1;0;1;0;0;1;1;1;0;0,534256231884;0,516908856218;0,897316647282;0,519887466518;0,658343669592;41,9888854519;0;0;0;0
1;0;0;0;0;0;1;0;0;1;0;1;0;0;0;1;0;0;1;0;1;1;1;0;1;0;0;0;0;0;0;0;1;0;1;1;0;0;0;0;0;1;0;0;0;0;0;1;0;0;1;0;0;0;1;1;0;1;1;1;0;1;1;1;0;0;0;1;1;0;1;0;1;0;1;0;0;0;0;0;0;0;0;0;1;0;0;1;0;0;1;0;0;1;0;0;1;1;0;0;0;0;1;1;0;1;0;1;1;0;0;1;1;0;0;0;0;0;0;0;0;0;0;0;0;1;0;0;0;0;0;0;0;1;0;0;0;0;0;0;0;0;0;0;1;1;0;0;0;1;0,496663829572;0,493946446581;0,878316304317;0,497068867493;0,634852984656;41,9888854519;0;0;0;0
1;0;0;0;0;0;1;0;0;1;0;1;0;0;0;1;0;0;1;0;1;1;1;0;1;0;0;0;0;0;0;0;1;0;1;1;0;0;0;0;0;1;0;0;0;0;0;1;0;0;1;0;0;0;1;1;0;1;1;1;0;1;1;1;0;0;0;1;1;0;1;0;1;0;1;0;0;0;0;0;0;0;0;0;1;0;0;1;0;0;1;0;0;1;0;0;1;1;0;0;0;0;1;1;0;1;0;1;1;0;0;1;1;0;0;0;0;0;0;0;0;0;0;0;0;1;0;0;0;0;0;0;0;1;0;0;0;0;0;0;0;0;0;0;1;1;0;0;0;1;0,496663829572;0,493946446581;0,878316304317;0,497068867493;0,634852984656;41,9888854519;0;0;0;0
0;1;1;1;1;1;0;1;1;0;1;0;1;1;1;0;1;1;0;1;0;0;0;1;0;1;1;1;1;1;1;1;0;1;0;0;1;1;1;1;1;0;0;1;1;1;1;0;1;1;0;1;1;1;0;0;1;0;0;0;1;0;0;0;1;1;1;0;0;1;0;1;0;1;0;1;1;1;1;1;1;1;1;1;0;1;1;0;1;1;0;1;1;0;1;1;0;0;1;1;1;1;0;0;1;0;1;0;0;1;1;0;0;1;1;1;1;0;1;1;1;1;1;1;1;0;1;1;1;1;1;1;1;0;1;1;1;1;1;1;1;1;0;1;0;0;1;1;1;0;0,534256231884;0,516908856218;0,897316647282;0,519887466518;0,658343669592;41,9888854519;0;0;0;0
1;0;0;0;0;0;1;0;0;1;0;1;0;0;0;1;0;0;1;0;1;1;1;0;1;0;0;0;0;0;0;0;1;0;1;1;0;0;0;0;0;1;0;0;0;0;0;1;0;0;1;0;0;0;1;1;0;1;1;1;0;1;1;1;0;0;0;1;1;0;1;0;1;0;1;0;0;0;0;0;0;0;0;0;1;0;0;1;0;0;1;0;0;1;0;0;1;1;0;0;0;0;1;1;0;1;0;1;1;0;0;1;1;0;0;0;0;0;0;0;0;0;0;0;0;1;0;0;0;0;0;0;0;1;0;0;0;0;0;0;0;0;0;0;1;1;0;0;0;1;0,496663829572;0,493946446581;0,878316304317;0,497068867493;0,634852984656;41,9888854519;0;0;0;0
1;0;0;0;0;0;1;0;0;1;0;1;0;0;0;1;0;0;1;0;1;1;1;0;1;0;0;0;0;0;0;0;1;0;1;1;0;0;0;0;0;1;0;0;0;0;0;1;0;0;1;0;0;0;1;1;0;1;1;1;0;1;1;1;0;0;0;1;1;0;1;0;1;0;1;0;0;0;0;0;0;0;0;0;1;0;0;1;0;0;1;0;0;1;0;0;1;1;0;0;0;0;1;1;0;1;0;1;1;0;0;1;1;0;0;0;0;0;0;0;0;0;0;0;0;1;0;0;0;0;0;0;0;1;0;0;0;0;0;0;0;0;0;0;1;1;0;0;0;1;0,496663829572;0,493946446581;0,878316304317;0,497068867493;0,634852984656;41,9888854519;0;0;0;0
1;0;0;0;0;0;1;0;0;1;0;1;0;0;0;1;0;0;1;0;1;1;1;0;1;0;0;0;0;0;0;0;1;0;1;1;0;0;0;0;0;1;0;0;0;0;0;1;0;0;1;0;0;0;1;1;0;1;1;1;0;1;1;1;0;0;0;1;1;0;1;0;1;0;1;0;0;0;0;0;0;0;0;0;1;0;0;1;0;0;1;0;0;1;0;0;1;1;0;0;0;0;1;1;0;1;0;1;1;0;0;1;1;0;0;0;0;0;0;0;0;0;0;0;0;1;0;0;0;0;0;0;0;1;0;0;0;0;0;0;0;0;0;0;1;1;0;0;0;1;0,496663829572;0,493946446581;0,878316304317;0,497068867493;0,634852984656;41,9888854519;0;0;0;0
1;0;0;0;0;0;1;0;0;1;0;1;0;0;0;1;0;0;1;0;1;1;1;0;1;0;0;0;0;0;0;0;1;0;1;1;0;0;0;0;0;1;0;0;0;0;0;1;0;0;1;0;0;0;1;1;0;1;1;1;0;1;1;1;0;0;0;1;1;0;1;0;1;0;1;0;0;0;0;0;0;0;0;0;1;0;0;1;0;0;1;0;0;1;0;0;1;1;0;0;0;0;1;1;0;1;0;1;1;0;0;1;1;0;0;0;0;0;0;0;0;0;0;0;0;1;0;0;0;0;0;0;0;1;0;0;0;0;0;0;0;0;0;0;1;1;0;0;0;1;0,496663829572;0,493946446581;0,878316304317;0,497068867493;0,634852984656;41,9888854519;0;0;0;0
1;0;0;0;0;0;1;0;0;1;0;1;0;0;0;1;0;0;1;0;1;1;1;0;1;0;0;0;0;0;0;0;1;0;1;1;0;0;0;0;0;1;0;0;0;0;0;1;0;0;1;0;0;0;1;1;0;1;1;1;0;1;1;1;0;0;0;1;1;0;1;0;1;0;1;0;0;0;0;0;0;0;0;0;1;0;0;1;0;0;1;0;0;1;0;0;1;1;0;0;0;0;1;1;0;1;0;1;1;0;0;1;1;0;0;0;0;0;0;0;0;0;0;0;0;1;0;0;0;0;0;0;0;1;0;0;0;0;0;0;0;0;0;0;1;1;0;0;0;1;0,496663829572;0,493946446581;0,878316304317;0,497068867493;0,634852984656;41,9888854519;0;0;0;0
1;0;0;0;0;0;1;0;0;1;0;1;0;0;0;1;0;0;1;0;1;1;1;0;1;0;0;0;0;0;0;0;1;0;1;1;0;0;0;0;0;1;0;0;0;0;0;1;0;0;1;0;0;0;1;1;0;1;1;1;0;1;1;1;0;0;0;1;1;0;1;0;1;0;1;0;0;0;0;0;0;0;0;0;1;0;0;1;0;0;1;0;0;1;0;0;1;1;0;0;0;0;1;1;0;1;0;1;1;0;0;1;1;0;0;0;0;0;0;0;0;0;0;0;0;1;0;0;0;0;0;0;0;1;0;0;0;0;0;0;0;0;0;0;1;1;0;0;0;1;0,496663829572;0,493946446581;0,878316304317;0,497068867493;0,634852984656;41,9888854519;0;0;0;0
1;0;0;0;0;0;1;0;0;1;0;1;0;0;0;1;0;0;1;0;1;1;1;0;1;0;0;0;0;0;0;0;1;0;1;1;0;0;0;0;0;1;0;0;0;0;0;1;0;0;1;0;0;0;1;1;0;1;1;1;0;1;1;1;0;0;0;1;1;0;1;0;1;0;1;0;0;0;0;0;0;0;0;0;1;0;0;1;0;0;1;0;0;1;0;0;1;1;0;0;0;0;1;1;0;1;0;1;1;0;0;1;1;0;0;0;0;0;0;0;0;0;0;0;0;1;0;0;0;0;0;0;0;1;0;0;0;0;0;0;0;0;0;0;1;1;0;0;0;1;0,496663829572;0,493946446581;0,878316304317;0,497068867493;0,634852984656;41,9888854519;0;0;0;0
1;0;0;0;0;0;1;0;0;1;0;1;0;0;0;1;0;0;1;0;1;1;1;0;1;0;0;0;0;0;0;0;1;0;1;1;0;0;0;0;0;1;0;0;0;0;0;1;0;0;1;0;0;0;1;1;0;1;1;1;0;1;1;1;0;0;0;1;1;0;1;0;1;0;1;0;0;0;0;0;0;0;0;0;1;0;0;1;0;0;1;0;0;1;0;0;1;1;0;0;0;0;1;1;0;1;0;1;1;0;0;1;1;0;0;0;0;0;0;0;0;0;0;0;0;1;0;0;0;0;0;0;0;1;0;0;0;0;0;0;0;0;0;0;1;1;0;0;0;1;0,496663829572;0,493946446581;0,878316304317;0,497068867493;0,634852984656;41,9888854519;0;0;0;0
1;0;0;0;0;0;1;0;0;1;0;1;0;0;0;1;0;0;1;0;1;1;1;0;1;0;0;0;0;0;0;0;1;0;1;1;0;0;0;0;0;1;0;0;0;0;0;1;0;0;1;0;0;0;1;1;0;1;1;1;0;1;1;1;0;0;0;1;1;0;1;0;1;0;1;0;0;0;0;0;0;0;0;0;1;0;0;1;0;0;1;0;0;1;0;0;1;1;0;0;0;0;1;1;0;1;0;1;1;0;0;1;1;0;0;0;0;0;0;0;0;0;0;0;0;1;0;0;0;0;0;0;0;1;0;0;0;0;0;0;0;0;0;0;1;1;0;0;0;1;0,496663829572;0,493946446581;0,878316304317;0,497068867493;0,634852984656;41,9888854519;0;0;0;0
