10;40;30;db;Cosine;2;2
0;0;0;2;1;0;0;0;0;1;0;0;0;0;0;0;0;0;0;1;0;1;0;1;1;0;1;0;0;0;1;0;0;1;1;1;1;1;0;0;0;0;1;0;0;0;0;0;0;0;0;0;0;1;2;0;1;0;0;1;1;1;0;1;1;0;1;0;0;0;1;1;0;0;0;0;0;0;0;1;1;0;1;0;1;0;0;0;0;1;0;0;0;0;0;0;1;0;0;1;1;0;0;0;0;0;0;0;0;0;1;0;0;0;0;1;1;0;0;1;1;0;1;0;0;1;1;1;0;1;0;0;0;0;1;0;0;1;0;1;0;0;0;1;0;0;1;0;0;1;0,514918307284;0,513100927598;0,824777514775;0,519887466518;0,637767025338;21,2365504899;0;0;0;0
0;0;0;0;1;0;0;0;0;1;0;0;0;0;0;0;0;0;0;1;0;1;0;1;1;0;1;0;0;0;1;0;0;1;1;1;1;1;0;0;0;0;1;0;0;0;0;0;0;0;0;0;0;1;0;0;1;0;0;1;1;1;0;1;1;0;1;0;0;0;1;1;0;0;0;0;0;0;0;1;1;0;1;0;1;0;0;0;0;1;0;0;0;0;0;0;1;0;0;1;1;0;0;0;0;0;0;0;0;0;1;0;0;0;0;1;1;0;0;1;1;0;1;0;0;1;1;1;0;1;0;0;0;0;1;0;0;1;0;1;0;0;0;1;0;0;1;0;0;1;0,519933072445;0,516663219761;0,91069690523;0,519644719873;0,661714418293;24,85964995;0;0;0;0
0;0;0;0;1;0;0;0;0;1;0;0;0;0;0;0;0;0;0;1;0;1;0;1;1;0;1;0;0;0;1;0;0;1;1;1;1;1;0;0;0;0;1;0;0;0;0;0;0;0;0;0;0;1;0;0;1;0;0;1;1;1;0;1;1;0;1;0;0;0;1;1;0;0;0;0;0;0;0;1;1;0;1;0;1;0;0;0;0;1;0;0;0;0;0;0;1;0;0;1;1;0;0;0;0;0;0;0;0;0;1;0;0;0;0;1;1;0;0;1;1;0;1;0;0;1;1;1;0;1;0;0;0;0;1;0;0;1;0;1;0;0;0;1;0;0;1;0;0;1;0,519933072445;0,516663219761;0,91069690523;0,519644719873;0,661714418293;24,85964995;0;0;0;0
0;0;0;0;1;0;0;0;0;1;0;0;0;0;0;0;0;0;0;1;0;1;0;1;1;0;1;0;0;0;1;0;0;1;1;1;1;1;0;0;0;0;1;0;0;0;0;0;0;0;0;0;0;1;0;0;1;0;0;1;1;1;0;1;1;0;1;0;0;0;1;1;0;0;0;0;0;0;0;1;1;0;1;0;1;0;0;0;0;1;0;0;0;0;0;0;1;0;0;1;1;0;0;0;0;0;0;0;0;0;1;0;0;0;0;1;1;0;0;1;1;0;1;0;0;1;1;1;0;1;0;0;0;0;1;0;0;1;0;1;0;0;0;1;0;0;1;0;0;1;0,519933072445;0,516663219761;0,91069690523;0,519644719873;0,661714418293;24,85964995;0;0;0;0
0;0;0;0;1;0;0;0;0;1;0;0;0;0;0;0;0;0;0;1;0;1;0;1;1;0;1;0;0;0;1;0;0;1;1;1;1;0;0;0;0;0;1;0;0;0;0;0;0;0;0;0;0;1;0;0;1;0;0;1;1;1;0;1;1;0;1;0;0;0;1;1;0;0;0;0;0;0;0;1;1;0;1;0;1;0;0;0;0;1;0;0;0;0;0;0;1;0;0;1;1;0;0;0;0;0;0;0;0;0;1;0;0;0;0;1;1;0;0;1;1;0;1;0;0;1;1;1;0;1;0;0;0;0;1;0;0;1;0;1;0;0;0;1;0;0;1;0;0;1;0,496663829572;0,493946446581;0,878316304317;0,497068867493;0,634852984656;25,8360578565;0;0;0;0
0;0;0;0;1;0;0;0;0;1;0;0;0;0;0;0;0;0;0;1;0;1;0;1;1;0;1;0;0;0;1;0;0;1;1;1;1;0;0;0;0;0;1;0;0;0;0;0;0;0;0;0;0;1;0;0;1;0;0;1;1;1;0;1;1;0;1;0;0;0;1;1;0;0;0;0;0;0;0;1;1;0;1;0;1;0;0;0;0;1;0;0;0;0;0;0;1;0;0;1;1;0;0;0;0;0;0;0;0;0;1;0;0;0;0;1;1;0;0;1;1;0;1;0;0;1;1;1;0;1;0;0;0;0;1;0;0;1;0;1;0;0;0;1;0;0;1;0;0;1;0,496663829572;0,493946446581;0,878316304317;0,497068867493;0,634852984656;25,8360578565;0;0;0;0
0;0;0;0;1;0;0;0;0;1;0;0;0;0;0;0;0;0;0;1;0;1;0;1;1;0;1;0;0;0;1;0;0;1;1;1;1;0;0;0;0;0;1;0;0;0;0;0;0;0;0;0;0;1;0;0;1;0;0;1;1;1;0;1;1;0;1;0;0;0;1;1;0;0;0;0;0;0;0;1;1;0;1;0;1;0;0;0;0;1;0;0;0;0;0;0;1;0;0;1;1;0;0;0;0;0;0;0;0;0;1;0;0;0;0;1;1;0;0;1;1;0;1;0;0;1;1;1;0;1;0;0;0;0;1;0;0;1;0;1;0;0;0;1;0;0;1;0;0;1;0,496663829572;0,493946446581;0,878316304317;0,497068867493;0,634852984656;25,8360578565;0;0;0;0
0;0;0;0;1;0;0;0;0;1;0;0;0;0;0;0;0;0;0;1;0;1;0;1;1;0;1;0;0;0;1;0;0;1;1;1;1;0;0;0;0;0;1;0;0;0;0;0;0;0;0;0;0;1;0;0;1;0;0;1;1;1;0;1;1;0;1;0;0;0;1;1;0;0;0;0;0;0;0;1;1;0;1;0;1;0;0;0;0;1;0;0;0;0;0;0;1;0;0;1;1;0;0;0;0;0;0;0;0;0;1;0;0;0;0;1;1;0;0;1;1;0;1;0;0;1;1;1;0;1;0;0;0;0;1;0;0;1;0;1;0;0;0;1;0;0;1;0;0;1;0,496663829572;0,493946446581;0,878316304317;0,497068867493;0,634852984656;25,8360578565;0;0;0;0
0;0;0;0;1;0;0;0;0;1;0;0;0;0;0;0;0;0;0;1;0;1;0;1;1;0;1;0;0;0;1;0;0;1;1;1;1;0;0;0;0;0;1;0;0;0;0;0;0;0;0;0;0;1;0;0;1;0;0;1;1;1;0;1;1;0;1;0;0;0;1;1;0;0;0;0;0;0;0;1;1;0;1;0;1;0;0;0;0;1;0;0;0;0;0;0;1;0;0;1;1;0;0;0;0;0;0;0;0;0;1;0;0;0;0;1;1;0;0;1;1;0;1;0;0;1;1;1;0;1;0;0;0;0;1;0;0;1;0;1;0;0;0;1;0;0;1;0;0;1;0,496663829572;0,493946446581;0,878316304317;0,497068867493;0,634852984656;25,8360578565;0;0;0;0
0;0;0;0;1;0;0;0;0;1;0;0;0;0;0;0;0;0;0;1;0;1;0;1;1;0;1;0;0;0;1;0;0;1;1;1;1;0;0;0;0;0;1;0;0;0;0;0;0;0;0;0;0;1;0;0;1;0;0;1;1;1;0;1;1;0;1;0;0;0;1;1;0;0;0;0;0;0;0;1;1;0;1;0;1;0;0;0;0;1;0;0;0;0;0;0;1;0;0;1;1;0;0;0;0;0;0;0;0;0;1;0;0;0;0;1;1;0;0;1;1;0;1;0;0;1;1;1;0;1;0;0;0;0;1;0;0;1;0;1;0;0;0;1;0;0;1;0;0;1;0,496663829572;0,493946446581;0,878316304317;0,497068867493;0,634852984656;25,8360578565;0;0;0;0
0;0;0;0;1;0;0;0;0;1;0;0;0;0;0;0;0;0;0;1;0;1;0;1;1;0;1;0;0;0;1;0;0;1;1;1;1;0;0;0;0;0;1;0;0;0;0;0;0;0;0;0;0;1;0;0;1;0;0;1;1;1;0;1;1;0;1;0;0;0;1;1;0;0;0;0;0;0;0;1;1;0;1;0;1;0;0;0;0;1;0;0;0;0;0;0;1;0;0;1;1;0;0;0;0;0;0;0;0;0;1;0;0;0;0;1;1;0;0;1;1;0;1;0;0;1;1;1;0;1;0;0;0;0;1;0;0;1;0;1;0;0;0;1;0;0;1;0;0;1;0,496663829572;0,493946446581;0,878316304317;0,497068867493;0,634852984656;25,8360578565;0;0;0;0
0;0;0;0;1;0;0;0;0;1;0;0;0;0;0;0;0;0;0;1;0;1;0;1;1;0;1;0;0;0;1;0;0;1;1;1;1;0;0;0;0;0;1;0;0;0;0;0;0;0;0;0;0;1;0;0;1;0;0;1;1;1;0;1;1;0;1;0;0;0;1;1;0;0;0;0;0;0;0;1;1;0;1;0;1;0;0;0;0;1;0;0;0;0;0;0;1;0;0;1;1;0;0;0;0;0;0;0;0;0;1;0;0;0;0;1;1;0;0;1;1;0;1;0;0;1;1;1;0;1;0;0;0;0;1;0;0;1;0;1;0;0;0;1;0;0;1;0;0;1;0,496663829572;0,493946446581;0,878316304317;0,497068867493;0,634852984656;25,8360578565;0;0;0;0
0;0;0;0;1;0;0;0;0;1;0;0;0;0;0;0;0;0;0;1;0;1;0;1;1;0;1;0;0;0;1;0;0;1;1;1;1;0;0;0;0;0;1;0;0;0;0;0;0;0;0;0;0;1;0;0;1;0;0;1;1;1;0;1;1;0;1;0;0;0;1;1;0;0;0;0;0;0;0;1;1;0;1;0;1;0;0;0;0;1;0;0;0;0;0;0;1;0;0;1;1;0;0;0;0;0;0;0;0;0;1;0;0;0;0;1;1;0;0;1;1;0;1;0;0;1;1;1;0;1;0;0;0;0;1;0;0;1;0;1;0;0;0;1;0;0;1;0;0;1;0,496663829572;0,493946446581;0,878316304317;0,497068867493;0,634852984656;25,8360578565;0;0;0;0
0;0;0;0;1;0;0;0;0;1;0;0;0;0;0;0;0;0;0;1;0;1;0;1;1;0;1;0;0;0;1;0;0;1;1;1;1;0;0;0;0;0;1;0;0;0;0;0;0;0;0;0;0;1;0;0;1;0;0;1;1;1;0;1;1;0;1;0;0;0;1;1;0;0;0;0;0;0;0;1;1;0;1;0;1;0;0;0;0;1;0;0;0;0;0;0;1;0;0;1;1;0;0;0;0;0;0;0;0;0;1;0;0;0;0;1;1;0;0;1;1;0;1;0;0;1;1;1;0;1;0;0;0;0;1;0;0;1;0;1;0;0;0;1;0;0;1;0;0;1;0,496663829572;0,493946446581;0,878316304317;0,497068867493;0,634852984656;25,8360578565;0;0;0;0
0;0;0;0;1;0;0;0;0;1;0;0;0;0;0;0;0;0;0;1;0;1;0;1;1;0;1;0;0;0;1;0;0;1;1;1;1;0;0;0;0;0;1;0;0;0;0;0;0;0;0;0;0;1;0;0;1;0;0;1;1;1;0;1;1;0;1;0;0;0;1;1;0;0;0;0;0;0;0;1;1;0;1;0;1;0;0;0;0;1;0;0;0;0;0;0;1;0;0;1;1;0;0;0;0;0;0;0;0;0;1;0;0;0;0;1;1;0;0;1;1;0;1;0;0;1;1;1;0;1;0;0;0;0;1;0;0;1;0;1;0;0;0;1;0;0;1;0;0;1;0,496663829572;0,493946446581;0,878316304317;0,497068867493;0,634852984656;25,8360578565;0;0;0;0
0;0;0;0;1;0;0;0;0;1;0;0;0;0;0;0;0;0;0;1;0;1;0;1;1;0;1;0;0;0;1;0;0;1;1;1;1;0;0;0;0;0;1;0;0;0;0;0;0;0;0;0;0;1;0;0;1;0;0;1;1;1;0;1;1;0;1;0;0;0;1;1;0;0;0;0;0;0;0;1;1;0;1;0;1;0;0;0;0;1;0;0;0;0;0;0;1;0;0;1;1;0;0;0;0;0;0;0;0;0;1;0;0;0;0;1;1;0;0;1;1;0;1;0;0;1;1;1;0;1;0;0;0;0;1;0;0;1;0;1;0;0;0;1;0;0;1;0;0;1;0,496663829572;0,493946446581;0,878316304317;0,497068867493;0,634852984656;25,8360578565;0;0;0;0
0;0;0;0;1;0;0;0;0;1;0;0;0;0;0;0;0;0;0;1;0;1;0;1;1;0;1;0;0;0;1;0;0;1;1;1;1;0;0;0;0;0;1;0;0;0;0;0;0;0;0;0;0;1;0;0;1;0;0;1;1;1;0;1;1;0;1;0;0;0;1;1;0;0;0;0;0;0;0;1;1;0;1;0;1;0;0;0;0;1;0;0;0;0;0;0;1;0;0;1;1;0;0;0;0;0;0;0;0;0;1;0;0;0;0;1;1;0;0;1;1;0;1;0;0;1;1;1;0;1;0;0;0;0;1;0;0;1;0;1;0;0;0;1;0;0;1;0;0;1;0,496663829572;0,493946446581;0,878316304317;0,497068867493;0,634852984656;25,8360578565;0;0;0;0
0;0;0;0;1;0;0;0;0;1;0;0;0;0;0;0;0;0;0;1;0;1;0;1;1;0;1;0;0;0;1;0;0;1;1;1;1;0;0;0;0;0;1;0;0;0;0;0;0;0;0;0;0;1;0;0;1;0;0;1;1;1;0;1;1;0;1;0;0;0;1;1;0;0;0;0;0;0;0;1;1;0;1;0;1;0;0;0;0;1;0;0;0;0;0;0;1;0;0;1;1;0;0;0;0;0;0;0;0;0;1;0;0;0;0;1;1;0;0;1;1;0;1;0;0;1;1;1;0;1;0;0;0;0;1;0;0;1;0;1;0;0;0;1;0;0;1;0;0;1;0,496663829572;0,493946446581;0,878316304317;0,497068867493;0,634852984656;25,8360578565;0;0;0;0
0;0;0;0;1;0;0;0;0;1;0;0;0;0;0;0;0;0;0;1;0;1;0;1;1;0;1;0;0;0;1;0;0;1;1;1;1;0;0;0;0;0;1;0;0;0;0;0;0;0;0;0;0;1;0;0;1;0;0;1;1;1;0;1;1;0;1;0;0;0;1;1;0;0;0;0;0;0;0;1;1;0;1;0;1;0;0;0;0;1;0;0;0;0;0;0;1;0;0;1;1;0;0;0;0;0;0;0;0;0;1;0;0;0;0;1;1;0;0;1;1;0;1;0;0;1;1;1;0;1;0;0;0;0;1;0;0;1;0;1;0;0;0;1;0;0;1;0;0;1;0,496663829572;0,493946446581;0,878316304317;0,497068867493;0,634852984656;25,8360578565;0;0;0;0
0;0;0;0;1;0;0;0;0;1;0;0;0;0;0;0;0;0;0;1;0;1;0;1;1;0;1;0;0;0;1;0;0;1;1;1;1;0;0;0;0;0;1;0;0;0;0;0;0;0;0;0;0;1;0;0;1;0;0;1;1;1;0;1;1;0;1;0;0;0;1;1;0;0;0;0;0;0;0;1;1;0;1;0;1;0;0;0;0;1;0;0;0;0;0;0;1;0;0;1;1;0;0;0;0;0;0;0;0;0;1;0;0;0;0;1;1;0;0;1;1;0;1;0;0;1;1;1;0;1;0;0;0;0;1;0;0;1;0;1;0;0;0;1;0;0;1;0;0;1;0,496663829572;0,493946446581;0,878316304317;0,497068867493;0,634852984656;25,8360578565;0;0;0;0
0;0;0;0;1;0;0;0;0;1;0;0;0;0;0;0;0;0;0;1;0;1;0;1;1;0;1;0;0;0;1;0;0;1;1;1;1;0;0;0;0;0;1;0;0;0;0;0;0;0;0;0;0;1;0;0;1;0;0;1;1;1;0;1;1;0;1;0;0;0;1;1;0;0;0;0;0;0;0;1;1;0;1;0;1;0;0;0;0;1;0;0;0;0;0;0;1;0;0;1;1;0;0;0;0;0;0;0;0;0;1;0;0;0;0;1;1;0;0;1;1;0;1;0;0;1;1;1;0;1;0;0;0;0;1;0;0;1;0;1;0;0;0;1;0;0;1;0;0;1;0,496663829572;0,493946446581;0,878316304317;0,497068867493;0,634852984656;25,8360578565;0;0;0;0
0;0;0;0;1;0;0;0;0;1;0;0;0;0;0;0;0;0;0;1;0;1;0;1;1;0;1;0;0;0;1;0;0;1;1;1;1;0;0;0;0;0;1;0;0;0;0;0;0;0;0;0;0;1;0;0;1;0;0;1;1;1;0;1;1;0;1;0;0;0;1;1;0;0;0;0;0;0;0;1;1;0;1;0;1;0;0;0;0;1;0;0;0;0;0;0;1;0;0;1;1;0;0;0;0;0;0;0;0;0;1;0;0;0;0;1;1;0;0;1;1;0;1;0;0;1;1;1;0;1;0;0;0;0;1;0;0;1;0;1;0;0;0;1;0;0;1;0;0;1;0,496663829572;0,493946446581;0,878316304317;0,497068867493;0,634852984656;25,8360578565;0;0;0;0
0;0;0;0;1;0;0;0;0;1;0;0;0;0;0;0;0;0;0;1;0;1;0;1;1;0;1;0;0;0;1;0;0;1;1;1;1;0;0;0;0;0;1;0;0;0;0;0;0;0;0;0;0;1;0;0;1;0;0;1;1;1;0;1;1;0;1;0;0;0;1;1;0;0;0;0;0;0;0;1;1;0;1;0;1;0;0;0;0;1;0;0;0;0;0;0;1;0;0;1;1;0;0;0;0;0;0;0;0;0;1;0;0;0;0;1;1;0;0;1;1;0;1;0;0;1;1;1;0;1;0;0;0;0;1;0;0;1;0;1;0;0;0;1;0;0;1;0;0;1;0,496663829572;0,493946446581;0,878316304317;0,497068867493;0,634852984656;25,8360578565;0;0;0;0
0;0;0;0;1;0;0;0;0;1;0;0;0;0;0;0;0;0;0;1;0;1;0;1;1;0;1;0;0;0;1;0;0;1;1;1;1;0;0;0;0;0;1;0;0;0;0;0;0;0;0;0;0;1;0;0;1;0;0;1;1;1;0;1;1;0;1;0;0;0;1;1;0;0;0;0;0;0;0;1;1;0;1;0;1;0;0;0;0;1;0;0;0;0;0;0;1;0;0;1;1;0;0;0;0;0;0;0;0;0;1;0;0;0;0;1;1;0;0;1;1;0;1;0;0;1;1;1;0;1;0;0;0;0;1;0;0;1;0;1;0;0;0;1;0;0;1;0;0;1;0,496663829572;0,493946446581;0,878316304317;0,497068867493;0,634852984656;25,8360578565;0;0;0;0
0;0;0;0;1;0;0;0;0;1;0;0;0;0;0;0;0;0;0;1;0;1;0;1;1;0;1;0;0;0;1;0;0;1;1;1;1;0;0;0;0;0;1;0;0;0;0;0;0;0;0;0;0;1;0;0;1;0;0;1;1;1;0;1;1;0;1;0;0;0;1;1;0;0;0;0;0;0;0;1;1;0;1;0;1;0;0;0;0;1;0;0;0;0;0;0;1;0;0;1;1;0;0;0;0;0;0;0;0;0;1;0;0;0;0;1;1;0;0;1;1;0;1;0;0;1;1;1;0;1;0;0;0;0;1;0;0;1;0;1;0;0;0;1;0;0;1;0;0;1;0,496663829572;0,493946446581;0,878316304317;0,497068867493;0,634852984656;25,8360578565;0;0;0;0
0;0;0;0;1;0;0;0;0;1;0;0;0;0;0;0;0;0;0;1;0;1;0;1;1;0;1;0;0;0;1;0;0;1;1;1;1;0;0;0;0;0;1;0;0;0;0;0;0;0;0;0;0;1;0;0;1;0;0;1;1;1;0;1;1;0;1;0;0;0;1;1;0;0;0;0;0;0;0;1;1;0;1;0;1;0;0;0;0;1;0;0;0;0;0;0;1;0;0;1;1;0;0;0;0;0;0;0;0;0;1;0;0;0;0;1;1;0;0;1;1;0;1;0;0;1;1;1;0;1;0;0;0;0;1;0;0;1;0;1;0;0;0;1;0;0;1;0;0;1;0,496663829572;0,493946446581;0,878316304317;0,497068867493;0,634852984656;25,8360578565;0;0;0;0
0;0;0;0;1;0;0;0;0;1;0;0;0;0;0;0;0;0;0;1;0;1;0;1;1;0;1;0;0;0;1;0;0;1;1;1;1;0;0;0;0;0;1;0;0;0;0;0;0;0;0;0;0;1;0;0;1;0;0;1;1;1;0;1;1;0;1;0;0;0;1;1;0;0;0;0;0;0;0;1;1;0;1;0;1;0;0;0;0;1;0;0;0;0;0;0;1;0;0;1;1;0;0;0;0;0;0;0;0;0;1;0;0;0;0;1;1;0;0;1;1;0;1;0;0;1;1;1;0;1;0;0;0;0;1;0;0;1;0;1;0;0;0;1;0;0;1;0;0;1;0,496663829572;0,493946446581;0,878316304317;0,497068867493;0,634852984656;25,8360578565;0;0;0;0
0;0;0;0;1;0;0;0;0;1;0;0;0;0;0;0;0;0;0;1;0;1;0;1;1;0;1;0;0;0;1;0;0;1;1;1;1;0;0;0;0;0;1;0;0;0;0;0;0;0;0;0;0;1;0;0;1;0;0;1;1;1;0;1;1;0;1;0;0;0;1;1;0;0;0;0;0;0;0;1;1;0;1;0;1;0;0;0;0;1;0;0;0;0;0;0;1;0;0;1;1;0;0;0;0;0;0;0;0;0;1;0;0;0;0;1;1;0;0;1;1;0;1;0;0;1;1;1;0;1;0;0;0;0;1;0;0;1;0;1;0;0;0;1;0;0;1;0;0;1;0,496663829572;0,493946446581;0,878316304317;0,497068867493;0,634852984656;25,8360578565;0;0;0;0
0;0;0;0;1;0;0;0;0;1;0;0;0;0;0;0;0;0;0;1;0;1;0;1;1;0;1;0;0;0;1;0;0;1;1;1;1;0;0;0;0;0;1;0;0;0;0;0;0;0;0;0;0;1;0;0;1;0;0;1;1;1;0;1;1;0;1;0;0;0;1;1;0;0;0;0;0;0;0;1;1;0;1;0;1;0;0;0;0;1;0;0;0;0;0;0;1;0;0;1;1;0;0;0;0;0;0;0;0;0;1;0;0;0;0;1;1;0;0;1;1;0;1;0;0;1;1;1;0;1;0;0;0;0;1;0;0;1;0;1;0;0;0;1;0;0;1;0;0;1;0,496663829572;0,493946446581;0,878316304317;0,497068867493;0,634852984656;25,8360578565;0;0;0;0
0;0;0;0;1;0;0;0;0;1;0;0;0;0;0;0;0;0;0;1;0;1;0;1;1;0;1;0;0;0;1;0;0;1;1;1;1;0;0;0;0;0;1;0;0;0;0;0;0;0;0;0;0;1;0;0;1;0;0;1;1;1;0;1;1;0;1;0;0;0;1;1;0;0;0;0;0;0;0;1;1;0;1;0;1;0;0;0;0;1;0;0;0;0;0;0;1;0;0;1;1;0;0;0;0;0;0;0;0;0;1;0;0;0;0;1;1;0;0;1;1;0;1;0;0;1;1;1;0;1;0;0;0;0;1;0;0;1;0;1;0;0;0;1;0;0;1;0;0;1;0,496663829572;0,493946446581;0,878316304317;0,497068867493;0,634852984656;25,8360578565;0;0;0;0
