10;40;30;db;Cosine;1;4
4;0;2;4;4;4;4;4;4;4;4;0;2;0;0;4;4;4;0;4;0;0;0;0;4;4;4;0;4;4;0;0;4;0;2;0;0;4;3;0;4;4;0;4;4;0;0;2;0;4;4;4;0;4;0;0;4;4;0;4;4;0;0;4;0;4;4;4;0;4;4;4;0;4;4;4;0;4;4;4;4;0;4;4;4;4;0;4;4;4;0;4;4;1;4;4;4;0;4;0;4;4;4;4;4;4;4;4;0;1;4;0;0;0;4;4;4;4;4;0;3;4;4;0;0;0;4;4;0;0;4;0;4;4;2;3;0;4;0;2;4;4;4;4;4;4;0;4;0;0;0,532623142766;0,552795280064;0,658283604597;0,565775862768;0,608534118263;20,8088808283;0;0;0;0
0;1;0;0;0;0;0;0;0;0;0;1;0;1;1;0;0;0;1;0;1;1;1;1;0;0;0;1;0;0;1;1;0;1;0;1;1;0;0;0;0;0;1;0;0;1;1;0;1;0;0;0;1;0;1;1;0;0;1;0;0;0;1;0;1;0;0;0;1;0;0;0;1;0;0;0;1;0;0;0;0;1;0;0;0;0;1;0;0;0;1;0;0;0;0;0;0;1;0;1;0;0;0;0;0;0;0;0;1;0;0;1;1;1;0;0;0;0;0;1;0;0;0;1;1;1;0;0;1;1;0;1;0;0;0;0;1;0;1;0;0;0;0;0;0;0;0;0;1;1;0,519933072445;0,516663219761;0,91069690523;0,519644719873;0,661714418293;31,2615483337;0;0;0;0
0;1;0;0;0;0;0;0;0;0;0;1;0;1;1;0;0;0;1;0;1;1;1;1;0;0;0;1;0;0;1;1;0;1;0;1;1;0;0;0;0;0;1;0;0;1;1;0;1;0;0;0;1;0;1;1;0;0;1;0;0;0;1;0;1;0;0;0;1;0;0;0;1;0;0;0;1;0;0;0;0;1;0;0;0;0;1;0;0;0;1;0;0;0;0;0;0;1;0;1;0;0;0;0;0;0;0;0;1;0;0;1;1;1;0;0;0;0;0;1;0;0;0;1;1;1;0;0;1;1;0;1;0;0;0;0;1;0;1;0;0;0;0;0;0;0;0;0;1;1;0,519933072445;0,516663219761;0,91069690523;0,519644719873;0,661714418293;31,2615483337;0;0;0;0
0;1;0;0;0;0;0;0;0;0;0;1;0;1;1;0;0;0;1;0;1;1;1;1;0;0;0;1;0;0;1;1;0;1;0;1;1;0;0;0;0;0;1;0;0;1;1;0;1;0;0;0;1;0;1;1;0;0;1;0;0;0;1;0;1;0;0;0;1;0;0;0;1;0;0;0;1;0;0;0;0;1;0;0;0;0;1;0;0;0;1;0;0;0;0;0;0;1;0;1;0;0;0;0;0;0;0;0;1;0;0;1;1;1;0;0;0;0;0;1;0;0;0;1;1;1;0;0;1;1;0;1;0;0;0;0;1;0;1;0;0;0;0;0;0;0;0;0;1;1;0,519933072445;0,516663219761;0,91069690523;0,519644719873;0,661714418293;31,2615483337;0;0;0;0
0;1;0;0;0;0;0;0;0;0;0;1;0;1;1;0;0;0;1;0;1;1;1;1;0;0;0;1;0;0;1;1;0;1;0;1;1;0;0;0;0;0;1;0;0;1;1;0;1;0;0;0;1;0;1;1;0;0;1;0;0;0;1;0;1;0;0;0;1;0;0;0;1;0;0;0;1;0;0;0;0;1;0;0;0;0;1;0;0;0;1;0;0;0;0;0;0;1;0;1;0;0;0;0;0;0;0;0;1;0;0;1;1;1;0;0;0;0;0;1;0;0;0;1;1;1;0;0;1;1;0;1;0;0;0;0;1;0;1;0;0;0;0;0;0;0;0;0;1;1;0,519933072445;0,516663219761;0,91069690523;0,519644719873;0,661714418293;31,2615483337;0;0;0;0
0;1;0;0;0;0;0;0;0;0;0;1;0;1;1;0;0;0;1;0;1;1;1;1;0;0;0;1;0;0;1;1;0;1;0;1;1;0;0;0;0;0;1;0;0;1;1;0;1;0;0;0;1;0;1;1;0;0;1;0;0;0;1;0;1;0;0;0;1;0;0;0;1;0;0;0;1;0;0;0;0;1;0;0;0;0;1;0;0;0;1;0;0;0;0;0;0;1;0;1;0;0;0;0;0;0;0;0;1;0;0;1;1;1;0;0;0;0;0;1;0;0;0;1;1;1;0;0;1;1;0;1;0;0;0;0;1;0;1;0;0;0;0;0;0;0;0;0;1;1;0,519933072445;0,516663219761;0,91069690523;0,519644719873;0,661714418293;31,2615483337;0;0;0;0
0;1;0;0;0;0;0;0;0;0;0;1;0;1;1;0;0;0;1;0;1;1;1;1;0;0;0;1;0;0;1;1;0;1;0;1;1;0;0;0;0;0;1;0;0;1;1;0;1;0;0;0;1;0;1;1;0;0;1;0;0;0;1;0;1;0;0;0;1;0;0;0;1;0;0;0;1;0;0;0;0;1;0;0;0;0;1;0;0;0;1;0;0;0;0;0;0;1;0;1;0;0;0;0;0;0;0;0;1;0;0;1;1;1;0;0;0;0;0;1;0;0;0;1;1;1;0;0;1;1;0;1;0;0;0;0;1;0;1;0;0;0;0;0;0;0;0;0;1;1;0,519933072445;0,516663219761;0,91069690523;0,519644719873;0,661714418293;31,2615483337;0;0;0;0
1;0;1;1;1;1;1;1;1;1;1;0;1;0;0;1;1;1;0;1;0;0;0;0;1;1;1;0;1;1;0;0;1;0;1;0;0;1;1;0;1;1;0;1;1;0;0;1;0;1;1;1;0;1;0;0;1;1;0;1;1;0;0;1;0;1;1;1;0;1;1;1;0;1;1;1;0;1;1;1;1;0;1;1;1;1;0;1;1;1;0;1;1;1;1;1;1;0;1;0;1;1;1;1;1;1;1;1;0;1;1;0;0;0;1;1;1;1;1;0;1;1;1;0;0;0;1;1;0;0;1;0;1;1;1;1;0;1;0;1;1;1;1;1;1;1;0;1;0;0;0,558371443754;0,550981342634;0,949020443401;0,553749288743;0,699401091591;31,2615483337;0;0;0;0
0;1;0;0;0;0;0;0;0;0;0;1;0;1;1;0;0;0;1;0;1;1;1;1;0;0;0;1;0;0;1;1;0;1;0;1;1;0;0;0;0;0;1;0;0;1;1;0;1;0;0;0;1;0;1;1;0;0;1;0;0;0;1;0;1;0;0;0;1;0;0;0;1;0;0;0;1;0;0;0;0;1;0;0;0;0;1;0;0;0;1;0;0;0;0;0;0;1;0;1;0;0;0;0;0;0;0;0;1;0;0;1;1;1;0;0;0;0;0;1;0;0;0;1;1;1;0;0;1;1;0;1;0;0;0;0;1;0;1;0;0;0;0;0;0;0;0;0;1;1;0,519933072445;0,516663219761;0,91069690523;0,519644719873;0,661714418293;31,2615483337;0;0;0;0
1;0;1;1;1;1;1;1;1;1;1;0;1;0;0;1;1;1;0;1;0;0;0;1;1;1;1;0;1;1;0;0;1;0;1;0;0;1;1;0;1;1;0;1;1;0;0;1;0;1;1;1;0;1;0;0;1;1;0;1;1;0;0;1;0;1;1;1;0;1;1;1;0;1;1;1;0;1;1;1;1;0;1;1;1;1;0;1;1;1;0;1;1;1;1;1;1;0;1;0;1;1;1;1;1;1;1;1;0;1;1;0;0;0;1;1;1;1;1;0;1;1;1;0;0;0;1;1;0;0;1;0;1;1;1;1;0;1;0;1;1;1;1;1;1;1;0;1;0;0;0,534256231884;0,516908856218;0,897316647282;0,519887466518;0,658343669592;32,083795187;0;0;0;0
1;0;1;1;1;1;1;1;1;1;1;0;1;0;0;1;1;1;0;1;0;0;0;1;1;1;1;0;1;1;0;0;1;0;1;0;0;1;1;0;1;1;0;1;1;0;0;1;0;1;1;1;0;1;0;0;1;1;0;1;1;0;0;1;0;1;1;1;0;1;1;1;0;1;1;1;0;1;1;1;1;0;1;1;1;1;0;1;1;1;0;1;1;1;1;1;1;0;1;0;1;1;1;1;1;1;1;1;0;1;1;0;0;0;1;1;1;1;1;0;1;1;1;0;0;0;1;1;0;0;1;0;1;1;1;1;0;1;0;1;1;1;1;1;1;1;0;1;0;0;0,534256231884;0,516908856218;0,897316647282;0,519887466518;0,658343669592;32,083795187;0;0;0;0
1;0;1;1;1;1;1;1;1;1;1;0;1;0;0;1;1;1;0;1;0;0;0;1;1;1;1;0;1;1;0;0;1;0;1;0;0;1;1;0;1;1;0;1;1;0;0;1;0;1;1;1;0;1;0;0;1;1;0;1;1;0;0;1;0;1;1;1;0;1;1;1;0;1;1;1;0;1;1;1;1;0;1;1;1;1;0;1;1;1;0;1;1;1;1;1;1;0;1;0;1;1;1;1;1;1;1;1;0;1;1;0;0;0;1;1;1;1;1;0;1;1;1;0;0;0;1;1;0;0;1;0;1;1;1;1;0;1;0;1;1;1;1;1;1;1;0;1;0;0;0,534256231884;0,516908856218;0,897316647282;0,519887466518;0,658343669592;32,083795187;0;0;0;0
1;0;1;1;1;1;1;1;1;1;1;0;1;0;0;1;1;1;0;1;0;0;0;1;1;1;1;0;1;1;0;0;1;0;1;0;0;1;1;0;1;1;0;1;1;0;0;1;0;1;1;1;0;1;0;0;1;1;0;1;1;0;0;1;0;1;1;1;0;1;1;1;0;1;1;1;0;1;1;1;1;0;1;1;1;1;0;1;1;1;0;1;1;1;1;1;1;0;1;0;1;1;1;1;1;1;1;1;0;1;1;0;0;0;1;1;1;1;1;0;1;1;1;0;0;0;1;1;0;0;1;0;1;1;1;1;0;1;0;1;1;1;1;1;1;1;0;1;0;0;0,534256231884;0,516908856218;0,897316647282;0,519887466518;0,658343669592;32,083795187;0;0;0;0
1;0;1;1;1;1;1;1;1;1;1;0;1;0;0;1;1;1;0;1;0;0;0;1;1;1;1;0;1;1;0;0;1;0;1;0;0;1;1;0;1;1;0;1;1;0;0;1;0;1;1;1;0;1;0;0;1;1;0;1;1;0;0;1;0;1;1;1;0;1;1;1;0;1;1;1;0;1;1;1;1;0;1;1;1;1;0;1;1;1;0;1;1;1;1;1;1;0;1;0;1;1;1;1;1;1;1;1;0;1;1;0;0;0;1;1;1;1;1;0;1;1;1;0;0;0;1;1;0;0;1;0;1;1;1;1;0;1;0;1;1;1;1;1;1;1;0;1;0;0;0,534256231884;0,516908856218;0,897316647282;0,519887466518;0,658343669592;32,083795187;0;0;0;0
1;0;1;1;1;1;1;1;1;1;1;0;1;0;0;1;1;1;0;1;0;0;0;1;1;1;1;0;1;1;0;0;1;0;1;0;0;1;1;0;1;1;0;1;1;0;0;1;0;1;1;1;0;1;0;0;1;1;0;1;1;0;0;1;0;1;1;1;0;1;1;1;0;1;1;1;0;1;1;1;1;0;1;1;1;1;0;1;1;1;0;1;1;1;1;1;1;0;1;0;1;1;1;1;1;1;1;1;0;1;1;0;0;0;1;1;1;1;1;0;1;1;1;0;0;0;1;1;0;0;1;0;1;1;1;1;0;1;0;1;1;1;1;1;1;1;0;1;0;0;0,534256231884;0,516908856218;0,897316647282;0,519887466518;0,658343669592;32,083795187;0;0;0;0
1;0;1;1;1;1;1;1;1;1;1;0;1;0;0;1;1;1;0;1;0;0;0;1;1;1;1;0;1;1;0;0;1;0;1;0;0;1;1;0;1;1;0;1;1;0;0;1;0;1;1;1;0;1;0;0;1;1;0;1;1;0;0;1;0;1;1;1;0;1;1;1;0;1;1;1;0;1;1;1;1;0;1;1;1;1;0;1;1;1;0;1;1;1;1;1;1;0;1;0;1;1;1;1;1;1;1;1;0;1;1;0;0;0;1;1;1;1;1;0;1;1;1;0;0;0;1;1;0;0;1;0;1;1;1;1;0;1;0;1;1;1;1;1;1;1;0;1;0;0;0,534256231884;0,516908856218;0,897316647282;0,519887466518;0,658343669592;32,083795187;0;0;0;0
1;0;1;1;1;1;1;1;1;1;1;0;1;0;0;1;1;1;0;1;0;0;0;1;1;1;1;0;1;1;0;0;1;0;1;0;0;1;1;0;1;1;0;1;1;0;0;1;0;1;1;1;0;1;0;0;1;1;0;1;1;0;0;1;0;1;1;1;0;1;1;1;0;1;1;1;0;1;1;1;1;0;1;1;1;1;0;1;1;1;0;1;1;1;1;1;1;0;1;0;1;1;1;1;1;1;1;1;0;1;1;0;0;0;1;1;1;1;1;0;1;1;1;0;0;0;1;1;0;0;1;0;1;1;1;1;0;1;0;1;1;1;1;1;1;1;0;1;0;0;0,534256231884;0,516908856218;0,897316647282;0,519887466518;0,658343669592;32,083795187;0;0;0;0
1;0;1;1;1;1;1;1;1;1;1;0;1;0;0;1;1;1;0;1;0;0;0;1;1;1;1;0;1;1;0;0;1;0;1;0;0;1;1;0;1;1;0;1;1;0;0;1;0;1;1;1;0;1;0;0;1;1;0;1;1;0;0;1;0;1;1;1;0;1;1;1;0;1;1;1;0;1;1;1;1;0;1;1;1;1;0;1;1;1;0;1;1;1;1;1;1;0;1;0;1;1;1;1;1;1;1;1;0;1;1;0;0;0;1;1;1;1;1;0;1;1;1;0;0;0;1;1;0;0;1;0;1;1;1;1;0;1;0;1;1;1;1;1;1;1;0;1;0;0;0,534256231884;0,516908856218;0,897316647282;0,519887466518;0,658343669592;32,083795187;0;0;0;0
1;0;1;1;1;1;1;1;1;1;1;0;1;0;0;1;1;1;0;1;0;0;0;1;1;1;1;0;1;1;0;0;1;0;1;0;0;1;1;0;1;1;0;1;1;0;0;1;0;1;1;1;0;1;0;0;1;1;0;1;1;0;0;1;0;1;1;1;0;1;1;1;0;1;1;1;0;1;1;1;1;0;1;1;1;1;0;1;1;1;0;1;1;1;1;1;1;0;1;0;1;1;1;1;1;1;1;1;0;1;1;0;0;0;1;1;1;1;1;0;1;1;1;0;0;0;1;1;0;0;1;0;1;1;1;1;0;1;0;1;1;1;1;1;1;1;0;1;0;0;0,534256231884;0,516908856218;0,897316647282;0,519887466518;0,658343669592;32,083795187;0;0;0;0
1;0;1;1;1;1;1;1;1;1;1;0;1;0;0;1;1;1;0;1;0;0;0;1;1;1;1;0;1;1;0;0;1;0;1;0;0;1;1;0;1;1;0;1;1;0;0;1;0;1;1;1;0;1;0;0;1;1;0;1;1;0;0;1;0;1;1;1;0;1;1;1;0;1;1;1;0;1;1;1;1;0;1;1;1;1;0;1;1;1;0;1;1;1;1;1;1;0;1;0;1;1;1;1;1;1;1;1;0;1;1;0;0;0;1;1;1;1;1;0;1;1;1;0;0;0;1;1;0;0;1;0;1;1;1;1;0;1;0;1;1;1;1;1;1;1;0;1;0;0;0,534256231884;0,516908856218;0,897316647282;0,519887466518;0,658343669592;32,083795187;0;0;0;0
1;0;1;1;1;1;1;1;1;1;1;0;1;0;0;1;1;1;0;1;0;0;0;1;1;1;1;0;1;1;0;0;1;0;1;0;0;1;1;0;1;1;0;1;1;0;0;1;0;1;1;1;0;1;0;0;1;1;0;1;1;0;0;1;0;1;1;1;0;1;1;1;0;1;1;1;0;1;1;1;1;0;1;1;1;1;0;1;1;1;0;1;1;1;1;1;1;0;1;0;1;1;1;1;1;1;1;1;0;1;1;0;0;0;1;1;1;1;1;0;1;1;1;0;0;0;1;1;0;0;1;0;1;1;1;1;0;1;0;1;1;1;1;1;1;1;0;1;0;0;0,534256231884;0,516908856218;0,897316647282;0,519887466518;0,658343669592;32,083795187;0;0;0;0
1;0;1;1;1;1;1;1;1;1;1;0;1;0;0;1;1;1;0;1;0;0;0;1;1;1;1;0;1;1;0;0;1;0;1;0;0;1;1;0;1;1;0;1;1;0;0;1;0;1;1;1;0;1;0;0;1;1;0;1;1;0;0;1;0;1;1;1;0;1;1;1;0;1;1;1;0;1;1;1;1;0;1;1;1;1;0;1;1;1;0;1;1;1;1;1;1;0;1;0;1;1;1;1;1;1;1;1;0;1;1;0;0;0;1;1;1;1;1;0;1;1;1;0;0;0;1;1;0;0;1;0;1;1;1;1;0;1;0;1;1;1;1;1;1;1;0;1;0;0;0,534256231884;0,516908856218;0,897316647282;0,519887466518;0,658343669592;32,083795187;0;0;0;0
1;0;1;1;1;1;1;1;1;1;1;0;1;0;0;1;1;1;0;1;0;0;0;1;1;1;1;0;1;1;0;0;1;0;1;0;0;1;1;0;1;1;0;1;1;0;0;1;0;1;1;1;0;1;0;0;1;1;0;1;1;0;0;1;0;1;1;1;0;1;1;1;0;1;1;1;0;1;1;1;1;0;1;1;1;1;0;1;1;1;0;1;1;1;1;1;1;0;1;0;1;1;1;1;1;1;1;1;0;1;1;0;0;0;1;1;1;1;1;0;1;1;1;0;0;0;1;1;0;0;1;0;1;1;1;1;0;1;0;1;1;1;1;1;1;1;0;1;0;0;0,534256231884;0,516908856218;0,897316647282;0,519887466518;0,658343669592;32,083795187;0;0;0;0
1;0;1;1;1;1;1;1;1;1;1;0;1;0;0;1;1;1;0;1;0;0;0;1;1;1;1;0;1;1;0;0;1;0;1;0;0;1;1;0;1;1;0;1;1;0;0;1;0;1;1;1;0;1;0;0;1;1;0;1;1;0;0;1;0;1;1;1;0;1;1;1;0;1;1;1;0;1;1;1;1;0;1;1;1;1;0;1;1;1;0;1;1;1;1;1;1;0;1;0;1;1;1;1;1;1;1;1;0;1;1;0;0;0;1;1;1;1;1;0;1;1;1;0;0;0;1;1;0;0;1;0;1;1;1;1;0;1;0;1;1;1;1;1;1;1;0;1;0;0;0,534256231884;0,516908856218;0,897316647282;0,519887466518;0,658343669592;32,083795187;0;0;0;0
1;0;1;1;1;1;1;1;1;1;1;0;1;0;0;1;1;1;0;1;0;0;0;1;1;1;1;0;1;1;0;0;1;0;1;0;0;1;1;0;1;1;0;1;1;0;0;1;0;1;1;1;0;1;0;0;1;1;0;1;1;0;0;1;0;1;1;1;0;1;1;1;0;1;1;1;0;1;1;1;1;0;1;1;1;1;0;1;1;1;0;1;1;1;1;1;1;0;1;0;1;1;1;1;1;1;1;1;0;1;1;0;0;0;1;1;1;1;1;0;1;1;1;0;0;0;1;1;0;0;1;0;1;1;1;1;0;1;0;1;1;1;1;1;1;1;0;1;0;0;0,534256231884;0,516908856218;0,897316647282;0,519887466518;0,658343669592;32,083795187;0;0;0;0
1;0;1;1;1;1;1;1;1;1;1;0;1;0;0;1;1;1;0;1;0;0;0;1;1;1;1;0;1;1;0;0;1;0;1;0;0;1;1;0;1;1;0;1;1;0;0;1;0;1;1;1;0;1;0;0;1;1;0;1;1;0;0;1;0;1;1;1;0;1;1;1;0;1;1;1;0;1;1;1;1;0;1;1;1;1;0;1;1;1;0;1;1;1;1;1;1;0;1;0;1;1;1;1;1;1;1;1;0;1;1;0;0;0;1;1;1;1;1;0;1;1;1;0;0;0;1;1;0;0;1;0;1;1;1;1;0;1;0;1;1;1;1;1;1;1;0;1;0;0;0,534256231884;0,516908856218;0,897316647282;0,519887466518;0,658343669592;32,083795187;0;0;0;0
1;0;1;1;1;1;1;1;1;1;1;0;1;0;0;1;1;1;0;1;0;0;0;1;1;1;1;0;1;1;0;0;1;0;1;0;0;1;1;0;1;1;0;1;1;0;0;1;0;1;1;1;0;1;0;0;1;1;0;1;1;0;0;1;0;1;1;1;0;1;1;1;0;1;1;1;0;1;1;1;1;0;1;1;1;1;0;1;1;1;0;1;1;1;1;1;1;0;1;0;1;1;1;1;1;1;1;1;0;1;1;0;0;0;1;1;1;1;1;0;1;1;1;0;0;0;1;1;0;0;1;0;1;1;1;1;0;1;0;1;1;1;1;1;1;1;0;1;0;0;0,534256231884;0,516908856218;0,897316647282;0,519887466518;0,658343669592;32,083795187;0;0;0;0
1;0;1;1;1;1;1;1;1;1;1;0;1;0;0;1;1;1;0;1;0;0;0;1;1;1;1;0;1;1;0;0;1;0;1;0;0;1;1;0;1;1;0;1;1;0;0;1;0;1;1;1;0;1;0;0;1;1;0;1;1;0;0;1;0;1;1;1;0;1;1;1;0;1;1;1;0;1;1;1;1;0;1;1;1;1;0;1;1;1;0;1;1;1;1;1;1;0;1;0;1;1;1;1;1;1;1;1;0;1;1;0;0;0;1;1;1;1;1;0;1;1;1;0;0;0;1;1;0;0;1;0;1;1;1;1;0;1;0;1;1;1;1;1;1;1;0;1;0;0;0,534256231884;0,516908856218;0,897316647282;0,519887466518;0,658343669592;32,083795187;0;0;0;0
1;0;1;1;1;1;1;1;1;1;1;0;1;0;0;1;1;1;0;1;0;0;0;1;1;1;1;0;1;1;0;0;1;0;1;0;0;1;1;0;1;1;0;1;1;0;0;1;0;1;1;1;0;1;0;0;1;1;0;1;1;0;0;1;0;1;1;1;0;1;1;1;0;1;1;1;0;1;1;1;1;0;1;1;1;1;0;1;1;1;0;1;1;1;1;1;1;0;1;0;1;1;1;1;1;1;1;1;0;1;1;0;0;0;1;1;1;1;1;0;1;1;1;0;0;0;1;1;0;0;1;0;1;1;1;1;0;1;0;1;1;1;1;1;1;1;0;1;0;0;0,534256231884;0,516908856218;0,897316647282;0,519887466518;0,658343669592;32,083795187;0;0;0;0
1;0;1;1;1;1;1;1;1;1;1;0;1;0;0;1;1;1;0;1;0;0;0;1;1;1;1;0;1;1;0;0;1;0;1;0;0;1;1;0;1;1;0;1;1;0;0;1;0;1;1;1;0;1;0;0;1;1;0;1;1;0;0;1;0;1;1;1;0;1;1;1;0;1;1;1;0;1;1;1;1;0;1;1;1;1;0;1;1;1;0;1;1;1;1;1;1;0;1;0;1;1;1;1;1;1;1;1;0;1;1;0;0;0;1;1;1;1;1;0;1;1;1;0;0;0;1;1;0;0;1;0;1;1;1;1;0;1;0;1;1;1;1;1;1;1;0;1;0;0;0,534256231884;0,516908856218;0,897316647282;0,519887466518;0,658343669592;32,083795187;0;0;0;0
