10;40;30;db;Minkowski_2;2;1
2;3;2;2;2;3;2;3;3;2;3;2;2;3;2;3;2;2;1;3;2;2;2;2;2;2;2;2;1;2;2;2;2;3;2;3;1;2;2;2;2;2;2;3;1;3;3;3;1;3;3;3;2;3;2;3;2;2;1;1;3;3;2;2;1;2;2;0;2;2;2;2;1;2;1;1;3;1;2;2;3;3;1;2;3;3;2;2;3;2;2;2;0;2;2;2;3;2;2;2;3;3;2;2;2;2;2;1;2;2;0;0;2;1;1;3;2;2;3;3;2;3;3;3;3;2;2;2;3;3;2;2;2;2;1;3;3;2;3;1;2;0;3;2;3;3;3;2;3;2;0,500425419495;0,554436975754;0,580192724418;0,56333004423;0,571637053619;1,92803062952;0;0;0;0
0;1;0;0;0;1;0;1;1;0;1;2;0;1;0;1;2;2;0;1;0;0;0;0;2;0;0;0;0;2;0;0;0;1;2;1;0;0;0;0;0;0;0;2;0;1;1;1;0;1;1;1;0;1;2;1;0;0;0;0;1;1;0;2;0;0;0;0;0;2;0;0;0;2;0;0;2;0;0;2;1;1;0;0;1;1;0;0;1;0;0;0;0;2;0;0;1;2;2;0;1;1;0;2;0;0;2;0;2;2;0;0;2;0;0;1;0;0;1;1;2;1;1;1;1;0;2;0;1;1;0;2;2;2;0;1;1;0;1;0;0;0;1;2;1;1;1;0;1;0;0,521297744562;0,555590744897;0,610400322616;0,561109371481;0,58471789538;2,12911056349;0;0;0;0
0;1;0;0;0;1;0;1;1;0;1;1;0;1;0;1;0;0;0;1;0;0;0;0;1;0;0;0;0;1;0;0;0;1;0;1;0;0;0;0;0;0;0;1;0;1;1;1;0;1;1;1;0;1;0;1;0;0;0;0;1;1;0;1;0;0;0;0;0;1;0;0;0;1;0;0;1;0;0;0;1;1;0;0;1;1;0;0;1;0;0;0;0;0;0;0;1;1;1;0;1;1;0;1;0;0;0;0;1;1;0;0;0;0;0;1;0;0;1;1;1;1;1;1;1;0;1;0;1;1;0;1;1;1;0;1;1;0;1;0;0;0;1;1;1;1;1;0;1;0;0,405991424433;0,35106392643;0,571654792691;0,355057204146;0,438043649208;2,43253614568;0;0;0;0
0;1;0;0;0;1;0;1;1;0;1;2;0;1;0;1;2;2;0;1;0;0;0;2;2;0;0;0;0;2;0;0;0;1;2;1;0;0;0;2;0;0;0;1;0;1;1;1;0;1;1;1;0;1;2;1;0;0;0;0;1;1;0;2;0;0;0;0;0;2;0;0;0;2;0;0;1;0;0;2;1;1;0;0;1;1;0;0;1;0;0;0;0;2;0;0;1;2;2;0;1;1;0;2;0;0;2;0;2;2;0;0;2;0;0;1;0;0;1;1;2;1;1;1;1;0;2;0;1;1;0;2;2;2;0;1;1;0;1;0;0;0;1;1;1;1;1;0;1;0;0,578852401738;0,62630541482;0,684354112913;0,630946760347;0,656566142775;2,4391278582;0;0;0;0
0;1;0;0;0;1;0;1;1;0;1;2;0;1;0;1;2;2;0;1;0;0;0;2;2;0;0;0;0;2;0;0;0;1;2;1;0;0;0;2;0;0;0;1;0;1;1;1;0;1;1;1;0;1;2;1;0;0;0;0;1;1;0;2;0;0;0;0;0;2;0;0;0;2;0;0;1;0;0;2;1;1;0;0;1;1;0;0;1;0;0;0;0;2;0;0;1;2;2;0;1;1;0;2;0;0;2;0;2;2;0;0;2;0;0;1;0;0;1;1;2;1;1;1;1;0;2;0;1;1;0;2;2;2;0;1;1;0;1;0;0;0;1;1;1;1;1;0;1;0;0,578852401738;0,62630541482;0,684354112913;0,630946760347;0,656566142775;2,4391278582;0;0;0;0
0;1;0;0;0;1;0;1;1;0;1;1;0;1;0;1;0;1;0;1;0;0;0;0;0;0;0;0;0;1;0;0;0;1;0;1;0;0;0;0;0;0;0;1;0;1;1;1;0;1;1;1;0;1;0;1;0;0;0;0;1;1;0;0;0;0;0;0;0;1;0;0;0;0;0;0;1;0;0;1;1;1;0;0;1;1;0;0;1;0;0;0;0;1;0;0;1;1;1;0;1;1;0;1;0;0;0;0;1;0;0;0;0;0;0;1;0;0;1;1;1;1;1;1;1;0;1;0;1;1;0;0;0;1;0;1;1;0;1;0;0;0;1;1;1;1;1;0;1;0;0,428369027183;0,386371520209;0,634410617991;0,390148547178;0,483162689551;2,58104963366;0;0;0;0
0;1;0;0;0;1;0;1;1;0;1;1;0;1;0;1;0;1;0;1;0;0;0;0;0;0;0;0;0;1;0;0;0;1;0;1;0;0;0;0;0;0;0;1;0;1;1;1;0;1;1;1;0;1;0;1;0;0;0;0;1;1;0;0;0;0;0;0;0;1;0;0;0;0;0;0;1;0;0;1;1;1;0;0;1;1;0;0;1;0;0;0;0;1;0;0;1;1;1;0;1;1;0;1;0;0;0;0;1;0;0;0;0;0;0;1;0;0;1;1;1;1;1;1;1;0;1;0;1;1;0;0;0;1;0;1;1;0;1;0;0;0;1;1;1;1;1;0;1;0;0,428369027183;0,386371520209;0,634410617991;0,390148547178;0,483162689551;2,58104963366;0;0;0;0
0;1;0;0;0;1;0;1;1;0;1;1;0;1;0;1;0;1;0;1;0;0;0;0;0;0;0;0;0;1;0;0;0;1;0;1;0;0;0;0;0;0;0;1;0;1;1;1;0;1;1;1;0;1;0;1;0;0;0;0;1;1;0;0;0;0;0;0;0;1;0;0;0;0;0;0;1;0;0;1;1;1;0;0;1;1;0;0;1;0;0;0;0;1;0;0;1;1;1;0;1;1;0;1;0;0;0;0;1;0;0;0;0;0;0;1;0;0;1;1;1;1;1;1;1;0;1;0;1;1;0;0;0;1;0;1;1;0;1;0;0;0;1;1;1;1;1;0;1;0;0,428369027183;0,386371520209;0,634410617991;0,390148547178;0,483162689551;2,58104963366;0;0;0;0
0;1;0;0;0;1;0;1;1;0;1;1;0;1;0;1;0;1;0;1;0;0;0;0;0;0;0;0;0;1;0;0;0;1;0;1;0;0;0;0;0;0;0;1;0;1;1;1;0;1;1;1;0;1;0;1;0;0;0;0;1;1;0;0;0;0;0;0;0;1;0;0;0;0;0;0;1;0;0;1;1;1;0;0;1;1;0;0;1;0;0;0;0;1;0;0;1;1;1;0;1;1;0;1;0;0;0;0;1;0;0;0;0;0;0;1;0;0;1;1;1;1;1;1;1;0;1;0;1;1;0;0;0;1;0;1;1;0;1;0;0;0;1;1;1;1;1;0;1;0;0,428369027183;0,386371520209;0,634410617991;0,390148547178;0,483162689551;2,58104963366;0;0;0;0
0;1;0;0;0;1;0;1;1;0;1;1;0;1;0;1;0;0;0;1;0;0;0;0;0;0;0;0;0;1;0;0;0;1;0;1;0;0;0;0;0;0;0;1;0;1;1;1;0;1;1;1;0;1;0;1;0;0;0;0;1;1;0;0;0;0;0;0;0;1;0;0;0;0;0;0;1;0;0;0;1;1;0;0;1;1;0;0;1;0;0;0;0;0;0;0;1;0;1;0;1;1;0;1;0;0;0;0;0;0;0;0;0;0;0;1;0;0;1;1;0;1;1;1;1;0;1;0;1;1;0;0;0;1;0;1;1;0;1;0;0;0;1;1;1;1;1;0;1;0;0,462670309333;0,420775083893;0,709401269951;0,424343105728;0,53103599816;2,8674588182;0;0;0;0
0;1;0;0;0;1;0;1;1;0;1;0;0;1;0;1;0;0;0;1;0;0;0;0;0;0;0;0;0;0;0;0;0;1;0;1;0;0;0;0;0;0;0;1;0;1;1;1;0;1;1;1;0;1;0;1;0;0;0;0;1;1;0;0;0;0;0;0;0;1;0;0;0;0;0;0;1;0;0;0;1;1;0;0;1;1;0;0;1;0;0;0;0;0;0;0;1;0;1;0;1;1;0;0;0;0;0;0;0;0;0;0;0;0;0;1;0;0;1;1;0;1;1;1;1;0;0;0;1;1;0;0;0;0;0;1;1;0;1;0;0;0;1;1;1;1;1;0;1;0;0,501778550725;0,474225479646;0,824100121045;0,477467263519;0,604626136653;3,1606026353;0;0;0;0
0;1;0;0;0;1;0;1;1;0;1;0;0;1;0;1;0;0;0;1;0;0;0;0;0;0;0;0;0;0;0;0;0;1;0;1;0;0;0;0;0;0;0;1;0;1;1;1;0;1;1;1;0;1;0;1;0;0;0;0;1;1;0;0;0;0;0;0;0;1;0;0;0;0;0;0;1;0;0;0;1;1;0;0;1;1;0;0;1;0;0;0;0;0;0;0;1;0;1;0;1;1;0;0;0;0;0;0;0;0;0;0;0;0;0;1;0;0;1;1;0;1;1;1;1;0;0;0;1;1;0;0;0;0;0;1;1;0;1;0;0;0;1;1;1;1;1;0;1;0;0,501778550725;0,474225479646;0,824100121045;0,477467263519;0,604626136653;3,1606026353;0;0;0;0
0;1;0;0;0;1;0;1;1;0;1;0;0;1;0;1;0;0;0;1;0;0;0;0;0;0;0;0;0;0;0;0;0;1;0;1;0;0;0;0;0;0;0;1;0;1;1;1;0;1;1;1;0;1;0;1;0;0;0;0;1;1;0;0;0;0;0;0;0;0;0;0;0;0;0;0;1;0;0;0;1;1;0;0;1;1;0;0;1;0;0;0;0;0;0;0;1;0;0;0;1;1;0;0;0;0;0;0;0;0;0;0;0;0;0;1;0;0;1;1;0;1;1;1;1;0;0;0;1;1;0;0;0;0;0;1;1;0;1;0;0;0;1;1;1;1;1;0;1;0;0,519933072445;0,516663219761;0,91069690523;0,519644719873;0,661714418293;3,42380537115;0;0;0;0
0;1;0;0;0;1;0;1;1;0;1;0;0;1;0;1;0;0;0;1;0;0;0;0;0;0;0;0;0;0;0;0;0;1;0;1;0;0;0;0;0;0;0;1;0;1;1;1;0;1;1;1;0;1;0;1;0;0;0;0;1;1;0;0;0;0;0;0;0;0;0;0;0;0;0;0;1;0;0;0;1;1;0;0;1;1;0;0;1;0;0;0;0;0;0;0;1;0;0;0;1;1;0;0;0;0;0;0;0;0;0;0;0;0;0;1;0;0;1;1;0;1;1;1;1;0;0;0;1;1;0;0;0;0;0;1;1;0;1;0;0;0;1;1;1;1;1;0;1;0;0,519933072445;0,516663219761;0,91069690523;0,519644719873;0,661714418293;3,42380537115;0;0;0;0
0;1;0;0;0;1;0;1;1;0;1;0;0;1;0;1;0;0;0;1;0;0;0;0;0;0;0;0;0;0;0;0;0;1;0;1;0;0;0;0;0;0;0;1;0;1;1;1;0;1;1;1;0;1;0;1;0;0;0;0;1;1;0;0;0;0;0;0;0;0;0;0;0;0;0;0;1;0;0;0;1;1;0;0;1;1;0;0;1;0;0;0;0;0;0;0;1;0;0;0;1;1;0;0;0;0;0;0;0;0;0;0;0;0;0;1;0;0;1;1;0;1;1;1;1;0;0;0;1;1;0;0;0;0;0;1;1;0;1;0;0;0;1;1;1;1;1;0;1;0;0,519933072445;0,516663219761;0,91069690523;0,519644719873;0,661714418293;3,42380537115;0;0;0;0
0;1;0;0;0;1;0;1;1;0;1;0;0;1;0;1;0;0;0;1;0;0;0;0;0;0;0;0;0;0;0;0;0;1;0;1;0;0;0;0;0;0;0;1;0;1;1;1;0;1;1;1;0;1;0;1;0;0;0;0;1;1;0;0;0;0;0;0;0;0;0;0;0;0;0;0;1;0;0;0;1;1;0;0;1;1;0;0;1;0;0;0;0;0;0;0;1;0;0;0;1;1;0;0;0;0;0;0;0;0;0;0;0;0;0;1;0;0;1;1;0;1;1;1;1;0;0;0;1;1;0;0;0;0;0;1;1;0;1;0;0;0;1;1;1;1;1;0;1;0;0,519933072445;0,516663219761;0,91069690523;0,519644719873;0,661714418293;3,42380537115;0;0;0;0
0;1;0;0;0;1;0;1;1;0;1;0;0;1;0;1;0;0;0;1;0;0;0;0;0;0;0;0;0;0;0;0;0;1;0;1;0;0;0;0;0;0;0;1;0;1;1;1;0;1;1;1;0;1;0;1;0;0;0;0;1;1;0;0;0;0;0;0;0;0;0;0;0;0;0;0;1;0;0;0;1;1;0;0;1;1;0;0;1;0;0;0;0;0;0;0;1;0;0;0;1;1;0;0;0;0;0;0;0;0;0;0;0;0;0;1;0;0;1;1;0;1;1;1;1;0;0;0;1;1;0;0;0;0;0;1;1;0;1;0;0;0;1;1;1;1;1;0;1;0;0,519933072445;0,516663219761;0,91069690523;0,519644719873;0,661714418293;3,42380537115;0;0;0;0
0;1;0;0;0;1;0;1;1;0;1;0;0;1;0;1;0;0;0;1;0;0;0;0;0;0;0;0;0;0;0;0;0;1;0;1;0;0;0;0;0;0;0;1;0;1;1;1;0;1;1;1;0;1;0;1;0;0;0;0;1;1;0;0;0;0;0;0;0;0;0;0;0;0;0;0;1;0;0;0;1;1;0;0;1;1;0;0;1;0;0;0;0;0;0;0;1;0;0;0;1;1;0;0;0;0;0;0;0;0;0;0;0;0;0;1;0;0;1;1;0;1;1;1;1;0;0;0;1;1;0;0;0;0;0;1;1;0;1;0;0;0;1;1;1;1;1;0;1;0;0,519933072445;0,516663219761;0,91069690523;0,519644719873;0,661714418293;3,42380537115;0;0;0;0
0;1;0;0;0;1;0;1;1;0;1;0;0;1;0;1;0;0;0;1;0;0;0;0;0;0;0;0;0;0;0;0;0;1;0;1;0;0;0;0;0;0;0;1;0;1;1;1;0;1;1;1;0;1;0;1;0;0;0;0;1;1;0;0;0;0;0;0;0;0;0;0;0;0;0;0;1;0;0;0;1;1;0;0;1;1;0;0;1;0;0;0;0;0;0;0;1;0;0;0;1;1;0;0;0;0;0;0;0;0;0;0;0;0;0;1;0;0;1;1;0;1;1;1;1;0;0;0;1;1;0;0;0;0;0;1;1;0;1;0;0;0;1;1;1;1;1;0;1;0;0,519933072445;0,516663219761;0,91069690523;0,519644719873;0,661714418293;3,42380537115;0;0;0;0
0;1;0;0;0;1;0;1;1;0;1;0;0;1;0;1;0;0;0;1;0;0;0;0;0;0;0;0;0;0;0;0;0;1;0;1;0;0;0;0;0;0;0;1;0;1;1;1;0;1;1;1;0;1;0;1;0;0;0;0;1;1;0;0;0;0;0;0;0;0;0;0;0;0;0;0;1;0;0;0;1;1;0;0;1;1;0;0;1;0;0;0;0;0;0;0;1;0;0;0;1;1;0;0;0;0;0;0;0;0;0;0;0;0;0;1;0;0;1;1;0;1;1;1;1;0;0;0;1;1;0;0;0;0;0;1;1;0;1;0;0;0;1;1;1;1;1;0;1;0;0,519933072445;0,516663219761;0,91069690523;0,519644719873;0,661714418293;3,42380537115;0;0;0;0
0;1;0;0;0;1;0;1;1;0;1;0;0;1;0;1;0;0;0;1;0;0;0;0;0;0;0;0;0;0;0;0;0;1;0;1;0;0;0;0;0;0;0;1;0;1;1;1;0;1;1;1;0;1;0;1;0;0;0;0;1;1;0;0;0;0;0;0;0;0;0;0;0;0;0;0;1;0;0;0;1;1;0;0;1;1;0;0;1;0;0;0;0;0;0;0;1;0;0;0;1;1;0;0;0;0;0;0;0;0;0;0;0;0;0;1;0;0;1;1;0;1;1;1;1;0;0;0;1;1;0;0;0;0;0;1;1;0;1;0;0;0;1;1;1;1;1;0;1;0;0,519933072445;0,516663219761;0,91069690523;0,519644719873;0,661714418293;3,42380537115;0;0;0;0
0;1;0;0;0;1;0;1;1;0;1;0;0;1;0;1;0;0;0;1;0;0;0;0;0;0;0;0;0;0;0;0;0;1;0;1;0;0;0;0;0;0;0;1;0;1;1;1;0;1;1;1;0;1;0;1;0;0;0;0;1;1;0;0;0;0;0;0;0;0;0;0;0;0;0;0;1;0;0;0;1;1;0;0;1;1;0;0;1;0;0;0;0;0;0;0;1;0;0;0;1;1;0;0;0;0;0;0;0;0;0;0;0;0;0;1;0;0;1;1;0;1;1;1;1;0;0;0;1;1;0;0;0;0;0;1;1;0;1;0;0;0;1;1;1;1;1;0;1;0;0,519933072445;0,516663219761;0,91069690523;0,519644719873;0,661714418293;3,42380537115;0;0;0;0
0;1;0;0;0;1;0;1;1;0;1;0;0;1;0;1;0;0;0;1;0;0;0;0;0;0;0;0;0;0;0;0;0;1;0;1;0;0;0;0;0;0;0;1;0;1;1;1;0;1;1;1;0;1;0;1;0;0;0;0;1;1;0;0;0;0;0;0;0;0;0;0;0;0;0;0;1;0;0;0;1;1;0;0;1;1;0;0;1;0;0;0;0;0;0;0;1;0;0;0;1;1;0;0;0;0;0;0;0;0;0;0;0;0;0;1;0;0;1;1;0;1;1;1;1;0;0;0;1;1;0;0;0;0;0;1;1;0;1;0;0;0;1;1;1;1;1;0;1;0;0,519933072445;0,516663219761;0,91069690523;0,519644719873;0,661714418293;3,42380537115;0;0;0;0
0;1;0;0;0;1;0;1;1;0;1;0;0;1;0;1;0;0;0;1;0;0;0;0;0;0;0;0;0;0;0;0;0;1;0;1;0;0;0;0;0;0;0;1;0;1;1;1;0;1;1;1;0;1;0;1;0;0;0;0;1;1;0;0;0;0;0;0;0;0;0;0;0;0;0;0;1;0;0;0;1;1;0;0;1;1;0;0;1;0;0;0;0;0;0;0;1;0;0;0;1;1;0;0;0;0;0;0;0;0;0;0;0;0;0;1;0;0;1;1;0;1;1;1;1;0;0;0;1;1;0;0;0;0;0;1;1;0;1;0;0;0;1;1;1;1;1;0;1;0;0,519933072445;0,516663219761;0,91069690523;0,519644719873;0,661714418293;3,42380537115;0;0;0;0
0;1;0;0;0;1;0;1;1;0;1;0;0;1;0;1;0;0;0;1;0;0;0;0;0;0;0;0;0;0;0;0;0;1;0;1;0;0;0;0;0;0;0;1;0;1;1;1;0;1;1;1;0;1;0;1;0;0;0;0;1;1;0;0;0;0;0;0;0;0;0;0;0;0;0;0;1;0;0;0;1;1;0;0;1;1;0;0;1;0;0;0;0;0;0;0;1;0;0;0;1;1;0;0;0;0;0;0;0;0;0;0;0;0;0;1;0;0;1;1;0;1;1;1;1;0;0;0;1;1;0;0;0;0;0;1;1;0;1;0;0;0;1;1;1;1;1;0;1;0;0,519933072445;0,516663219761;0,91069690523;0,519644719873;0,661714418293;3,42380537115;0;0;0;0
0;1;0;0;0;1;0;1;1;0;1;0;0;1;0;1;0;0;0;1;0;0;0;0;0;0;0;0;0;0;0;0;0;1;0;1;0;0;0;0;0;0;0;1;0;1;1;1;0;1;1;1;0;1;0;1;0;0;0;0;1;1;0;0;0;0;0;0;0;0;0;0;0;0;0;0;1;0;0;0;1;1;0;0;1;1;0;0;1;0;0;0;0;0;0;0;1;0;0;0;1;1;0;0;0;0;0;0;0;0;0;0;0;0;0;1;0;0;1;1;0;1;1;1;1;0;0;0;1;1;0;0;0;0;0;1;1;0;1;0;0;0;1;1;1;1;1;0;1;0;0,519933072445;0,516663219761;0,91069690523;0,519644719873;0,661714418293;3,42380537115;0;0;0;0
0;1;0;0;0;1;0;1;1;0;1;0;0;1;0;1;0;0;0;1;0;0;0;0;0;0;0;0;0;0;0;0;0;1;0;1;0;0;0;0;0;0;0;1;0;1;1;1;0;1;1;1;0;1;0;1;0;0;0;0;1;1;0;0;0;0;0;0;0;0;0;0;0;0;0;0;1;0;0;0;1;1;0;0;1;1;0;0;1;0;0;0;0;0;0;0;1;0;0;0;1;1;0;0;0;0;0;0;0;0;0;0;0;0;0;1;0;0;1;1;0;1;1;1;1;0;0;0;1;1;0;0;0;0;0;1;1;0;1;0;0;0;1;1;1;1;1;0;1;0;0,519933072445;0,516663219761;0,91069690523;0,519644719873;0,661714418293;3,42380537115;0;0;0;0
0;1;0;0;0;1;0;1;1;0;1;0;0;1;0;1;0;0;0;1;0;0;0;0;0;0;0;0;0;0;0;0;0;1;0;1;0;0;0;0;0;0;0;1;0;1;1;1;0;1;1;1;0;1;0;1;0;0;0;0;1;1;0;0;0;0;0;0;0;0;0;0;0;0;0;0;1;0;0;0;1;1;0;0;1;1;0;0;1;0;0;0;0;0;0;0;1;0;0;0;1;1;0;0;0;0;0;0;0;0;0;0;0;0;0;1;0;0;1;1;0;1;1;1;1;0;0;0;1;1;0;0;0;0;0;1;1;0;1;0;0;0;1;1;1;1;1;0;1;0;0,519933072445;0,516663219761;0,91069690523;0,519644719873;0,661714418293;3,42380537115;0;0;0;0
0;1;0;0;0;1;0;1;1;0;1;0;0;1;0;1;0;0;0;1;0;0;0;0;0;0;0;0;0;0;0;0;0;1;0;1;0;0;0;0;0;0;0;1;0;1;1;1;0;1;1;1;0;1;0;1;0;0;0;0;1;1;0;0;0;0;0;0;0;0;0;0;0;0;0;0;1;0;0;0;1;1;0;0;1;1;0;0;1;0;0;0;0;0;0;0;1;0;0;0;1;1;0;0;0;0;0;0;0;0;0;0;0;0;0;1;0;0;1;1;0;1;1;1;1;0;0;0;1;1;0;0;0;0;0;1;1;0;1;0;0;0;1;1;1;1;1;0;1;0;0,519933072445;0,516663219761;0,91069690523;0,519644719873;0,661714418293;3,42380537115;0;0;0;0
0;1;0;0;0;1;0;1;1;0;1;0;0;1;0;1;0;0;0;1;0;0;0;0;0;0;0;0;0;0;0;0;0;1;0;1;0;0;0;0;0;0;0;1;0;1;1;1;0;1;1;1;0;1;0;1;0;0;0;0;1;1;0;0;0;0;0;0;0;0;0;0;0;0;0;0;1;0;0;0;1;1;0;0;1;1;0;0;1;0;0;0;0;0;0;0;1;0;0;0;1;1;0;0;0;0;0;0;0;0;0;0;0;0;0;1;0;0;1;1;0;1;1;1;1;0;0;0;1;1;0;0;0;0;0;1;1;0;1;0;0;0;1;1;1;1;1;0;1;0;0,519933072445;0,516663219761;0,91069690523;0,519644719873;0,661714418293;3,42380537115;0;0;0;0
