10;40;30;db;Minkowski_2;2;4
0;0;3;0;0;2;3;0;0;0;3;0;2;3;2;0;2;3;0;4;2;3;4;0;2;2;2;0;2;4;0;0;4;1;0;4;4;0;0;3;2;0;0;0;2;0;1;4;2;2;0;0;2;2;0;3;3;0;3;2;0;4;2;2;0;0;0;3;3;2;3;0;0;4;3;0;3;0;0;3;0;3;0;0;4;3;4;0;0;3;3;0;0;3;0;2;3;0;2;0;2;0;4;4;0;4;2;4;2;0;2;0;0;4;0;3;3;3;0;0;0;3;0;3;0;2;3;0;0;3;0;4;3;0;2;0;2;0;0;0;0;0;2;0;3;0;4;3;0;3;0,440453199971;0,493561248224;0,504738866652;0,607123880313;0,551217351428;0,903769778531;0;0;0;0
0;0;0;0;0;1;0;0;0;0;0;0;1;0;1;0;1;0;0;1;1;0;1;0;1;1;1;0;1;1;0;0;1;0;0;1;1;0;0;1;1;0;0;0;1;0;0;1;1;1;0;0;1;1;0;0;1;0;0;1;0;1;1;1;0;0;0;0;0;1;0;0;0;1;0;0;0;0;0;1;0;0;0;0;1;0;1;0;0;0;0;0;0;0;0;1;0;0;1;0;1;0;1;1;0;1;1;1;1;0;1;0;0;1;0;0;0;0;0;0;0;0;0;0;0;1;0;0;0;0;0;1;0;0;1;0;1;0;0;0;0;0;1;0;0;0;1;0;0;1;0,493227333457;0,460347621214;0,794649082689;0,463674273193;0,585633786637;1,28924763442;0;0;0;0
0;0;0;0;0;1;0;0;0;0;0;0;1;0;1;0;1;0;0;1;1;0;1;0;1;1;1;0;1;1;0;0;1;0;0;1;1;0;0;0;1;0;0;0;1;0;0;1;1;1;0;0;1;1;0;0;0;0;0;1;0;1;1;1;0;0;0;0;0;1;0;0;0;1;0;0;0;0;0;0;0;0;0;0;1;0;1;0;0;0;0;0;0;0;0;1;0;0;1;0;1;0;1;1;0;1;1;1;1;0;1;0;0;1;0;0;0;0;0;0;0;0;0;0;0;1;0;0;0;0;0;1;0;0;1;0;1;0;0;0;0;0;1;0;0;0;1;0;0;1;0,519933072445;0,516663219761;0,91069690523;0,519644719873;0,661714418293;1,39203174295;0;0;0;0
0;0;0;0;0;1;0;0;0;0;0;0;1;0;1;0;1;0;0;1;1;0;1;0;1;1;1;0;1;1;0;0;1;0;0;1;1;0;0;0;1;0;0;0;1;0;0;1;1;1;0;0;1;1;0;0;0;0;0;1;0;1;1;1;0;0;0;0;0;1;0;0;0;1;0;0;0;0;0;0;0;0;0;0;1;0;1;0;0;0;0;0;0;0;0;1;0;0;1;0;1;0;1;1;0;1;1;1;1;0;1;0;0;1;0;0;0;0;0;0;0;0;0;0;0;1;0;0;0;0;0;1;0;0;1;0;1;0;0;0;0;0;1;0;0;0;1;0;0;1;0,519933072445;0,516663219761;0,91069690523;0,519644719873;0,661714418293;1,39203174295;0;0;0;0
0;0;0;0;0;1;0;0;0;0;0;0;1;0;1;0;1;0;0;1;1;0;1;0;1;1;1;0;1;1;0;0;1;2;0;1;1;0;0;0;1;0;0;0;1;0;2;1;1;1;0;0;1;1;0;0;0;0;0;1;0;1;1;1;0;0;0;0;0;1;0;0;0;1;0;0;0;0;0;0;0;0;0;0;1;0;1;0;0;0;0;0;0;0;0;1;0;0;1;0;1;0;1;1;0;1;1;1;1;0;1;0;0;1;0;0;0;0;0;0;0;0;0;0;0;1;0;0;0;0;0;1;0;0;1;0;1;0;0;0;0;0;1;0;0;0;1;0;0;1;0,515613266729;0,521757837475;0,838319877991;0,528423713902;0,648238785963;1,40111888786;0;0;0;0
0;0;0;0;0;1;0;0;0;0;0;0;1;0;1;0;1;0;0;1;1;0;1;0;1;1;1;0;1;1;0;0;1;2;0;1;1;0;0;0;1;0;0;0;1;0;2;1;1;1;0;0;1;1;0;0;0;0;0;1;0;1;1;1;0;0;0;0;0;1;0;0;0;1;0;0;0;0;0;0;0;0;0;0;1;0;1;0;0;0;0;0;0;0;0;1;0;0;1;0;1;0;1;1;0;1;1;1;1;0;1;0;0;1;0;0;0;0;0;0;0;0;0;0;0;1;0;0;0;0;0;1;0;0;1;0;1;0;0;0;0;0;1;0;0;0;1;0;0;1;0,515613266729;0,521757837475;0,838319877991;0,528423713902;0,648238785963;1,40111888786;0;0;0;0
0;0;0;0;0;1;0;0;0;0;0;0;1;0;1;0;1;0;0;1;1;0;1;0;1;1;1;0;1;1;0;0;1;2;0;1;1;0;0;0;1;0;0;0;1;0;2;1;1;1;0;0;1;1;0;0;0;0;0;1;0;1;1;1;0;0;0;0;0;1;0;0;0;1;0;0;0;0;0;0;0;0;0;0;1;0;1;0;0;0;0;0;0;0;0;1;0;0;1;0;1;0;1;1;0;1;1;1;1;0;1;0;0;1;0;0;0;0;0;0;0;0;0;0;0;1;0;0;0;0;0;1;0;0;1;0;1;0;0;0;0;0;1;0;0;0;1;0;0;1;0,515613266729;0,521757837475;0,838319877991;0,528423713902;0,648238785963;1,40111888786;0;0;0;0
0;0;0;0;0;1;0;0;0;0;0;0;1;0;1;0;1;0;0;1;1;0;1;0;1;1;1;0;1;1;0;0;1;2;0;1;1;0;0;0;1;0;0;0;1;0;2;1;1;1;0;0;1;1;0;0;0;0;0;1;0;1;1;1;0;0;0;0;0;1;0;0;0;1;0;0;0;0;0;0;0;0;0;0;1;0;1;0;0;0;0;0;0;0;0;1;0;0;1;0;1;0;1;1;0;1;1;1;1;0;1;0;0;1;0;0;0;0;0;0;0;0;0;0;0;1;0;0;0;0;0;1;0;0;1;0;1;0;0;0;0;0;1;0;0;0;1;0;0;1;0,515613266729;0,521757837475;0,838319877991;0,528423713902;0,648238785963;1,40111888786;0;0;0;0
0;0;0;0;0;1;0;0;0;0;0;0;1;0;1;0;1;0;0;1;1;0;1;0;1;1;1;0;1;1;0;0;1;2;0;1;1;0;0;0;1;0;0;0;1;0;2;1;1;1;0;0;1;1;0;0;0;0;0;1;0;1;1;1;0;0;0;0;0;1;0;0;0;1;0;0;0;0;0;0;0;0;0;0;1;0;1;0;0;0;0;0;0;0;0;1;0;0;1;0;1;0;1;1;0;1;1;1;1;0;1;0;0;1;0;0;0;0;0;0;0;0;0;0;0;1;0;0;0;0;0;1;0;0;1;0;1;0;0;0;0;0;1;0;0;0;1;0;0;1;0,515613266729;0,521757837475;0,838319877991;0,528423713902;0,648238785963;1,40111888786;0;0;0;0
0;0;0;0;0;1;0;0;0;0;0;0;1;0;1;0;1;0;0;1;1;0;1;0;1;1;1;0;1;1;0;0;1;2;0;1;1;0;0;0;1;0;0;0;1;0;2;1;1;1;0;0;1;1;0;0;0;0;0;1;0;1;1;1;0;0;0;0;0;1;0;0;0;1;0;0;0;0;0;0;0;0;0;0;1;0;1;0;0;0;0;0;0;0;0;1;0;0;1;0;1;0;1;1;0;1;1;1;1;0;1;0;0;1;0;0;0;0;0;0;0;0;0;0;0;1;0;0;0;0;0;1;0;0;1;0;1;0;0;0;0;0;1;0;0;0;1;0;0;1;0,515613266729;0,521757837475;0,838319877991;0,528423713902;0,648238785963;1,40111888786;0;0;0;0
0;0;0;0;0;1;0;0;0;0;0;0;1;0;1;0;1;0;0;1;1;0;1;0;1;1;1;0;1;1;0;0;1;2;0;1;1;0;0;0;1;0;0;0;1;0;2;1;1;1;0;0;1;1;0;0;0;0;0;1;0;1;1;1;0;0;0;0;0;1;0;0;0;1;0;0;0;0;0;0;0;0;0;0;1;0;1;0;0;0;0;0;0;0;0;1;0;0;1;0;1;0;1;1;0;1;1;1;1;0;1;0;0;1;0;0;0;0;0;0;0;0;0;0;0;1;0;0;0;0;0;1;0;0;1;0;1;0;0;0;0;0;1;0;0;0;1;0;0;1;0,515613266729;0,521757837475;0,838319877991;0,528423713902;0,648238785963;1,40111888786;0;0;0;0
0;0;0;0;0;1;0;0;0;0;0;0;1;0;1;0;1;0;0;1;1;0;1;0;1;1;1;0;1;1;0;0;1;2;0;1;1;0;0;0;1;0;0;0;1;0;2;1;1;1;0;0;1;1;0;0;0;0;0;1;0;1;1;1;0;0;0;0;0;1;0;0;0;1;0;0;0;0;0;0;0;0;0;0;1;0;1;0;0;0;0;0;0;0;0;1;0;0;1;0;1;0;1;1;0;1;1;1;1;0;1;0;0;1;0;0;0;0;0;0;0;0;0;0;0;1;0;0;0;0;0;1;0;0;1;0;1;0;0;0;0;0;1;0;0;0;1;0;0;1;0,515613266729;0,521757837475;0,838319877991;0,528423713902;0,648238785963;1,40111888786;0;0;0;0
0;0;0;0;0;1;0;0;0;0;0;0;1;0;1;0;1;0;0;1;1;0;1;0;1;1;1;0;1;1;0;0;1;2;0;1;1;0;0;0;1;0;0;0;1;0;2;1;1;1;0;0;1;1;0;0;0;0;0;1;0;1;1;1;0;0;0;0;0;1;0;0;0;1;0;0;0;0;0;0;0;0;0;0;1;0;1;0;0;0;0;0;0;0;0;1;0;0;1;0;1;0;1;1;0;1;1;1;1;0;1;0;0;1;0;0;0;0;0;0;0;0;0;0;0;1;0;0;0;0;0;1;0;0;1;0;1;0;0;0;0;0;1;0;0;0;1;0;0;1;0,515613266729;0,521757837475;0,838319877991;0,528423713902;0,648238785963;1,40111888786;0;0;0;0
0;0;0;0;0;1;0;0;0;0;0;0;1;0;1;0;1;0;0;1;1;0;1;0;1;1;1;0;1;1;0;0;1;2;0;1;1;0;0;0;1;0;0;0;1;0;2;1;1;1;0;0;1;1;0;0;0;0;0;1;0;1;1;1;0;0;0;0;0;1;0;0;0;1;0;0;0;0;0;0;0;0;0;0;1;0;1;0;0;0;0;0;0;0;0;1;0;0;1;0;1;0;1;1;0;1;1;1;1;0;1;0;0;1;0;0;0;0;0;0;0;0;0;0;0;1;0;0;0;0;0;1;0;0;1;0;1;0;0;0;0;0;1;0;0;0;1;0;0;1;0,515613266729;0,521757837475;0,838319877991;0,528423713902;0,648238785963;1,40111888786;0;0;0;0
0;0;0;0;0;1;0;0;0;0;0;0;1;0;1;0;1;0;0;1;1;0;1;0;1;1;1;0;1;1;0;0;1;2;0;1;1;0;0;0;1;0;0;0;1;0;2;1;1;1;0;0;1;1;0;0;0;0;0;1;0;1;1;1;0;0;0;0;0;1;0;0;0;1;0;0;0;0;0;0;0;0;0;0;1;0;1;0;0;0;0;0;0;0;0;1;0;0;1;0;1;0;1;1;0;1;1;1;1;0;1;0;0;1;0;0;0;0;0;0;0;0;0;0;0;1;0;0;0;0;0;1;0;0;1;0;1;0;0;0;0;0;1;0;0;0;1;0;0;1;0,515613266729;0,521757837475;0,838319877991;0,528423713902;0,648238785963;1,40111888786;0;0;0;0
0;0;0;0;0;1;0;0;0;0;0;0;1;0;1;0;1;0;0;1;1;0;1;0;1;1;1;0;1;1;0;0;1;2;0;1;1;0;0;0;1;0;0;0;1;0;2;1;1;1;0;0;1;1;0;0;0;0;0;1;0;1;1;1;0;0;0;0;0;1;0;0;0;1;0;0;0;0;0;0;0;0;0;0;1;0;1;0;0;0;0;0;0;0;0;1;0;0;1;0;1;0;1;1;0;1;1;1;1;0;1;0;0;1;0;0;0;0;0;0;0;0;0;0;0;1;0;0;0;0;0;1;0;0;1;0;1;0;0;0;0;0;1;0;0;0;1;0;0;1;0,515613266729;0,521757837475;0,838319877991;0,528423713902;0,648238785963;1,40111888786;0;0;0;0
0;0;0;0;0;1;0;0;0;0;0;0;1;0;1;0;1;0;0;1;1;0;1;0;1;1;1;0;1;1;0;0;1;2;0;1;1;0;0;0;1;0;0;0;1;0;2;1;1;1;0;0;1;1;0;0;0;0;0;1;0;1;1;1;0;0;0;0;0;1;0;0;0;1;0;0;0;0;0;0;0;0;0;0;1;0;1;0;0;0;0;0;0;0;0;1;0;0;1;0;1;0;1;1;0;1;1;1;1;0;1;0;0;1;0;0;0;0;0;0;0;0;0;0;0;1;0;0;0;0;0;1;0;0;1;0;1;0;0;0;0;0;1;0;0;0;1;0;0;1;0,515613266729;0,521757837475;0,838319877991;0,528423713902;0,648238785963;1,40111888786;0;0;0;0
0;0;0;0;0;1;0;0;0;0;0;0;1;0;1;0;1;0;0;1;1;0;1;0;1;1;1;0;1;1;0;0;1;2;0;1;1;0;0;0;1;0;0;0;1;0;2;1;1;1;0;0;1;1;0;0;0;0;0;1;0;1;1;1;0;0;0;0;0;1;0;0;0;1;0;0;0;0;0;0;0;0;0;0;1;0;1;0;0;0;0;0;0;0;0;1;0;0;1;0;1;0;1;1;0;1;1;1;1;0;1;0;0;1;0;0;0;0;0;0;0;0;0;0;0;1;0;0;0;0;0;1;0;0;1;0;1;0;0;0;0;0;1;0;0;0;1;0;0;1;0,515613266729;0,521757837475;0,838319877991;0,528423713902;0,648238785963;1,40111888786;0;0;0;0
0;0;0;0;0;1;0;0;0;0;0;0;1;0;1;0;1;0;0;1;1;0;1;0;1;1;1;0;1;1;0;0;1;2;0;1;1;0;0;0;1;0;0;0;1;0;2;1;1;1;0;0;1;1;0;0;0;0;0;1;0;1;1;1;0;0;0;0;0;1;0;0;0;1;0;0;0;0;0;0;0;0;0;0;1;0;1;0;0;0;0;0;0;0;0;1;0;0;1;0;1;0;1;1;0;1;1;1;1;0;1;0;0;1;0;0;0;0;0;0;0;0;0;0;0;1;0;0;0;0;0;1;0;0;1;0;1;0;0;0;0;0;1;0;0;0;1;0;0;1;0,515613266729;0,521757837475;0,838319877991;0,528423713902;0,648238785963;1,40111888786;0;0;0;0
0;0;0;0;0;1;0;0;0;0;0;0;1;0;1;0;1;0;0;1;1;0;1;0;1;1;1;0;1;1;0;0;1;2;0;1;1;0;0;0;1;0;0;0;1;0;2;1;1;1;0;0;1;1;0;0;0;0;0;1;0;1;1;1;0;0;0;0;0;1;0;0;0;1;0;0;0;0;0;0;0;0;0;0;1;0;1;0;0;0;0;0;0;0;0;1;0;0;1;0;1;0;1;1;0;1;1;1;1;0;1;0;0;1;0;0;0;0;0;0;0;0;0;0;0;1;0;0;0;0;0;1;0;0;1;0;1;0;0;0;0;0;1;0;0;0;1;0;0;1;0,515613266729;0,521757837475;0,838319877991;0,528423713902;0,648238785963;1,40111888786;0;0;0;0
0;0;0;0;0;1;0;0;0;0;0;0;1;0;1;0;1;0;0;1;1;0;1;0;1;1;1;0;1;1;0;0;1;2;0;1;1;0;0;0;1;0;0;0;1;0;2;1;1;1;0;0;1;1;0;0;0;0;0;1;0;1;1;1;0;0;0;0;0;1;0;0;0;1;0;0;0;0;0;0;0;0;0;0;1;0;1;0;0;0;0;0;0;0;0;1;0;0;1;0;1;0;1;1;0;1;1;1;1;0;1;0;0;1;0;0;0;0;0;0;0;0;0;0;0;1;0;0;0;0;0;1;0;0;1;0;1;0;0;0;0;0;1;0;0;0;1;0;0;1;0,515613266729;0,521757837475;0,838319877991;0,528423713902;0,648238785963;1,40111888786;0;0;0;0
0;0;0;0;0;1;0;0;0;0;0;0;1;0;1;0;1;0;0;1;1;0;1;0;1;1;1;0;1;1;0;0;1;2;0;1;1;0;0;0;1;0;0;0;1;0;2;1;1;1;0;0;1;1;0;0;0;0;0;1;0;1;1;1;0;0;0;0;0;1;0;0;0;1;0;0;0;0;0;0;0;0;0;0;1;0;1;0;0;0;0;0;0;0;0;1;0;0;1;0;1;0;1;1;0;1;1;1;1;0;1;0;0;1;0;0;0;0;0;0;0;0;0;0;0;1;0;0;0;0;0;1;0;0;1;0;1;0;0;0;0;0;1;0;0;0;1;0;0;1;0,515613266729;0,521757837475;0,838319877991;0,528423713902;0,648238785963;1,40111888786;0;0;0;0
0;0;0;0;0;1;0;0;0;0;0;0;1;0;1;0;1;0;0;1;1;0;1;0;1;1;1;0;1;1;0;0;1;2;0;1;1;0;0;0;1;0;0;0;1;0;2;1;1;1;0;0;1;1;0;0;0;0;0;1;0;1;1;1;0;0;0;0;0;1;0;0;0;1;0;0;0;0;0;0;0;0;0;0;1;0;1;0;0;0;0;0;0;0;0;1;0;0;1;0;1;0;1;1;0;1;1;1;1;0;1;0;0;1;0;0;0;0;0;0;0;0;0;0;0;1;0;0;0;0;0;1;0;0;1;0;1;0;0;0;0;0;1;0;0;0;1;0;0;1;0,515613266729;0,521757837475;0,838319877991;0,528423713902;0,648238785963;1,40111888786;0;0;0;0
0;0;0;0;0;1;0;0;0;0;0;0;1;0;1;0;1;0;0;1;1;0;1;0;1;1;1;0;1;1;0;0;1;2;0;1;1;0;0;0;1;0;0;0;1;0;2;1;1;1;0;0;1;1;0;0;0;0;0;1;0;1;1;1;0;0;0;0;0;1;0;0;0;1;0;0;0;0;0;0;0;0;0;0;1;0;1;0;0;0;0;0;0;0;0;1;0;0;1;0;1;0;1;1;0;1;1;1;1;0;1;0;0;1;0;0;0;0;0;0;0;0;0;0;0;1;0;0;0;0;0;1;0;0;1;0;1;0;0;0;0;0;1;0;0;0;1;0;0;1;0,515613266729;0,521757837475;0,838319877991;0,528423713902;0,648238785963;1,40111888786;0;0;0;0
0;0;0;0;0;1;0;0;0;0;0;0;1;0;1;0;1;0;0;1;1;0;1;0;1;1;1;0;1;1;0;0;1;2;0;1;1;0;0;0;1;0;0;0;1;0;2;1;1;1;0;0;1;1;0;0;0;0;0;1;0;1;1;1;0;0;0;0;0;1;0;0;0;1;0;0;0;0;0;0;0;0;0;0;1;0;1;0;0;0;0;0;0;0;0;1;0;0;1;0;1;0;1;1;0;1;1;1;1;0;1;0;0;1;0;0;0;0;0;0;0;0;0;0;0;1;0;0;0;0;0;1;0;0;1;0;1;0;0;0;0;0;1;0;0;0;1;0;0;1;0,515613266729;0,521757837475;0,838319877991;0,528423713902;0,648238785963;1,40111888786;0;0;0;0
0;0;0;0;0;1;0;0;0;0;0;0;1;0;1;0;1;0;0;1;1;0;1;0;1;1;1;0;1;1;0;0;1;2;0;1;1;0;0;0;1;0;0;0;1;0;2;1;1;1;0;0;1;1;0;0;0;0;0;1;0;1;1;1;0;0;0;0;0;1;0;0;0;1;0;0;0;0;0;0;0;0;0;0;1;0;1;0;0;0;0;0;0;0;0;1;0;0;1;0;1;0;1;1;0;1;1;1;1;0;1;0;0;1;0;0;0;0;0;0;0;0;0;0;0;1;0;0;0;0;0;1;0;0;1;0;1;0;0;0;0;0;1;0;0;0;1;0;0;1;0,515613266729;0,521757837475;0,838319877991;0,528423713902;0,648238785963;1,40111888786;0;0;0;0
0;0;0;0;0;1;0;0;0;0;0;0;1;0;1;0;1;0;0;1;1;0;1;0;1;1;1;0;1;1;0;0;1;2;0;1;1;0;0;0;1;0;0;0;1;0;2;1;1;1;0;0;1;1;0;0;0;0;0;1;0;1;1;1;0;0;0;0;0;1;0;0;0;1;0;0;0;0;0;0;0;0;0;0;1;0;1;0;0;0;0;0;0;0;0;1;0;0;1;0;1;0;1;1;0;1;1;1;1;0;1;0;0;1;0;0;0;0;0;0;0;0;0;0;0;1;0;0;0;0;0;1;0;0;1;0;1;0;0;0;0;0;1;0;0;0;1;0;0;1;0,515613266729;0,521757837475;0,838319877991;0,528423713902;0,648238785963;1,40111888786;0;0;0;0
0;0;0;0;0;1;0;0;0;0;0;0;1;0;1;0;1;0;0;1;1;0;1;0;1;1;1;0;1;1;0;0;1;2;0;1;1;0;0;0;1;0;0;0;1;0;2;1;1;1;0;0;1;1;0;0;0;0;0;1;0;1;1;1;0;0;0;0;0;1;0;0;0;1;0;0;0;0;0;0;0;0;0;0;1;0;1;0;0;0;0;0;0;0;0;1;0;0;1;0;1;0;1;1;0;1;1;1;1;0;1;0;0;1;0;0;0;0;0;0;0;0;0;0;0;1;0;0;0;0;0;1;0;0;1;0;1;0;0;0;0;0;1;0;0;0;1;0;0;1;0,515613266729;0,521757837475;0,838319877991;0,528423713902;0,648238785963;1,40111888786;0;0;0;0
0;0;0;0;0;1;0;0;0;0;0;0;1;0;1;0;1;0;0;1;1;0;1;0;1;1;1;0;1;1;0;0;1;2;0;1;1;0;0;0;1;0;0;0;1;0;2;1;1;1;0;0;1;1;0;0;0;0;0;1;0;1;1;1;0;0;0;0;0;1;0;0;0;1;0;0;0;0;0;0;0;0;0;0;1;0;1;0;0;0;0;0;0;0;0;1;0;0;1;0;1;0;1;1;0;1;1;1;1;0;1;0;0;1;0;0;0;0;0;0;0;0;0;0;0;1;0;0;0;0;0;1;0;0;1;0;1;0;0;0;0;0;1;0;0;0;1;0;0;1;0,515613266729;0,521757837475;0,838319877991;0,528423713902;0,648238785963;1,40111888786;0;0;0;0
0;0;0;0;0;1;0;0;0;0;0;0;1;0;1;0;1;0;0;1;1;0;1;0;1;1;1;0;1;1;0;0;1;2;0;1;1;0;0;0;1;0;0;0;1;0;2;1;1;1;0;0;1;1;0;0;0;0;0;1;0;1;1;1;0;0;0;0;0;1;0;0;0;1;0;0;0;0;0;0;0;0;0;0;1;0;1;0;0;0;0;0;0;0;0;1;0;0;1;0;1;0;1;1;0;1;1;1;1;0;1;0;0;1;0;0;0;0;0;0;0;0;0;0;0;1;0;0;0;0;0;1;0;0;1;0;1;0;0;0;0;0;1;0;0;0;1;0;0;1;0,515613266729;0,521757837475;0,838319877991;0,528423713902;0,648238785963;1,40111888786;0;0;0;0
