10;40;30;cs;Cosine;1;1
0;0;1;0;0;0;0;0;0;1;0;1;1;1;0;0;0;0;2;1;0;0;1;1;0;1;0;0;0;1;1;0;0;0;1;0;0;0;0;1;0;1;1;0;0;1;0;0;1;0;0;0;1;1;0;0;0;0;1;1;2;0;0;0;1;0;0;0;1;0;0;1;0;0;0;1;0;0;0;0;0;0;1;1;1;0;0;1;0;0;0;0;1;1;0;0;0;0;0;0;0;0;1;0;0;0;0;0;0;0;0;1;0;0;1;0;1;2;0;1;0;1;0;0;1;1;0;1;0;0;0;0;1;0;1;0;0;0;1;0;0;1;1;1;0;1;0;1;0;0;0,512628172876;0,514256611366;0,79829515343;0,52107295728;0,630559451913;2,149501951;0;0;0;0
1;1;0;1;1;1;1;1;1;0;1;0;0;0;1;1;1;1;1;0;1;1;0;0;1;0;1;1;1;0;0;1;1;1;0;1;1;1;1;0;1;0;0;1;1;0;1;1;0;1;1;1;0;0;1;1;1;1;0;0;1;1;1;1;0;1;1;1;0;1;1;0;1;1;1;0;1;1;1;1;1;1;0;0;0;1;1;0;1;1;1;1;0;0;1;1;1;1;1;1;1;0;0;1;1;1;1;1;1;1;1;0;0;1;0;1;0;1;1;0;1;0;1;1;0;0;1;0;0;1;1;1;0;1;0;1;1;1;0;1;1;0;0;0;1;0;1;0;1;1;0,558371443754;0,550981342634;0,949020443401;0,553749288743;0,699401091591;3,76989486421;0;0;0;0
1;1;0;1;1;1;1;1;1;0;1;0;0;0;1;1;1;1;1;0;1;1;0;0;1;0;1;1;1;0;0;1;1;1;0;1;1;1;1;0;1;0;0;1;1;0;1;1;0;1;1;1;0;0;1;1;1;1;0;0;1;1;1;1;0;1;1;1;0;1;1;0;1;1;1;0;1;1;1;1;1;1;0;0;0;1;1;0;1;1;1;1;0;0;1;1;1;1;1;1;1;0;0;1;1;1;1;1;1;1;1;0;0;1;0;1;0;1;1;0;1;0;1;1;0;0;1;0;0;1;1;1;0;1;0;1;1;1;0;1;1;0;0;0;1;0;1;0;1;1;0,558371443754;0,550981342634;0,949020443401;0,553749288743;0,699401091591;3,76989486421;0;0;0;0
1;1;0;1;1;1;1;1;1;0;1;0;0;0;1;1;1;1;1;0;1;1;0;0;1;0;1;1;1;0;0;1;1;1;0;1;1;1;1;0;1;0;0;1;1;0;1;1;0;1;1;1;0;0;1;1;1;1;0;0;1;1;1;1;0;1;1;1;0;1;1;0;1;1;1;0;1;1;1;1;1;1;0;0;0;1;1;0;1;1;1;1;0;0;1;1;1;1;1;1;1;0;0;1;1;1;1;1;1;1;1;0;0;1;0;1;0;1;1;0;1;0;1;1;0;0;1;0;0;1;1;1;0;1;0;1;1;1;0;1;1;0;0;0;1;0;1;0;1;1;0,558371443754;0,550981342634;0,949020443401;0,553749288743;0,699401091591;3,76989486421;0;0;0;0
0;0;1;0;0;0;0;0;0;1;0;1;1;1;0;0;0;0;0;1;0;0;1;1;0;1;0;0;0;1;1;0;0;0;1;0;0;0;0;1;0;1;1;0;0;1;0;0;1;0;0;0;1;1;0;0;0;0;1;1;0;0;0;0;1;0;0;0;1;0;0;1;0;0;0;1;0;0;0;0;0;0;1;1;1;0;0;1;0;0;0;0;1;1;0;0;0;0;0;0;0;0;1;0;0;0;0;0;0;0;0;1;0;0;1;0;1;0;0;1;0;1;0;0;1;1;0;1;0;0;0;0;1;0;1;0;0;0;1;0;0;1;1;1;0;1;0;1;0;0;0,519933072445;0,516663219761;0,91069690523;0,519644719873;0,661714418293;3,76989486421;0;0;0;0
0;0;1;0;0;0;0;0;0;1;0;1;1;1;0;0;0;0;0;1;0;0;1;1;0;1;0;0;0;1;1;0;0;0;1;0;0;0;0;1;0;1;1;0;0;1;0;0;1;0;0;0;1;1;0;0;0;0;1;1;0;0;0;0;1;0;0;0;1;0;0;1;0;0;0;1;0;0;0;0;0;0;1;1;1;0;0;1;0;0;0;0;1;1;0;0;0;0;0;0;0;0;1;0;0;0;0;0;0;0;0;1;0;0;1;0;1;0;0;1;0;1;0;0;1;1;0;1;0;0;0;0;1;0;1;0;0;0;1;0;0;1;1;1;0;1;0;1;0;0;0,519933072445;0,516663219761;0,91069690523;0,519644719873;0,661714418293;3,76989486421;0;0;0;0
0;0;1;0;0;0;0;0;0;1;0;1;1;1;0;0;0;0;0;1;0;0;1;1;0;1;0;0;0;1;1;0;0;0;1;0;0;0;0;1;0;1;1;0;0;1;0;0;1;0;0;0;1;1;0;0;0;0;1;1;0;0;0;0;1;0;0;0;1;0;0;1;0;0;0;1;0;0;0;0;0;0;1;1;1;0;0;1;0;0;0;0;1;1;0;0;0;0;0;0;0;0;1;0;0;0;0;0;0;0;0;1;0;0;1;0;1;0;0;1;0;1;0;0;1;1;0;1;0;0;0;0;1;0;1;0;0;0;1;0;0;1;1;1;0;1;0;1;0;0;0,519933072445;0,516663219761;0,91069690523;0,519644719873;0,661714418293;3,76989486421;0;0;0;0
1;1;0;1;1;1;1;1;1;0;1;0;0;0;1;1;1;1;1;0;1;1;0;0;1;0;1;1;1;0;0;1;1;1;0;1;1;1;1;0;1;0;0;1;1;0;1;1;0;1;1;1;0;0;1;1;1;1;0;0;1;1;1;1;0;1;1;1;0;1;1;0;1;1;1;0;1;1;1;1;1;1;0;0;0;1;1;0;1;1;1;1;0;0;1;1;1;1;1;1;1;0;0;1;1;1;1;1;1;1;1;0;0;1;0;1;0;1;1;0;1;0;1;1;0;0;1;0;0;1;1;1;0;1;0;1;1;1;0;1;1;0;0;0;1;0;1;0;1;1;0,558371443754;0,550981342634;0,949020443401;0,553749288743;0,699401091591;3,76989486421;0;0;0;0
1;1;0;1;1;1;1;1;1;0;1;0;0;0;1;1;1;1;1;0;1;1;0;0;1;0;1;1;1;0;0;1;1;1;0;1;1;1;1;0;1;0;0;1;1;0;1;1;0;1;1;1;0;0;1;1;1;1;0;0;1;1;1;1;0;1;1;1;0;1;1;0;1;1;1;0;1;1;1;1;1;1;0;0;0;1;1;0;1;1;1;1;0;0;1;1;1;1;1;1;1;0;0;1;1;1;1;1;1;1;1;0;0;1;0;1;0;1;1;0;1;0;1;1;0;0;1;0;0;1;1;1;0;1;0;1;1;1;0;1;1;0;0;0;1;0;1;0;1;1;0,558371443754;0,550981342634;0,949020443401;0,553749288743;0,699401091591;3,76989486421;0;0;0;0
1;1;0;1;1;1;1;1;1;0;1;0;0;0;1;1;1;1;1;0;1;1;0;0;1;0;1;1;1;0;0;1;1;1;0;1;1;1;1;0;1;0;0;1;1;0;1;1;0;1;1;1;0;0;1;1;1;1;0;0;1;1;1;1;0;1;1;1;0;1;1;0;1;1;1;0;1;1;1;1;1;1;0;0;0;1;1;0;1;1;1;1;0;0;1;1;1;1;1;1;1;0;0;1;1;1;1;1;1;1;1;0;0;1;0;1;0;1;1;0;1;0;1;1;0;0;1;0;0;1;1;1;0;1;0;1;1;1;0;1;1;0;0;0;1;0;1;0;1;1;0,558371443754;0,550981342634;0,949020443401;0,553749288743;0,699401091591;3,76989486421;0;0;0;0
1;1;0;1;1;1;1;1;1;0;1;0;0;0;1;1;1;1;1;0;1;1;0;0;1;0;1;1;1;0;0;1;1;1;0;1;1;1;1;0;1;0;0;1;1;0;1;1;0;1;1;1;0;0;1;1;1;1;0;0;1;1;1;1;0;1;1;1;0;1;1;0;1;1;1;0;1;1;1;1;1;1;0;0;0;1;1;0;1;1;1;1;0;0;1;1;1;1;1;1;1;0;0;1;1;1;1;1;1;1;1;0;0;1;0;1;0;1;1;0;1;0;1;1;0;0;1;0;0;1;1;1;0;1;0;1;1;1;0;1;1;0;0;0;1;0;1;0;1;1;0,558371443754;0,550981342634;0,949020443401;0,553749288743;0,699401091591;3,76989486421;0;0;0;0
1;1;0;1;1;1;1;1;1;0;1;0;0;0;1;1;1;1;1;0;1;1;0;0;1;0;1;1;1;0;0;1;1;1;0;1;1;1;1;0;1;0;0;1;1;0;1;1;0;1;1;1;0;0;1;1;1;1;0;0;1;1;1;1;0;1;1;1;0;1;1;0;1;1;1;0;1;1;1;1;1;1;0;0;0;1;1;0;1;1;1;1;0;0;1;1;1;1;1;1;1;0;0;1;1;1;1;1;1;1;1;0;0;1;0;1;0;1;1;0;1;0;1;1;0;0;1;0;0;1;1;1;0;1;0;1;1;1;0;1;1;0;0;0;1;0;1;0;1;1;0,558371443754;0,550981342634;0,949020443401;0,553749288743;0,699401091591;3,76989486421;0;0;0;0
1;1;0;1;1;1;1;1;1;0;1;0;0;0;1;1;1;1;1;0;1;1;0;0;1;0;1;1;1;0;0;1;1;1;0;1;1;1;1;0;1;0;0;1;1;0;1;1;0;1;1;1;0;0;1;1;1;1;0;0;1;1;1;1;0;1;1;1;0;1;1;0;1;1;1;0;1;1;1;1;1;1;0;0;0;1;1;0;1;1;1;1;0;0;1;1;1;1;1;1;1;0;0;1;1;1;1;1;1;1;1;0;0;1;0;1;0;1;1;0;1;0;1;1;0;0;1;0;0;1;1;1;0;1;0;1;1;1;0;1;1;0;0;0;1;0;1;0;1;1;0,558371443754;0,550981342634;0,949020443401;0,553749288743;0,699401091591;3,76989486421;0;0;0;0
1;1;0;1;1;1;1;1;1;0;1;0;0;0;1;1;1;1;1;0;1;1;0;0;1;0;1;1;1;0;0;1;1;1;0;1;1;1;1;0;1;0;0;1;1;0;1;1;0;1;1;1;0;0;1;1;1;1;0;0;1;1;1;1;0;1;1;1;0;1;1;0;1;1;1;0;1;1;1;1;1;1;0;0;0;1;1;0;1;1;1;1;0;0;1;1;1;1;1;1;1;0;0;1;1;1;1;1;1;1;1;0;0;1;0;1;0;1;1;0;1;0;1;1;0;0;1;0;0;1;1;1;0;1;0;1;1;1;0;1;1;0;0;0;1;0;1;0;1;1;0,558371443754;0,550981342634;0,949020443401;0,553749288743;0,699401091591;3,76989486421;0;0;0;0
0;0;1;0;0;0;0;0;0;1;0;1;1;1;0;0;0;0;0;1;0;0;1;1;0;1;0;0;0;1;1;0;0;0;1;0;0;0;0;1;0;1;1;0;0;1;0;0;1;0;0;0;1;1;0;0;0;0;1;1;0;0;0;0;1;0;0;0;1;0;0;1;0;0;0;1;0;0;0;0;0;0;1;1;1;0;0;1;0;0;0;0;1;1;0;0;0;0;0;0;0;0;1;0;0;0;0;0;0;0;0;1;0;0;1;0;1;0;0;1;0;1;0;0;1;1;0;1;0;0;0;0;1;0;1;0;0;0;1;0;0;1;1;1;0;1;0;1;0;0;0,519933072445;0,516663219761;0,91069690523;0,519644719873;0,661714418293;3,76989486421;0;0;0;0
0;0;1;0;0;0;0;0;0;1;0;1;1;1;0;0;0;0;0;1;0;0;1;1;0;1;0;0;0;1;1;0;0;0;1;0;0;0;0;1;0;1;1;0;0;1;0;0;1;0;0;0;1;1;0;0;0;0;1;1;0;0;0;0;1;0;0;0;1;0;0;1;0;0;0;1;0;0;0;0;0;0;1;1;1;0;0;1;0;0;0;0;1;1;0;0;0;0;0;0;0;0;1;0;0;0;0;0;0;0;0;1;0;0;1;0;1;0;0;1;0;1;0;0;1;1;0;1;0;0;0;0;1;0;1;0;0;0;1;0;0;1;1;1;0;1;0;1;0;0;0,519933072445;0,516663219761;0,91069690523;0,519644719873;0,661714418293;3,76989486421;0;0;0;0
0;0;1;0;0;0;0;0;0;1;0;1;1;1;0;0;0;0;0;1;0;0;1;1;0;1;0;0;0;1;1;0;0;0;1;0;0;0;0;1;0;1;1;0;0;1;0;0;1;0;0;0;1;1;0;0;0;0;1;1;0;0;0;0;1;0;0;0;1;0;0;1;0;0;0;1;0;0;0;0;0;0;1;1;1;0;0;1;0;0;0;0;1;1;0;0;0;0;0;0;0;0;1;0;0;0;0;0;0;0;0;1;0;0;1;0;1;0;0;1;0;1;0;0;1;1;0;1;0;0;0;0;1;0;1;0;0;0;1;0;0;1;1;1;0;1;0;1;0;0;0,519933072445;0,516663219761;0,91069690523;0,519644719873;0,661714418293;3,76989486421;0;0;0;0
0;0;1;0;0;0;0;0;0;1;0;1;1;1;0;0;0;0;0;1;0;0;1;1;0;1;0;0;0;1;1;0;0;0;1;0;0;0;0;1;0;1;1;0;0;1;0;0;1;0;0;0;1;1;0;0;0;0;1;1;0;0;0;0;1;0;0;0;1;0;0;1;0;0;0;1;0;0;0;0;0;0;1;1;1;0;0;1;0;0;0;0;1;1;0;0;0;0;0;0;0;0;1;0;0;0;0;0;0;0;0;1;0;0;1;0;1;0;0;1;0;1;0;0;1;1;0;1;0;0;0;0;1;0;1;0;0;0;1;0;0;1;1;1;0;1;0;1;0;0;0,519933072445;0,516663219761;0,91069690523;0,519644719873;0,661714418293;3,76989486421;0;0;0;0
0;0;1;0;0;0;0;0;0;1;0;1;1;1;0;0;0;0;0;1;0;0;1;1;0;1;0;0;0;1;1;0;0;0;1;0;0;0;0;1;0;1;1;0;0;1;0;0;1;0;0;0;1;1;0;0;0;0;1;1;0;0;0;0;1;0;0;0;1;0;0;1;0;0;0;1;0;0;0;0;0;0;1;1;1;0;0;1;0;0;0;0;1;1;0;0;0;0;0;0;0;0;1;0;0;0;0;0;0;0;0;1;0;0;1;0;1;0;0;1;0;1;0;0;1;1;0;1;0;0;0;0;1;0;1;0;0;0;1;0;0;1;1;1;0;1;0;1;0;0;0,519933072445;0,516663219761;0,91069690523;0,519644719873;0,661714418293;3,76989486421;0;0;0;0
0;0;1;0;0;0;0;0;0;1;0;1;1;1;0;0;0;0;0;1;0;0;1;1;0;1;0;0;0;1;1;0;0;0;1;0;0;0;0;1;0;1;1;0;0;1;0;0;1;0;0;0;1;1;0;0;0;0;1;1;0;0;0;0;1;0;0;0;1;0;0;1;0;0;0;1;0;0;0;0;0;0;1;1;1;0;0;1;0;0;0;0;1;1;0;0;0;0;0;0;0;0;1;0;0;0;0;0;0;0;0;1;0;0;1;0;1;0;0;1;0;1;0;0;1;1;0;1;0;0;0;0;1;0;1;0;0;0;1;0;0;1;1;1;0;1;0;1;0;0;0,519933072445;0,516663219761;0,91069690523;0,519644719873;0,661714418293;3,76989486421;0;0;0;0
0;0;1;0;0;0;0;0;0;1;0;1;1;1;0;0;0;0;0;1;0;0;1;1;0;1;0;0;0;1;1;0;0;0;1;0;0;0;0;1;0;1;1;0;0;1;0;0;1;0;0;0;1;1;0;0;0;0;1;1;0;0;0;0;1;0;0;0;1;0;0;1;0;0;0;1;0;0;0;0;0;0;1;1;1;0;0;1;0;0;0;0;1;1;0;0;0;0;0;0;0;0;1;0;0;0;0;0;0;0;0;1;0;0;1;0;1;0;0;1;0;1;0;0;1;1;0;1;0;0;0;0;1;0;1;0;0;0;1;0;0;1;1;1;0;1;0;1;0;0;0,519933072445;0,516663219761;0,91069690523;0,519644719873;0,661714418293;3,76989486421;0;0;0;0
0;0;1;0;0;0;0;0;0;1;0;1;1;1;0;0;0;0;0;1;0;0;1;1;0;1;0;0;0;1;1;0;0;0;1;0;0;0;0;1;0;1;1;0;0;1;0;0;1;0;0;0;1;1;0;0;0;0;1;1;0;0;0;0;1;0;0;0;1;0;0;1;0;0;0;1;0;0;0;0;0;0;1;1;1;0;0;1;0;0;0;0;1;1;0;0;0;0;0;0;0;0;1;0;0;0;0;0;0;0;0;1;0;0;1;0;1;0;0;1;0;1;0;0;1;1;0;1;0;0;0;0;1;0;1;0;0;0;1;0;0;1;1;1;0;1;0;1;0;0;0,519933072445;0,516663219761;0,91069690523;0,519644719873;0,661714418293;3,76989486421;0;0;0;0
0;0;1;0;0;0;0;0;0;1;0;1;1;1;0;0;0;0;0;1;0;0;1;1;0;1;0;0;0;1;1;0;0;0;1;0;0;0;0;1;0;1;1;0;0;1;0;0;1;0;0;0;1;1;0;0;0;0;1;1;0;0;0;0;1;0;0;0;1;0;0;1;0;0;0;1;0;0;0;0;0;0;1;1;1;0;0;1;0;0;0;0;1;1;0;0;0;0;0;0;0;0;1;0;0;0;0;0;0;0;0;1;0;0;1;0;1;0;0;1;0;1;0;0;1;1;0;1;0;0;0;0;1;0;1;0;0;0;1;0;0;1;1;1;0;1;0;1;0;0;0,519933072445;0,516663219761;0,91069690523;0,519644719873;0,661714418293;3,76989486421;0;0;0;0
1;1;0;1;1;1;1;1;1;0;1;0;0;0;1;1;1;1;1;0;1;1;0;0;1;0;1;1;1;0;0;1;1;1;0;1;1;1;1;0;1;0;0;1;1;0;1;1;0;1;1;1;0;0;1;1;1;1;0;0;1;1;1;1;0;1;1;1;0;1;1;0;1;1;1;0;1;1;1;1;1;1;0;0;0;1;1;0;1;1;1;1;0;0;1;1;1;1;1;1;1;0;0;1;1;1;1;1;1;1;1;0;0;1;0;1;0;1;1;0;1;0;1;1;0;0;1;0;0;1;1;1;0;1;0;1;1;1;0;1;1;0;0;0;1;0;1;0;1;1;0,558371443754;0,550981342634;0,949020443401;0,553749288743;0,699401091591;3,76989486421;0;0;0;0
1;1;0;1;1;1;1;1;1;0;1;0;0;0;1;1;1;1;1;0;1;1;0;0;1;0;1;1;1;0;0;1;1;1;0;1;1;1;1;0;1;0;0;1;1;0;1;1;0;1;1;1;0;0;1;1;1;1;0;0;1;1;1;1;0;1;1;1;0;1;1;0;1;1;1;0;1;1;1;1;1;1;0;0;0;1;1;0;1;1;1;1;0;0;1;1;1;1;1;1;1;0;0;1;1;1;1;1;1;1;1;0;0;1;0;1;0;1;1;0;1;0;1;1;0;0;1;0;0;1;1;1;0;1;0;1;1;1;0;1;1;0;0;0;1;0;1;0;1;1;0,558371443754;0,550981342634;0,949020443401;0,553749288743;0,699401091591;3,76989486421;0;0;0;0
1;1;0;1;1;1;1;1;1;0;1;0;0;0;1;1;1;1;1;0;1;1;0;0;1;0;1;1;1;0;0;1;1;1;0;1;1;1;1;0;1;0;0;1;1;0;1;1;0;1;1;1;0;0;1;1;1;1;0;0;1;1;1;1;0;1;1;1;0;1;1;0;1;1;1;0;1;1;1;1;1;1;0;0;0;1;1;0;1;1;1;1;0;0;1;1;1;1;1;1;1;0;0;1;1;1;1;1;1;1;1;0;0;1;0;1;0;1;1;0;1;0;1;1;0;0;1;0;0;1;1;1;0;1;0;1;1;1;0;1;1;0;0;0;1;0;1;0;1;1;0,558371443754;0,550981342634;0,949020443401;0,553749288743;0,699401091591;3,76989486421;0;0;0;0
0;0;1;0;0;0;0;0;0;1;0;1;1;1;0;0;0;0;0;1;0;0;1;1;0;1;0;0;0;1;1;0;0;0;1;0;0;0;0;1;0;1;1;0;0;1;0;0;1;0;0;0;1;1;0;0;0;0;1;1;0;0;0;0;1;0;0;0;1;0;0;1;0;0;0;1;0;0;0;0;0;0;1;1;1;0;0;1;0;0;0;0;1;1;0;0;0;0;0;0;0;0;1;0;0;0;0;0;0;0;0;1;0;0;1;0;1;0;0;1;0;1;0;0;1;1;0;1;0;0;0;0;1;0;1;0;0;0;1;0;0;1;1;1;0;1;0;1;0;0;0,519933072445;0,516663219761;0,91069690523;0,519644719873;0,661714418293;3,76989486421;0;0;0;0
1;1;0;1;1;1;1;1;1;0;1;0;0;0;1;1;1;1;1;0;1;1;0;0;1;0;1;1;1;0;0;1;1;1;0;1;1;1;1;0;1;0;0;1;1;0;1;1;0;1;1;1;0;0;1;1;1;1;0;0;1;1;1;1;0;1;1;1;0;1;1;0;1;1;1;0;1;1;1;1;1;1;0;0;0;1;1;0;1;1;1;1;0;0;1;1;1;1;1;1;1;0;0;1;1;1;1;1;1;1;1;0;0;1;0;1;0;1;1;0;1;0;1;1;0;0;1;0;0;1;1;1;0;1;0;1;1;1;0;1;1;0;0;0;1;0;1;0;1;1;0,558371443754;0,550981342634;0,949020443401;0,553749288743;0,699401091591;3,76989486421;0;0;0;0
1;1;0;1;1;1;1;1;1;0;1;0;0;0;1;1;1;1;1;0;1;1;0;0;1;0;1;1;1;0;0;1;1;1;0;1;1;1;1;0;1;0;0;1;1;0;1;1;0;1;1;1;0;0;1;1;1;1;0;0;1;1;1;1;0;1;1;1;0;1;1;0;1;1;1;0;1;1;1;1;1;1;0;0;0;1;1;0;1;1;1;1;0;0;1;1;1;1;1;1;1;0;0;1;1;1;1;1;1;1;1;0;0;1;0;1;0;1;1;0;1;0;1;1;0;0;1;0;0;1;1;1;0;1;0;1;1;1;0;1;1;0;0;0;1;0;1;0;1;1;0,558371443754;0,550981342634;0,949020443401;0,553749288743;0,699401091591;3,76989486421;0;0;0;0
0;0;1;0;0;0;0;0;0;1;0;1;1;1;0;0;0;0;0;1;0;0;1;1;0;1;0;0;0;1;1;0;0;0;1;0;0;0;0;1;0;1;1;0;0;1;0;0;1;0;0;0;1;1;0;0;0;0;1;1;0;0;0;0;1;0;0;0;1;0;0;1;0;0;0;1;0;0;0;0;0;0;1;1;1;0;0;1;0;0;0;0;1;1;0;0;0;0;0;0;0;0;1;0;0;0;0;0;0;0;0;1;0;0;1;0;1;0;0;1;0;1;0;0;1;1;0;1;0;0;0;0;1;0;1;0;0;0;1;0;0;1;1;1;0;1;0;1;0;0;0,519933072445;0,516663219761;0,91069690523;0,519644719873;0,661714418293;3,76989486421;0;0;0;0
