10;40;30;db;Cosine;1;1
0;1;0;1;0;0;1;0;0;0;0;1;0;1;0;0;0;0;0;0;1;0;0;0;0;0;0;0;0;0;0;1;0;1;0;0;0;0;1;0;1;0;1;1;0;0;0;0;1;1;0;1;0;0;1;0;1;0;1;1;0;0;0;0;1;0;0;0;0;0;0;1;0;1;0;1;0;0;1;0;1;0;0;1;0;1;0;0;0;0;0;0;1;1;0;0;0;1;0;0;1;1;0;0;1;1;1;0;0;0;1;0;1;0;0;0;0;0;0;0;0;1;1;0;0;0;1;0;0;0;1;0;0;0;0;0;1;0;1;1;1;1;0;0;1;0;0;0;1;0;0,519933072445;0,516663219761;0,91069690523;0,519644719873;0,661714418293;76,886745953;0;0;0;0
0;1;0;1;0;0;1;0;0;0;0;1;0;1;0;0;0;0;0;0;1;0;0;0;0;0;0;0;0;0;0;1;0;1;0;0;0;0;1;0;1;0;1;1;0;0;0;0;1;1;0;1;0;0;1;0;1;0;1;1;0;0;0;0;1;0;0;0;0;0;0;1;0;1;0;1;0;0;1;0;1;0;0;1;0;1;0;0;0;0;0;0;1;1;0;0;0;1;0;0;1;1;0;0;1;1;1;0;0;0;1;0;0;0;0;0;0;0;0;0;0;1;1;0;0;0;1;0;0;0;1;0;0;0;0;0;1;0;1;1;1;1;0;0;1;0;0;0;1;0;0,496663829572;0,493946446581;0,878316304317;0,497068867493;0,634852984656;79,3536474875;0;0;0;0
0;1;0;1;0;0;1;0;0;0;0;1;0;1;0;0;0;0;0;0;1;0;0;0;0;0;0;0;0;0;0;1;0;1;0;0;0;0;1;0;1;0;1;1;0;0;0;0;1;1;0;1;0;0;1;0;1;0;1;1;0;0;0;0;1;0;0;0;0;0;0;1;0;1;0;1;0;0;1;0;1;0;0;1;0;1;0;0;0;0;0;0;1;1;0;0;0;1;0;0;1;1;0;0;1;1;1;0;0;0;1;0;0;0;0;0;0;0;0;0;0;1;1;0;0;0;1;0;0;0;1;0;0;0;0;0;1;0;1;1;1;1;0;0;1;0;0;0;1;0;0,496663829572;0,493946446581;0,878316304317;0,497068867493;0,634852984656;79,3536474875;0;0;0;0
0;1;0;1;0;0;1;0;0;0;0;1;0;1;0;0;0;0;0;0;1;0;0;0;0;0;0;0;0;0;0;1;0;1;0;0;0;0;1;0;1;0;1;1;0;0;0;0;1;1;0;1;0;0;1;0;1;0;1;1;0;0;0;0;1;0;0;0;0;0;0;1;0;1;0;1;0;0;1;0;1;0;0;1;0;1;0;0;0;0;0;0;1;1;0;0;0;1;0;0;1;1;0;0;1;1;1;0;0;0;1;0;0;0;0;0;0;0;0;0;0;1;1;0;0;0;1;0;0;0;1;0;0;0;0;0;1;0;1;1;1;1;0;0;1;0;0;0;1;0;0,496663829572;0,493946446581;0,878316304317;0,497068867493;0,634852984656;79,3536474875;0;0;0;0
0;1;0;1;0;0;1;0;0;0;0;1;0;1;0;0;0;0;0;0;1;0;0;0;0;0;0;0;0;0;0;1;0;1;0;0;0;0;1;0;1;0;1;1;0;0;0;0;1;1;0;1;0;0;1;0;1;0;1;1;0;0;0;0;1;0;0;0;0;0;0;1;0;1;0;1;0;0;1;0;1;0;0;1;0;1;0;0;0;0;0;0;1;1;0;0;0;1;0;0;1;1;0;0;1;1;1;0;0;0;1;0;0;0;0;0;0;0;0;0;0;1;1;0;0;0;1;0;0;0;1;0;0;0;0;0;1;0;1;1;1;1;0;0;1;0;0;0;1;0;0,496663829572;0,493946446581;0,878316304317;0,497068867493;0,634852984656;79,3536474875;0;0;0;0
0;1;0;1;0;0;1;0;0;0;0;1;0;1;0;0;0;0;0;0;1;0;0;0;0;0;0;0;0;0;0;1;0;1;0;0;0;0;1;0;1;0;1;1;0;0;0;0;1;1;0;1;0;0;1;0;1;0;1;1;0;0;0;0;1;0;0;0;0;0;0;1;0;1;0;1;0;0;1;0;1;0;0;1;0;1;0;0;0;0;0;0;1;1;0;0;0;1;0;0;1;1;0;0;1;1;1;0;0;0;1;0;0;0;0;0;0;0;0;0;0;1;1;0;0;0;1;0;0;0;1;0;0;0;0;0;1;0;1;1;1;1;0;0;1;0;0;0;1;0;0,496663829572;0,493946446581;0,878316304317;0,497068867493;0,634852984656;79,3536474875;0;0;0;0
0;1;0;1;0;0;1;0;0;0;0;1;0;1;0;0;0;0;0;0;1;0;0;0;0;0;0;0;0;0;0;1;0;1;0;0;0;0;1;0;1;0;1;1;0;0;0;0;1;1;0;1;0;0;1;0;1;0;1;1;0;0;0;0;1;0;0;0;0;0;0;1;0;1;0;1;0;0;1;0;1;0;0;1;0;1;0;0;0;0;0;0;1;1;0;0;0;1;0;0;1;1;0;0;1;1;1;0;0;0;1;0;0;0;0;0;0;0;0;0;0;1;1;0;0;0;1;0;0;0;1;0;0;0;0;0;1;0;1;1;1;1;0;0;1;0;0;0;1;0;0,496663829572;0,493946446581;0,878316304317;0,497068867493;0,634852984656;79,3536474875;0;0;0;0
0;1;0;1;0;0;1;0;0;0;0;1;0;1;0;0;0;0;0;0;1;0;0;0;0;0;0;0;0;0;0;1;0;1;0;0;0;0;1;0;1;0;1;1;0;0;0;0;1;1;0;1;0;0;1;0;1;0;1;1;0;0;0;0;1;0;0;0;0;0;0;1;0;1;0;1;0;0;1;0;1;0;0;1;0;1;0;0;0;0;0;0;1;1;0;0;0;1;0;0;1;1;0;0;1;1;1;0;0;0;1;0;0;0;0;0;0;0;0;0;0;1;1;0;0;0;1;0;0;0;1;0;0;0;0;0;1;0;1;1;1;1;0;0;1;0;0;0;1;0;0,496663829572;0,493946446581;0,878316304317;0,497068867493;0,634852984656;79,3536474875;0;0;0;0
0;1;0;1;0;0;1;0;0;0;0;1;0;1;0;0;0;0;0;0;1;0;0;0;0;0;0;0;0;0;0;1;0;1;0;0;0;0;1;0;1;0;1;1;0;0;0;0;1;1;0;1;0;0;1;0;1;0;1;1;0;0;0;0;1;0;0;0;0;0;0;1;0;1;0;1;0;0;1;0;1;0;0;1;0;1;0;0;0;0;0;0;1;1;0;0;0;1;0;0;1;1;0;0;1;1;1;0;0;0;1;0;0;0;0;0;0;0;0;0;0;1;1;0;0;0;1;0;0;0;1;0;0;0;0;0;1;0;1;1;1;1;0;0;1;0;0;0;1;0;0,496663829572;0,493946446581;0,878316304317;0,497068867493;0,634852984656;79,3536474875;0;0;0;0
0;1;0;1;0;0;1;0;0;0;0;1;0;1;0;0;0;0;0;0;1;0;0;0;0;0;0;0;0;0;0;1;0;1;0;0;0;0;1;0;1;0;1;1;0;0;0;0;1;1;0;1;0;0;1;0;1;0;1;1;0;0;0;0;1;0;0;0;0;0;0;1;0;1;0;1;0;0;1;0;1;0;0;1;0;1;0;0;0;0;0;0;1;1;0;0;0;1;0;0;1;1;0;0;1;1;1;0;0;0;1;0;0;0;0;0;0;0;0;0;0;1;1;0;0;0;1;0;0;0;1;0;0;0;0;0;1;0;1;1;1;1;0;0;1;0;0;0;1;0;0,496663829572;0,493946446581;0,878316304317;0,497068867493;0,634852984656;79,3536474875;0;0;0;0
0;1;0;1;0;0;1;0;0;0;0;1;0;1;0;0;0;0;0;0;1;0;0;0;0;0;0;0;0;0;0;1;0;1;0;0;0;0;1;0;1;0;1;1;0;0;0;0;1;1;0;1;0;0;1;0;1;0;1;1;0;0;0;0;1;0;0;0;0;0;0;1;0;1;0;1;0;0;1;0;1;0;0;1;0;1;0;0;0;0;0;0;1;1;0;0;0;1;0;0;1;1;0;0;1;1;1;0;0;0;1;0;0;0;0;0;0;0;0;0;0;1;1;0;0;0;1;0;0;0;1;0;0;0;0;0;1;0;1;1;1;1;0;0;1;0;0;0;1;0;0,496663829572;0,493946446581;0,878316304317;0,497068867493;0,634852984656;79,3536474875;0;0;0;0
0;1;0;1;0;0;1;0;0;0;0;1;0;1;0;0;0;0;0;0;1;0;0;0;0;0;0;0;0;0;0;1;0;1;0;0;0;0;1;0;1;0;1;1;0;0;0;0;1;1;0;1;0;0;1;0;1;0;1;1;0;0;0;0;1;0;0;0;0;0;0;1;0;1;0;1;0;0;1;0;1;0;0;1;0;1;0;0;0;0;0;0;1;1;0;0;0;1;0;0;1;1;0;0;1;1;1;0;0;0;1;0;0;0;0;0;0;0;0;0;0;1;1;0;0;0;1;0;0;0;1;0;0;0;0;0;1;0;1;1;1;1;0;0;1;0;0;0;1;0;0,496663829572;0,493946446581;0,878316304317;0,497068867493;0,634852984656;79,3536474875;0;0;0;0
0;1;0;1;0;0;1;0;0;0;0;1;0;1;0;0;0;0;0;0;1;0;0;0;0;0;0;0;0;0;0;1;0;1;0;0;0;0;1;0;1;0;1;1;0;0;0;0;1;1;0;1;0;0;1;0;1;0;1;1;0;0;0;0;1;0;0;0;0;0;0;1;0;1;0;1;0;0;1;0;1;0;0;1;0;1;0;0;0;0;0;0;1;1;0;0;0;1;0;0;1;1;0;0;1;1;1;0;0;0;1;0;0;0;0;0;0;0;0;0;0;1;1;0;0;0;1;0;0;0;1;0;0;0;0;0;1;0;1;1;1;1;0;0;1;0;0;0;1;0;0,496663829572;0,493946446581;0,878316304317;0,497068867493;0,634852984656;79,3536474875;0;0;0;0
0;1;0;1;0;0;1;0;0;0;0;1;0;1;0;0;0;0;0;0;1;0;0;0;0;0;0;0;0;0;0;1;0;1;0;0;0;0;1;0;1;0;1;1;0;0;0;0;1;1;0;1;0;0;1;0;1;0;1;1;0;0;0;0;1;0;0;0;0;0;0;1;0;1;0;1;0;0;1;0;1;0;0;1;0;1;0;0;0;0;0;0;1;1;0;0;0;1;0;0;1;1;0;0;1;1;1;0;0;0;1;0;0;0;0;0;0;0;0;0;0;1;1;0;0;0;1;0;0;0;1;0;0;0;0;0;1;0;1;1;1;1;0;0;1;0;0;0;1;0;0,496663829572;0,493946446581;0,878316304317;0,497068867493;0,634852984656;79,3536474875;0;0;0;0
0;1;0;1;0;0;1;0;0;0;0;1;0;1;0;0;0;0;0;0;1;0;0;0;0;0;0;0;0;0;0;1;0;1;0;0;0;0;1;0;1;0;1;1;0;0;0;0;1;1;0;1;0;0;1;0;1;0;1;1;0;0;0;0;1;0;0;0;0;0;0;1;0;1;0;1;0;0;1;0;1;0;0;1;0;1;0;0;0;0;0;0;1;1;0;0;0;1;0;0;1;1;0;0;1;1;1;0;0;0;1;0;0;0;0;0;0;0;0;0;0;1;1;0;0;0;1;0;0;0;1;0;0;0;0;0;1;0;1;1;1;1;0;0;1;0;0;0;1;0;0,496663829572;0,493946446581;0,878316304317;0,497068867493;0,634852984656;79,3536474875;0;0;0;0
0;1;0;1;0;0;1;0;0;0;0;1;0;1;0;0;0;0;0;0;1;0;0;0;0;0;0;0;0;0;0;1;0;1;0;0;0;0;1;0;1;0;1;1;0;0;0;0;1;1;0;1;0;0;1;0;1;0;1;1;0;0;0;0;1;0;0;0;0;0;0;1;0;1;0;1;0;0;1;0;1;0;0;1;0;1;0;0;0;0;0;0;1;1;0;0;0;1;0;0;1;1;0;0;1;1;1;0;0;0;1;0;0;0;0;0;0;0;0;0;0;1;1;0;0;0;1;0;0;0;1;0;0;0;0;0;1;0;1;1;1;1;0;0;1;0;0;0;1;0;0,496663829572;0,493946446581;0,878316304317;0,497068867493;0,634852984656;79,3536474875;0;0;0;0
0;1;0;1;0;0;1;0;0;0;0;1;0;1;0;0;0;0;0;0;1;0;0;0;0;0;0;0;0;0;0;1;0;1;0;0;0;0;1;0;1;0;1;1;0;0;0;0;1;1;0;1;0;0;1;0;1;0;1;1;0;0;0;0;1;0;0;0;0;0;0;1;0;1;0;1;0;0;1;0;1;0;0;1;0;1;0;0;0;0;0;0;1;1;0;0;0;1;0;0;1;1;0;0;1;1;1;0;0;0;1;0;0;0;0;0;0;0;0;0;0;1;1;0;0;0;1;0;0;0;1;0;0;0;0;0;1;0;1;1;1;1;0;0;1;0;0;0;1;0;0,496663829572;0,493946446581;0,878316304317;0,497068867493;0,634852984656;79,3536474875;0;0;0;0
0;1;0;1;0;0;1;0;0;0;0;1;0;1;0;0;0;0;0;0;1;0;0;0;0;0;0;0;0;0;0;1;0;1;0;0;0;0;1;0;1;0;1;1;0;0;0;0;1;1;0;1;0;0;1;0;1;0;1;1;0;0;0;0;1;0;0;0;0;0;0;1;0;1;0;1;0;0;1;0;1;0;0;1;0;1;0;0;0;0;0;0;1;1;0;0;0;1;0;0;1;1;0;0;1;1;1;0;0;0;1;0;0;0;0;0;0;0;0;0;0;1;1;0;0;0;1;0;0;0;1;0;0;0;0;0;1;0;1;1;1;1;0;0;1;0;0;0;1;0;0,496663829572;0,493946446581;0,878316304317;0,497068867493;0,634852984656;79,3536474875;0;0;0;0
0;1;0;1;0;0;1;0;0;0;0;1;0;1;0;0;0;0;0;0;1;0;0;0;0;0;0;0;0;0;0;1;0;1;0;0;0;0;1;0;1;0;1;1;0;0;0;0;1;1;0;1;0;0;1;0;1;0;1;1;0;0;0;0;1;0;0;0;0;0;0;1;0;1;0;1;0;0;1;0;1;0;0;1;0;1;0;0;0;0;0;0;1;1;0;0;0;1;0;0;1;1;0;0;1;1;1;0;0;0;1;0;0;0;0;0;0;0;0;0;0;1;1;0;0;0;1;0;0;0;1;0;0;0;0;0;1;0;1;1;1;1;0;0;1;0;0;0;1;0;0,496663829572;0,493946446581;0,878316304317;0,497068867493;0,634852984656;79,3536474875;0;0;0;0
0;1;0;1;0;0;1;0;0;0;0;1;0;1;0;0;0;0;0;0;1;0;0;0;0;0;0;0;0;0;0;1;0;1;0;0;0;0;1;0;1;0;1;1;0;0;0;0;1;1;0;1;0;0;1;0;1;0;1;1;0;0;0;0;1;0;0;0;0;0;0;1;0;1;0;1;0;0;1;0;1;0;0;1;0;1;0;0;0;0;0;0;1;1;0;0;0;1;0;0;1;1;0;0;1;1;1;0;0;0;1;0;0;0;0;0;0;0;0;0;0;1;1;0;0;0;1;0;0;0;1;0;0;0;0;0;1;0;1;1;1;1;0;0;1;0;0;0;1;0;0,496663829572;0,493946446581;0,878316304317;0,497068867493;0,634852984656;79,3536474875;0;0;0;0
0;1;0;1;0;0;1;0;0;0;0;1;0;1;0;0;0;0;0;0;1;0;0;0;0;0;0;0;0;0;0;1;0;1;0;0;0;0;1;0;1;0;1;1;0;0;0;0;1;1;0;1;0;0;1;0;1;0;1;1;0;0;0;0;1;0;0;0;0;0;0;1;0;1;0;1;0;0;1;0;1;0;0;1;0;1;0;0;0;0;0;0;1;1;0;0;0;1;0;0;1;1;0;0;1;1;1;0;0;0;1;0;0;0;0;0;0;0;0;0;0;1;1;0;0;0;1;0;0;0;1;0;0;0;0;0;1;0;1;1;1;1;0;0;1;0;0;0;1;0;0,496663829572;0,493946446581;0,878316304317;0,497068867493;0,634852984656;79,3536474875;0;0;0;0
0;1;0;1;0;0;1;0;0;0;0;1;0;1;0;0;0;0;0;0;1;0;0;0;0;0;0;0;0;0;0;1;0;1;0;0;0;0;1;0;1;0;1;1;0;0;0;0;1;1;0;1;0;0;1;0;1;0;1;1;0;0;0;0;1;0;0;0;0;0;0;1;0;1;0;1;0;0;1;0;1;0;0;1;0;1;0;0;0;0;0;0;1;1;0;0;0;1;0;0;1;1;0;0;1;1;1;0;0;0;1;0;0;0;0;0;0;0;0;0;0;1;1;0;0;0;1;0;0;0;1;0;0;0;0;0;1;0;1;1;1;1;0;0;1;0;0;0;1;0;0,496663829572;0,493946446581;0,878316304317;0,497068867493;0,634852984656;79,3536474875;0;0;0;0
0;1;0;1;0;0;1;0;0;0;0;1;0;1;0;0;0;0;0;0;1;0;0;0;0;0;0;0;0;0;0;1;0;1;0;0;0;0;1;0;1;0;1;1;0;0;0;0;1;1;0;1;0;0;1;0;1;0;1;1;0;0;0;0;1;0;0;0;0;0;0;1;0;1;0;1;0;0;1;0;1;0;0;1;0;1;0;0;0;0;0;0;1;1;0;0;0;1;0;0;1;1;0;0;1;1;1;0;0;0;1;0;0;0;0;0;0;0;0;0;0;1;1;0;0;0;1;0;0;0;1;0;0;0;0;0;1;0;1;1;1;1;0;0;1;0;0;0;1;0;0,496663829572;0,493946446581;0,878316304317;0,497068867493;0,634852984656;79,3536474875;0;0;0;0
0;1;0;1;0;0;1;0;0;0;0;1;0;1;0;0;0;0;0;0;1;0;0;0;0;0;0;0;0;0;0;1;0;1;0;0;0;0;1;0;1;0;1;1;0;0;0;0;1;1;0;1;0;0;1;0;1;0;1;1;0;0;0;0;1;0;0;0;0;0;0;1;0;1;0;1;0;0;1;0;1;0;0;1;0;1;0;0;0;0;0;0;1;1;0;0;0;1;0;0;1;1;0;0;1;1;1;0;0;0;1;0;0;0;0;0;0;0;0;0;0;1;1;0;0;0;1;0;0;0;1;0;0;0;0;0;1;0;1;1;1;1;0;0;1;0;0;0;1;0;0,496663829572;0,493946446581;0,878316304317;0,497068867493;0,634852984656;79,3536474875;0;0;0;0
0;1;0;1;0;0;1;0;0;0;0;1;0;1;0;0;0;0;0;0;1;0;0;0;0;0;0;0;0;0;0;1;0;1;0;0;0;0;1;0;1;0;1;1;0;0;0;0;1;1;0;1;0;0;1;0;1;0;1;1;0;0;0;0;1;0;0;0;0;0;0;1;0;1;0;1;0;0;1;0;1;0;0;1;0;1;0;0;0;0;0;0;1;1;0;0;0;1;0;0;1;1;0;0;1;1;1;0;0;0;1;0;0;0;0;0;0;0;0;0;0;1;1;0;0;0;1;0;0;0;1;0;0;0;0;0;1;0;1;1;1;1;0;0;1;0;0;0;1;0;0,496663829572;0,493946446581;0,878316304317;0,497068867493;0,634852984656;79,3536474875;0;0;0;0
0;1;0;1;0;0;1;0;0;0;0;1;0;1;0;0;0;0;0;0;1;0;0;0;0;0;0;0;0;0;0;1;0;1;0;0;0;0;1;0;1;0;1;1;0;0;0;0;1;1;0;1;0;0;1;0;1;0;1;1;0;0;0;0;1;0;0;0;0;0;0;1;0;1;0;1;0;0;1;0;1;0;0;1;0;1;0;0;0;0;0;0;1;1;0;0;0;1;0;0;1;1;0;0;1;1;1;0;0;0;1;0;0;0;0;0;0;0;0;0;0;1;1;0;0;0;1;0;0;0;1;0;0;0;0;0;1;0;1;1;1;1;0;0;1;0;0;0;1;0;0,496663829572;0,493946446581;0,878316304317;0,497068867493;0,634852984656;79,3536474875;0;0;0;0
0;1;0;1;0;0;1;0;0;0;0;1;0;1;0;0;0;0;0;0;1;0;0;0;0;0;0;0;0;0;0;1;0;1;0;0;0;0;1;0;1;0;1;1;0;0;0;0;1;1;0;1;0;0;1;0;1;0;1;1;0;0;0;0;1;0;0;0;0;0;0;1;0;1;0;1;0;0;1;0;1;0;0;1;0;1;0;0;0;0;0;0;1;1;0;0;0;1;0;0;1;1;0;0;1;1;1;0;0;0;1;0;0;0;0;0;0;0;0;0;0;1;1;0;0;0;1;0;0;0;1;0;0;0;0;0;1;0;1;1;1;1;0;0;1;0;0;0;1;0;0,496663829572;0,493946446581;0,878316304317;0,497068867493;0,634852984656;79,3536474875;0;0;0;0
0;1;0;1;0;0;1;0;0;0;0;1;0;1;0;0;0;0;0;0;1;0;0;0;0;0;0;0;0;0;0;1;0;1;0;0;0;0;1;0;1;0;1;1;0;0;0;0;1;1;0;1;0;0;1;0;1;0;1;1;0;0;0;0;1;0;0;0;0;0;0;1;0;1;0;1;0;0;1;0;1;0;0;1;0;1;0;0;0;0;0;0;1;1;0;0;0;1;0;0;1;1;0;0;1;1;1;0;0;0;1;0;0;0;0;0;0;0;0;0;0;1;1;0;0;0;1;0;0;0;1;0;0;0;0;0;1;0;1;1;1;1;0;0;1;0;0;0;1;0;0,496663829572;0,493946446581;0,878316304317;0,497068867493;0,634852984656;79,3536474875;0;0;0;0
0;1;0;1;0;0;1;0;0;0;0;1;0;1;0;0;0;0;0;0;1;0;0;0;0;0;0;0;0;0;0;1;0;1;0;0;0;0;1;0;1;0;1;1;0;0;0;0;1;1;0;1;0;0;1;0;1;0;1;1;0;0;0;0;1;0;0;0;0;0;0;1;0;1;0;1;0;0;1;0;1;0;0;1;0;1;0;0;0;0;0;0;1;1;0;0;0;1;0;0;1;1;0;0;1;1;1;0;0;0;1;0;0;0;0;0;0;0;0;0;0;1;1;0;0;0;1;0;0;0;1;0;0;0;0;0;1;0;1;1;1;1;0;0;1;0;0;0;1;0;0,496663829572;0,493946446581;0,878316304317;0,497068867493;0,634852984656;79,3536474875;0;0;0;0
0;1;0;1;0;0;1;0;0;0;0;1;0;1;0;0;0;0;0;0;1;0;0;0;0;0;0;0;0;0;0;1;0;1;0;0;0;0;1;0;1;0;1;1;0;0;0;0;1;1;0;1;0;0;1;0;1;0;1;1;0;0;0;0;1;0;0;0;0;0;0;1;0;1;0;1;0;0;1;0;1;0;0;1;0;1;0;0;0;0;0;0;1;1;0;0;0;1;0;0;1;1;0;0;1;1;1;0;0;0;1;0;0;0;0;0;0;0;0;0;0;1;1;0;0;0;1;0;0;0;1;0;0;0;0;0;1;0;1;1;1;1;0;0;1;0;0;0;1;0;0,496663829572;0,493946446581;0,878316304317;0,497068867493;0,634852984656;79,3536474875;0;0;0;0
