10;40;30;db;Cosine;4;2
3;3;3;3;3;2;3;2;2;3;4;3;2;2;2;2;2;3;3;3;3;3;2;3;3;2;3;3;3;3;3;3;1;3;0;3;2;3;3;3;2;1;2;2;3;1;2;2;2;3;3;3;3;3;2;3;3;3;2;3;4;2;3;2;2;2;3;3;3;3;3;3;3;2;3;3;3;3;3;3;3;2;3;2;3;1;3;3;3;2;3;2;3;2;2;3;2;3;3;2;2;2;3;0;3;2;3;3;3;3;3;3;0;3;3;3;2;2;2;2;2;3;3;3;3;2;3;3;3;2;3;1;2;3;3;3;0;2;3;3;3;2;2;2;3;0;0;4;3;2;0,519600029435;0,579563243137;0,651373269252;0,591634401076;0,620068312095;13,9036599501;0;0;0;0
3;3;3;3;3;2;3;2;2;3;4;3;2;2;2;2;2;3;3;3;3;3;2;3;3;2;3;3;3;3;3;3;1;3;0;3;2;3;3;3;2;1;2;2;3;1;2;2;2;3;3;3;3;3;2;3;3;3;2;3;4;2;3;2;2;2;3;3;3;3;3;3;3;2;3;3;3;3;3;3;3;2;3;2;3;1;3;3;3;2;3;2;3;2;2;3;2;3;3;2;2;2;3;0;3;2;3;3;3;3;3;3;0;3;3;3;2;2;2;2;2;3;3;3;3;2;3;3;3;2;3;1;2;3;3;3;0;2;3;3;3;2;2;2;3;0;0;4;3;2;0,519600029435;0,579563243137;0,651373269252;0,591634401076;0,620068312095;13,9036599501;0;0;0;0
3;3;3;3;3;2;3;2;2;3;4;3;2;2;2;2;2;3;3;3;3;3;2;3;3;2;3;3;3;3;3;3;1;3;0;3;2;3;3;3;2;1;2;2;3;1;2;2;2;3;3;3;3;3;2;3;3;3;2;3;4;2;3;2;2;2;3;3;3;3;3;3;3;2;3;3;3;3;3;3;3;2;3;2;3;1;3;3;3;2;3;2;3;2;2;3;2;3;3;2;2;2;3;0;3;2;3;3;3;3;3;3;0;3;3;3;2;2;2;2;2;3;3;3;3;2;3;3;3;2;3;1;2;3;3;3;0;2;3;3;3;2;2;2;3;0;0;4;3;2;0,519600029435;0,579563243137;0,651373269252;0,591634401076;0,620068312095;13,9036599501;0;0;0;0
3;3;3;3;3;2;3;2;2;3;4;3;2;2;2;2;2;3;3;3;3;3;2;3;3;2;3;3;3;3;3;3;1;3;0;3;2;3;3;3;2;1;2;2;3;1;2;2;2;3;3;3;3;3;2;3;3;3;2;3;4;2;3;2;2;2;3;3;3;3;3;3;3;2;3;3;3;3;3;3;3;2;3;2;3;1;3;3;3;2;3;2;3;2;2;3;2;3;3;2;2;2;3;0;3;2;3;3;3;3;3;3;0;3;3;3;2;2;2;2;2;3;3;3;3;2;3;3;3;2;3;1;2;3;3;3;0;2;3;3;3;2;2;2;3;0;0;4;3;2;0,519600029435;0,579563243137;0,651373269252;0,591634401076;0,620068312095;13,9036599501;0;0;0;0
3;3;3;3;3;2;3;2;2;3;4;3;2;2;2;2;2;3;3;3;3;3;2;3;3;2;3;3;3;3;3;3;1;3;0;3;2;3;3;3;2;1;2;2;3;1;2;2;2;3;3;3;3;3;2;3;3;3;2;3;4;2;3;2;2;2;3;3;3;3;3;3;3;2;3;3;3;3;3;3;3;2;3;2;3;1;3;3;3;2;3;2;3;2;2;3;2;3;3;2;2;2;3;0;3;2;3;3;3;3;3;3;0;3;3;3;2;2;2;2;2;3;3;3;3;2;3;3;3;2;3;1;2;3;3;3;0;2;3;3;3;2;2;2;3;0;0;4;3;2;0,519600029435;0,579563243137;0,651373269252;0,591634401076;0,620068312095;13,9036599501;0;0;0;0
3;3;3;3;3;2;3;2;2;3;4;3;2;2;2;2;2;3;3;3;3;3;2;3;3;2;3;3;3;3;3;3;1;3;0;3;2;3;3;3;2;1;2;2;3;1;2;2;2;3;3;3;3;3;2;3;3;3;2;3;4;2;3;2;2;2;3;3;3;3;3;3;3;2;3;3;3;3;3;3;3;2;3;2;3;1;3;3;3;2;3;2;3;2;2;3;2;3;3;2;2;2;3;0;3;2;3;3;3;3;3;3;0;3;3;3;2;2;2;2;2;3;3;3;3;2;3;3;3;2;3;1;2;3;3;3;0;2;3;3;3;2;2;2;3;0;0;4;3;2;0,519600029435;0,579563243137;0,651373269252;0,591634401076;0,620068312095;13,9036599501;0;0;0;0
3;3;3;3;3;2;3;2;2;3;4;3;2;2;2;2;2;3;3;3;3;3;2;3;3;2;3;3;3;3;3;3;1;3;0;3;2;3;3;3;2;1;2;2;3;1;2;2;2;3;3;3;3;3;2;3;3;3;2;3;4;2;3;2;2;2;3;3;3;3;3;3;3;2;3;3;3;3;3;3;3;2;3;2;3;1;3;3;3;2;3;2;3;2;2;3;2;3;3;2;2;2;3;0;3;2;3;3;3;3;3;3;0;3;3;3;2;2;2;2;2;3;3;3;3;2;3;3;3;2;3;1;2;3;3;3;0;2;3;3;3;2;2;2;3;0;0;4;3;2;0,519600029435;0,579563243137;0,651373269252;0,591634401076;0,620068312095;13,9036599501;0;0;0;0
3;3;3;3;3;2;3;2;2;3;4;3;2;2;2;2;2;3;3;3;3;3;2;3;3;2;3;3;3;3;3;3;1;3;0;3;2;3;3;3;2;1;2;2;3;1;2;2;2;3;3;3;3;3;2;3;3;3;2;3;4;2;3;2;2;2;3;3;3;3;3;3;3;2;3;3;3;3;3;3;3;2;3;2;3;1;3;3;3;2;3;2;3;2;2;3;2;3;3;2;2;2;3;0;3;2;3;3;3;3;3;3;0;3;3;3;2;2;2;2;2;3;3;3;3;2;3;3;3;2;3;1;2;3;3;3;0;2;3;3;3;2;2;2;3;0;0;4;3;2;0,519600029435;0,579563243137;0,651373269252;0,591634401076;0,620068312095;13,9036599501;0;0;0;0
3;3;3;3;3;2;3;2;2;3;4;3;2;2;2;2;2;3;3;3;3;3;2;3;3;2;3;3;3;3;3;3;1;3;0;3;2;3;3;3;2;1;2;2;3;1;2;2;2;3;3;3;3;3;2;3;3;3;2;3;4;2;3;2;2;2;3;3;3;3;3;3;3;2;3;3;3;3;3;3;3;2;3;2;3;1;3;3;3;2;3;2;3;2;2;3;2;3;3;2;2;2;3;0;3;2;3;3;3;3;3;3;0;3;3;3;2;2;2;2;2;3;3;3;3;2;3;3;3;2;3;1;2;3;3;3;0;2;3;3;3;2;2;2;3;0;0;4;3;2;0,519600029435;0,579563243137;0,651373269252;0,591634401076;0,620068312095;13,9036599501;0;0;0;0
2;2;2;2;2;0;2;0;0;2;2;4;0;0;0;0;0;2;2;2;4;2;0;2;4;0;2;4;2;2;2;2;4;2;2;2;0;2;2;2;0;3;0;0;2;4;0;0;0;2;4;2;2;2;0;2;2;2;0;1;3;0;2;0;0;0;3;1;1;2;1;2;4;0;1;2;2;2;4;2;2;0;4;0;2;4;4;1;2;0;2;0;2;0;0;1;0;2;2;0;0;0;2;2;2;0;2;2;2;2;2;2;0;2;4;2;0;0;0;0;0;2;2;2;2;0;2;2;2;0;2;4;0;2;2;2;0;0;3;2;2;0;0;0;2;0;3;2;2;0;0,498088596666;0,504236367067;0,516584422084;0,561917704694;0,538298303788;13,9349778622;0;0;0;0
2;2;2;2;2;0;2;0;0;2;2;4;0;0;0;0;0;2;2;2;4;2;0;2;4;0;2;4;2;2;2;2;4;2;2;2;0;2;2;2;0;3;0;0;2;4;0;0;0;2;4;2;2;2;0;2;2;2;0;1;3;0;2;0;0;0;3;1;1;2;1;2;4;0;1;2;2;2;4;2;2;0;4;0;2;4;4;1;2;0;2;0;2;0;0;1;0;2;2;0;0;0;2;2;2;0;2;2;2;2;2;2;0;2;4;2;0;0;0;0;0;2;2;2;2;0;2;2;2;0;2;4;0;2;2;2;0;0;3;2;2;0;0;0;2;0;3;2;2;0;0,498088596666;0,504236367067;0,516584422084;0,561917704694;0,538298303788;13,9349778622;0;0;0;0
2;2;2;2;2;0;2;0;0;2;2;4;0;0;0;0;0;2;2;2;4;2;0;2;4;0;2;4;2;2;2;2;4;2;2;2;0;2;2;2;0;3;0;0;2;4;0;0;0;2;4;2;2;2;0;2;2;2;0;1;3;0;2;0;0;0;3;1;1;2;1;2;4;0;1;2;2;2;4;2;2;0;4;0;2;4;4;1;2;0;2;0;2;0;0;1;0;2;2;0;0;0;2;2;2;0;2;2;2;2;2;2;0;2;4;2;0;0;0;0;0;2;2;2;2;0;2;2;2;0;2;4;0;2;2;2;0;0;3;2;2;0;0;0;2;0;3;2;2;0;0,498088596666;0,504236367067;0,516584422084;0,561917704694;0,538298303788;13,9349778622;0;0;0;0
2;2;2;2;4;0;2;0;0;2;2;4;0;0;0;0;0;2;2;2;4;2;0;2;4;0;2;4;2;2;2;2;4;2;3;2;0;2;2;3;0;3;0;0;2;4;0;0;0;2;4;2;2;2;0;2;2;2;0;1;3;0;2;0;0;0;3;2;2;2;2;2;4;0;2;2;2;4;4;2;2;0;4;0;2;4;4;1;2;0;2;0;2;0;0;2;0;2;2;0;0;0;2;2;2;0;2;2;2;2;2;2;0;2;4;3;0;0;0;0;0;2;2;2;2;0;2;2;2;0;2;4;0;2;2;2;0;0;3;2;2;0;0;0;2;0;3;2;2;0;0,504733985922;0,516103009766;0,528462312295;0,562754922429;0,545069777307;14,4458101073;0;0;0;0
2;2;2;2;4;0;2;0;0;2;2;4;0;0;0;0;0;2;2;2;4;2;0;2;4;0;2;4;2;2;2;2;4;2;3;2;0;2;2;3;0;3;0;0;2;4;0;0;0;2;4;2;2;2;0;2;2;2;0;1;3;0;2;0;0;0;3;2;2;2;2;2;4;0;2;2;2;4;4;2;2;0;4;0;2;4;4;1;2;0;2;0;2;0;0;2;0;2;2;0;0;0;2;2;2;0;2;2;2;2;2;2;0;2;4;3;0;0;0;0;0;2;2;2;2;0;2;2;2;0;2;4;0;2;2;2;0;0;3;2;2;0;0;0;2;0;3;2;2;0;0,504733985922;0,516103009766;0,528462312295;0,562754922429;0,545069777307;14,4458101073;0;0;0;0
2;2;2;2;4;0;2;0;0;2;2;4;0;0;0;0;0;2;2;2;4;2;0;2;4;0;2;4;2;2;2;2;4;2;3;2;0;2;2;3;0;3;0;0;2;4;0;0;0;2;4;2;2;2;0;2;2;2;0;1;3;0;2;0;0;0;3;2;2;2;2;2;4;0;2;2;2;4;4;2;2;0;4;0;2;4;4;1;2;0;2;0;2;0;0;2;0;2;2;0;0;0;2;2;2;0;2;2;2;2;2;2;0;2;4;3;0;0;0;0;0;2;2;2;2;0;2;2;2;0;2;4;0;2;2;2;0;0;3;2;2;0;0;0;2;0;3;2;2;0;0,504733985922;0,516103009766;0,528462312295;0,562754922429;0,545069777307;14,4458101073;0;0;0;0
2;2;2;2;4;0;2;0;0;2;2;4;0;0;0;0;0;2;2;2;4;2;0;2;4;0;2;4;2;2;2;2;4;2;3;2;0;2;2;3;0;3;0;0;2;4;0;0;0;2;4;2;2;2;0;2;2;2;0;1;3;0;2;0;0;0;3;2;2;2;2;2;4;0;2;2;2;4;4;2;2;0;4;0;2;4;4;1;2;0;2;0;2;0;0;2;0;2;2;0;0;0;2;2;2;0;2;2;2;2;2;2;0;2;4;3;0;0;0;0;0;2;2;2;2;0;2;2;2;0;2;4;0;2;2;2;0;0;3;2;2;0;0;0;2;0;3;2;2;0;0,504733985922;0,516103009766;0,528462312295;0,562754922429;0,545069777307;14,4458101073;0;0;0;0
2;2;2;2;4;0;2;0;0;2;2;4;0;0;0;0;0;2;2;2;4;2;0;2;4;0;2;4;2;2;2;2;4;2;3;2;0;2;2;3;0;3;0;0;2;4;0;0;0;2;4;2;2;2;0;2;2;2;0;1;3;0;2;0;0;0;3;2;2;2;2;2;4;0;2;2;2;4;4;2;2;0;4;0;2;4;4;1;2;0;2;0;2;0;0;2;0;2;2;0;0;0;2;2;2;0;2;2;2;2;2;2;0;2;4;3;0;0;0;0;0;2;2;2;2;0;2;2;2;0;2;4;0;2;2;2;0;0;3;2;2;0;0;0;2;0;3;2;2;0;0,504733985922;0,516103009766;0,528462312295;0,562754922429;0,545069777307;14,4458101073;0;0;0;0
2;2;2;2;4;0;2;0;0;2;2;4;0;0;0;0;0;2;2;2;4;2;0;2;4;0;2;4;2;2;2;2;4;2;3;2;0;2;2;3;0;3;0;0;2;4;0;0;0;2;4;2;2;2;0;2;2;2;0;1;3;0;2;0;0;0;3;2;2;2;2;2;4;0;2;2;2;4;4;2;2;0;4;0;2;4;4;1;2;0;2;0;2;0;0;2;0;2;2;0;0;0;2;2;2;0;2;2;2;2;2;2;0;2;4;3;0;0;0;0;0;2;2;2;2;0;2;2;2;0;2;4;0;2;2;2;0;0;3;2;2;0;0;0;2;0;3;2;2;0;0,504733985922;0,516103009766;0,528462312295;0,562754922429;0,545069777307;14,4458101073;0;0;0;0
2;2;2;2;4;0;2;0;0;2;2;4;0;0;0;0;0;2;2;2;4;2;0;2;4;0;2;4;2;2;2;2;4;2;3;2;0;2;2;3;0;3;0;0;2;4;0;0;0;2;4;2;2;2;0;2;2;2;0;1;3;0;2;0;0;0;3;2;2;2;2;2;4;0;2;2;2;4;4;2;2;0;4;0;2;4;4;1;2;0;2;0;2;0;0;2;0;2;2;0;0;0;2;2;2;0;2;2;2;2;2;2;0;2;4;3;0;0;0;0;0;2;2;2;2;0;2;2;2;0;2;4;0;2;2;2;0;0;3;2;2;0;0;0;2;0;3;2;2;0;0,504733985922;0,516103009766;0,528462312295;0,562754922429;0,545069777307;14,4458101073;0;0;0;0
2;2;2;2;4;0;2;0;0;2;2;4;0;0;0;0;0;2;2;2;4;2;0;2;4;0;2;4;2;2;2;2;4;2;3;2;0;2;2;3;0;3;0;0;2;4;0;0;0;2;4;2;2;2;0;2;2;2;0;1;3;0;2;0;0;0;3;2;2;2;2;2;4;0;2;2;2;4;4;2;2;0;4;0;2;4;4;1;2;0;2;0;2;0;0;2;0;2;2;0;0;0;2;2;2;0;2;2;2;2;2;2;0;2;4;3;0;0;0;0;0;2;2;2;2;0;2;2;2;0;2;4;0;2;2;2;0;0;3;2;2;0;0;0;2;0;3;2;2;0;0,504733985922;0,516103009766;0,528462312295;0,562754922429;0,545069777307;14,4458101073;0;0;0;0
2;2;2;2;4;0;2;0;0;2;2;4;0;0;0;0;0;2;2;2;4;2;0;2;4;0;2;4;2;2;2;2;4;2;3;2;0;2;2;3;0;3;0;0;2;4;0;0;0;2;4;2;2;2;0;2;2;2;0;1;3;0;2;0;0;0;3;2;2;2;2;2;4;0;2;2;2;4;4;2;2;0;4;0;2;4;4;1;2;0;2;0;2;0;0;2;0;2;2;0;0;0;2;2;2;0;2;2;2;2;2;2;0;2;4;3;0;0;0;0;0;2;2;2;2;0;2;2;2;0;2;4;0;2;2;2;0;0;3;2;2;0;0;0;2;0;3;2;2;0;0,504733985922;0,516103009766;0,528462312295;0,562754922429;0,545069777307;14,4458101073;0;0;0;0
2;2;2;2;4;0;2;0;0;2;2;4;0;0;0;0;0;2;2;2;4;2;0;2;4;0;2;4;2;2;2;2;4;2;3;2;0;2;2;3;0;3;0;0;2;4;0;0;0;2;4;2;2;2;0;2;2;2;0;1;3;0;2;0;0;0;3;2;2;2;2;2;4;0;2;2;2;4;4;2;2;0;4;0;2;4;4;1;2;0;2;0;2;0;0;2;0;2;2;0;0;0;2;2;2;0;2;2;2;2;2;2;0;2;4;3;0;0;0;0;0;2;2;2;2;0;2;2;2;0;2;4;0;2;2;2;0;0;3;2;2;0;0;0;2;0;3;2;2;0;0,504733985922;0,516103009766;0,528462312295;0,562754922429;0,545069777307;14,4458101073;0;0;0;0
2;2;2;2;4;0;2;0;0;2;2;4;0;0;0;0;0;2;2;2;4;2;0;2;4;0;2;4;2;2;2;2;4;2;3;2;0;2;2;3;0;3;0;0;2;4;0;0;0;2;4;2;2;2;0;2;2;2;0;1;3;0;2;0;0;0;3;2;2;2;2;2;4;0;2;2;2;4;4;2;2;0;4;0;2;4;4;1;2;0;2;0;2;0;0;2;0;2;2;0;0;0;2;2;2;0;2;2;2;2;2;2;0;2;4;3;0;0;0;0;0;2;2;2;2;0;2;2;2;0;2;4;0;2;2;2;0;0;3;2;2;0;0;0;2;0;3;2;2;0;0,504733985922;0,516103009766;0,528462312295;0,562754922429;0,545069777307;14,4458101073;0;0;0;0
2;2;2;2;4;0;2;0;0;2;2;4;0;0;0;0;0;2;2;2;4;2;0;2;4;0;2;4;2;2;2;2;4;2;3;2;0;2;2;3;0;3;0;0;2;4;0;0;0;2;4;2;2;2;0;2;2;2;0;1;3;0;2;0;0;0;3;2;2;2;2;2;4;0;2;2;2;4;4;2;2;0;4;0;2;4;4;1;2;0;2;0;2;0;0;2;0;2;2;0;0;0;2;2;2;0;2;2;2;2;2;2;0;2;4;3;0;0;0;0;0;2;2;2;2;0;2;2;2;0;2;4;0;2;2;2;0;0;3;2;2;0;0;0;2;0;3;2;2;0;0,504733985922;0,516103009766;0,528462312295;0,562754922429;0,545069777307;14,4458101073;0;0;0;0
2;2;2;2;4;0;2;0;0;2;2;4;0;0;0;0;0;2;2;2;4;2;0;2;4;0;2;4;2;2;2;2;4;2;3;2;0;2;2;3;0;3;0;0;2;4;0;0;0;2;4;2;2;2;0;2;2;2;0;1;3;0;2;0;0;0;3;2;2;2;2;2;4;0;2;2;2;4;4;2;2;0;4;0;2;4;4;1;2;0;2;0;2;0;0;2;0;2;2;0;0;0;2;2;2;0;2;2;2;2;2;2;0;2;4;3;0;0;0;0;0;2;2;2;2;0;2;2;2;0;2;4;0;2;2;2;0;0;3;2;2;0;0;0;2;0;3;2;2;0;0,504733985922;0,516103009766;0,528462312295;0,562754922429;0,545069777307;14,4458101073;0;0;0;0
2;2;2;2;4;0;2;0;0;2;2;4;0;0;0;0;0;2;2;2;4;2;0;2;4;0;2;4;2;2;2;2;4;2;3;2;0;2;2;3;0;3;0;0;2;4;0;0;0;2;4;2;2;2;0;2;2;2;0;1;3;0;2;0;0;0;3;2;2;2;2;2;4;0;2;2;2;4;4;2;2;0;4;0;2;4;4;1;2;0;2;0;2;0;0;2;0;2;2;0;0;0;2;2;2;0;2;2;2;2;2;2;0;2;4;3;0;0;0;0;0;2;2;2;2;0;2;2;2;0;2;4;0;2;2;2;0;0;3;2;2;0;0;0;2;0;3;2;2;0;0,504733985922;0,516103009766;0,528462312295;0,562754922429;0,545069777307;14,4458101073;0;0;0;0
2;2;2;2;4;0;2;0;0;2;2;4;0;0;0;0;0;2;2;2;4;2;0;2;4;0;2;4;2;2;2;2;4;2;3;2;0;2;2;3;0;3;0;0;2;4;0;0;0;2;4;2;2;2;0;2;2;2;0;1;3;0;2;0;0;0;3;2;2;2;2;2;4;0;2;2;2;4;4;2;2;0;4;0;2;4;4;1;2;0;2;0;2;0;0;2;0;2;2;0;0;0;2;2;2;0;2;2;2;2;2;2;0;2;4;3;0;0;0;0;0;2;2;2;2;0;2;2;2;0;2;4;0;2;2;2;0;0;3;2;2;0;0;0;2;0;3;2;2;0;0,504733985922;0,516103009766;0,528462312295;0,562754922429;0,545069777307;14,4458101073;0;0;0;0
2;2;2;2;4;0;2;0;0;2;2;4;0;0;0;0;0;1;2;2;4;2;0;2;4;0;2;1;2;1;2;1;4;2;2;1;0;2;2;2;0;3;0;0;2;4;0;0;0;2;4;2;2;2;0;1;2;2;0;1;2;0;1;0;0;0;3;1;1;2;1;2;4;0;1;2;2;4;4;2;2;0;4;0;2;4;4;1;2;0;2;0;2;0;0;1;0;2;2;0;0;0;2;2;2;0;1;2;2;2;2;2;0;2;4;3;0;0;0;0;0;2;2;2;2;0;2;2;2;0;2;4;0;2;2;2;0;0;3;2;2;0;0;0;2;0;3;2;2;0;0,485313141656;0,468329654351;0,480168882394;0,569981022867;0,521234443511;14,7822251;0;0;0;0
2;2;2;2;4;0;2;0;0;2;2;4;0;0;0;0;0;1;2;2;4;2;0;2;4;0;2;1;2;1;2;1;4;2;2;1;0;2;2;2;0;3;0;0;2;4;0;0;0;2;4;2;2;2;0;1;2;2;0;1;2;0;1;0;0;0;3;1;1;2;1;2;4;0;1;2;2;4;4;2;2;0;4;0;2;4;4;1;2;0;2;0;2;0;0;1;0;2;2;0;0;0;2;2;2;0;1;2;2;2;2;2;0;2;4;3;0;0;0;0;0;2;2;2;2;0;2;2;2;0;2;4;0;2;2;2;0;0;3;2;2;0;0;0;2;0;3;2;2;0;0,485313141656;0,468329654351;0,480168882394;0,569981022867;0,521234443511;14,7822251;0;0;0;0
2;2;2;2;4;0;2;0;0;2;2;4;0;0;0;0;0;1;2;2;4;2;0;2;4;0;2;1;2;1;2;1;4;2;2;1;0;2;2;2;0;3;0;0;2;4;0;0;0;2;4;2;2;2;0;1;2;2;0;1;2;0;1;0;0;0;3;1;1;2;1;2;4;0;1;2;2;4;4;2;2;0;4;0;2;4;4;1;2;0;2;0;2;0;0;1;0;2;2;0;0;0;2;2;2;0;1;2;2;2;2;2;0;2;4;3;0;0;0;0;0;2;2;2;2;0;2;2;2;0;2;4;0;2;2;2;0;0;3;2;2;0;0;0;2;0;3;2;2;0;0,485313141656;0,468329654351;0,480168882394;0,569981022867;0,521234443511;14,7822251;0;0;0;0
