10;40;30;db;Cosine;4;1
4;4;3;3;3;3;3;2;3;3;3;3;2;3;4;3;2;2;3;4;3;4;4;3;3;4;4;3;2;4;3;3;3;4;3;4;4;4;4;3;3;2;4;2;4;3;0;4;3;3;3;3;2;3;2;2;4;4;2;3;3;3;3;1;3;2;3;4;4;3;2;4;3;4;4;4;4;4;2;3;3;3;3;1;4;2;3;4;3;3;0;2;1;4;2;4;4;3;2;1;4;4;0;4;3;3;3;0;4;2;3;3;3;4;4;3;3;3;5;2;5;4;3;3;3;0;4;3;4;3;3;4;0;3;4;4;4;3;1;4;1;3;0;3;3;3;3;2;4;4;0,485433127721;0,465145900453;0,480384151415;0,581757791744;0,52623328721;26,0165745118;0;0;0;0
4;4;3;3;3;3;3;2;3;3;3;3;2;3;4;3;2;2;3;4;3;4;4;3;3;4;4;3;2;4;3;3;3;4;3;4;4;4;4;3;3;2;4;2;4;3;0;4;3;3;3;3;2;3;2;2;4;4;2;3;3;3;3;1;3;2;3;4;4;3;2;4;3;4;4;4;4;4;2;3;3;3;3;1;4;2;3;4;3;3;0;2;1;4;2;4;4;3;2;1;4;4;0;4;3;3;3;0;4;2;3;3;3;4;4;3;3;3;5;2;5;4;3;3;3;0;4;3;4;3;3;4;0;3;4;4;4;3;1;4;1;3;0;3;3;3;3;2;4;4;0,485433127721;0,465145900453;0,480384151415;0,581757791744;0,52623328721;26,0165745118;0;0;0;0
4;4;3;3;3;3;3;2;3;3;3;3;2;3;4;3;2;2;3;4;3;4;4;3;3;4;4;3;2;4;3;3;3;4;3;4;4;4;4;3;3;2;4;2;4;3;0;4;3;3;3;3;2;3;2;2;4;4;2;3;3;3;3;1;3;2;3;4;4;3;2;4;3;4;4;4;4;4;2;3;3;3;3;1;4;2;3;4;3;3;0;2;1;4;2;4;4;3;2;1;4;4;0;4;3;3;3;0;4;2;3;3;3;4;4;3;3;3;5;2;5;4;3;3;3;0;4;3;4;3;3;4;0;3;4;4;4;3;1;4;1;3;0;3;3;3;3;2;4;4;0,485433127721;0,465145900453;0,480384151415;0,581757791744;0,52623328721;26,0165745118;0;0;0;0
4;4;3;3;3;3;3;2;3;3;3;3;2;3;4;3;2;2;3;4;3;4;4;3;3;4;4;3;2;4;3;3;3;4;3;4;4;4;4;3;3;2;4;2;4;3;0;4;3;3;3;3;2;3;2;2;4;4;2;3;3;3;3;1;3;2;3;4;4;3;2;4;3;4;4;4;4;4;2;3;3;3;3;1;4;2;3;4;3;3;0;2;1;4;2;4;4;3;2;1;4;4;0;4;3;3;3;0;4;2;3;3;3;4;4;3;3;3;5;2;5;4;3;3;3;0;4;3;4;3;3;4;0;3;4;4;4;3;1;4;1;3;0;3;3;3;3;2;4;4;0,485433127721;0,465145900453;0,480384151415;0,581757791744;0,52623328721;26,0165745118;0;0;0;0
4;4;3;3;3;3;3;2;3;3;3;3;2;3;4;3;2;2;3;4;3;4;4;3;3;4;4;3;2;4;3;3;3;4;3;4;4;4;4;3;3;2;4;2;4;3;0;4;3;3;3;3;2;3;2;2;4;4;2;3;3;3;3;1;3;2;3;4;4;3;2;4;3;4;4;4;4;4;2;3;3;3;3;1;4;2;3;4;3;3;0;2;1;4;2;4;4;3;2;1;4;4;0;4;3;3;3;0;4;2;3;3;3;4;4;3;3;3;5;2;5;4;3;3;3;0;4;3;4;3;3;4;0;3;4;4;4;3;1;4;1;3;0;3;3;3;3;2;4;4;0,485433127721;0,465145900453;0,480384151415;0,581757791744;0,52623328721;26,0165745118;0;0;0;0
4;4;3;3;3;3;3;2;3;3;3;3;2;3;4;3;2;2;3;4;3;4;4;3;3;4;4;3;2;4;3;3;3;4;3;4;4;4;4;3;3;2;4;2;4;3;0;4;3;3;3;3;2;3;2;2;4;4;2;3;3;3;3;1;3;2;3;4;4;3;2;4;3;4;4;4;4;4;2;3;3;3;3;1;4;2;3;4;3;3;0;2;1;4;2;4;4;3;2;1;4;4;0;4;3;3;3;0;4;2;3;3;3;4;4;3;3;3;5;2;5;4;3;3;3;0;4;3;4;3;3;4;0;3;4;4;4;3;1;4;1;3;0;3;3;3;3;2;4;4;0,485433127721;0,465145900453;0,480384151415;0,581757791744;0,52623328721;26,0165745118;0;0;0;0
4;4;3;3;3;3;3;2;3;3;3;3;2;3;4;3;2;2;3;4;3;4;4;3;3;4;4;3;2;4;3;3;3;4;3;4;4;4;4;3;3;2;4;2;4;3;0;4;3;3;3;3;2;3;2;2;4;4;2;3;3;3;3;1;3;2;3;4;4;3;2;4;3;4;4;4;4;4;2;3;3;3;3;1;4;2;3;4;3;3;0;2;1;4;2;4;4;3;2;1;4;4;0;4;3;3;3;0;4;2;3;3;3;4;4;3;3;3;5;2;5;4;3;3;3;0;4;3;4;3;3;4;0;3;4;4;4;3;1;4;1;3;0;3;3;3;3;2;4;4;0,485433127721;0,465145900453;0,480384151415;0,581757791744;0,52623328721;26,0165745118;0;0;0;0
4;4;3;3;3;3;3;2;3;3;3;3;2;3;4;3;2;2;3;4;3;4;4;3;3;4;4;3;2;4;3;3;3;4;3;4;4;4;4;3;3;2;4;2;4;3;0;4;3;3;3;3;2;3;2;2;4;4;2;3;3;3;3;1;3;2;3;4;4;3;2;4;3;4;4;4;4;4;2;3;3;3;3;1;4;2;3;4;3;3;0;2;1;4;2;4;4;3;2;1;4;4;0;4;3;3;3;0;4;2;3;3;3;4;4;3;3;3;5;2;5;4;3;3;3;0;4;3;4;3;3;4;0;3;4;4;4;3;1;4;1;3;0;3;3;3;3;2;4;4;0,485433127721;0,465145900453;0,480384151415;0,581757791744;0,52623328721;26,0165745118;0;0;0;0
4;4;3;3;3;3;3;2;3;3;3;3;2;3;4;3;2;2;3;4;3;4;4;3;3;4;4;3;2;4;3;3;3;4;3;4;4;4;4;3;3;2;4;2;4;3;0;4;3;3;3;3;2;3;2;2;4;4;2;3;3;3;3;1;3;2;3;4;4;3;2;4;3;4;4;4;4;4;2;3;3;3;3;1;4;2;3;4;3;3;0;2;1;4;2;4;4;3;2;1;4;4;0;4;3;3;3;0;4;2;3;3;3;4;4;3;3;3;5;2;5;4;3;3;3;0;4;3;4;3;3;4;0;3;4;4;4;3;1;4;1;3;0;3;3;3;3;2;4;4;0,485433127721;0,465145900453;0,480384151415;0,581757791744;0,52623328721;26,0165745118;0;0;0;0
4;4;3;3;3;3;3;2;3;3;3;3;2;3;4;3;2;2;3;4;3;4;4;3;3;4;4;3;2;4;3;3;3;4;3;4;4;4;4;3;3;2;4;2;4;3;0;4;3;3;3;3;2;3;2;2;4;4;2;3;3;3;3;1;3;2;3;4;4;3;2;4;3;4;4;4;4;4;2;3;3;3;3;1;4;2;3;4;3;3;0;2;1;4;2;4;4;3;2;1;4;4;0;4;3;3;3;0;4;2;3;3;3;4;4;3;3;3;5;2;5;4;3;3;3;0;4;3;4;3;3;4;0;3;4;4;4;3;1;4;1;3;0;3;3;3;3;2;4;4;0,485433127721;0,465145900453;0,480384151415;0,581757791744;0,52623328721;26,0165745118;0;0;0;0
3;3;2;2;2;2;2;2;2;2;2;2;2;2;3;2;1;2;2;3;2;3;3;2;2;3;3;2;2;3;2;2;2;3;2;3;3;3;3;2;2;2;3;2;3;2;2;3;2;2;2;2;2;2;2;2;3;3;2;2;2;2;2;0;2;2;2;3;3;2;2;3;2;3;3;3;3;3;2;2;2;2;2;0;3;2;2;3;2;2;2;2;0;3;0;3;3;2;2;0;3;3;0;3;2;2;2;2;3;2;2;2;2;3;3;2;2;2;2;2;2;3;2;2;2;0;3;2;3;2;2;3;2;2;3;3;3;2;0;3;0;2;0;2;2;2;2;1;3;3;0,521263909011;0,548255289836;0,67370470449;0,55756169469;0,610155425351;26,7053415324;0;0;0;0
3;3;2;2;2;2;2;2;2;2;2;2;2;2;3;2;1;2;2;3;2;3;3;2;2;3;3;2;2;3;2;2;2;3;2;3;3;3;3;2;2;2;3;2;3;2;2;3;2;2;2;2;2;2;2;2;3;3;2;2;2;2;2;0;2;2;2;3;3;2;2;3;2;3;3;3;3;3;2;2;2;2;2;0;3;2;2;3;2;2;2;2;0;3;0;3;3;2;2;0;3;3;0;3;2;2;2;2;3;2;2;2;2;3;3;2;2;2;2;2;2;3;2;2;2;0;3;2;3;2;2;3;2;2;3;3;3;2;0;3;0;2;0;2;2;2;2;1;3;3;0,521263909011;0,548255289836;0,67370470449;0,55756169469;0,610155425351;26,7053415324;0;0;0;0
3;3;2;2;2;2;2;2;2;2;2;2;2;2;3;2;1;2;2;3;2;3;3;2;2;3;3;2;2;3;2;2;2;3;2;3;3;3;3;2;2;2;3;2;3;2;2;3;2;2;2;2;2;2;2;2;3;3;2;2;2;2;2;0;2;2;2;3;3;2;2;3;2;3;3;3;3;3;2;2;2;2;2;0;3;2;2;3;2;2;2;2;0;3;0;3;3;2;2;0;3;3;0;3;2;2;2;2;3;2;2;2;2;3;3;2;2;2;2;2;2;3;2;2;2;0;3;2;3;2;2;3;2;2;3;3;3;2;0;3;0;2;0;2;2;2;2;1;3;3;0,521263909011;0,548255289836;0,67370470449;0,55756169469;0,610155425351;26,7053415324;0;0;0;0
3;3;2;2;2;2;2;2;2;2;2;2;2;2;3;2;1;2;2;3;2;3;3;2;2;3;3;2;2;3;2;2;2;3;2;3;3;3;3;2;2;2;3;2;3;2;2;3;2;2;2;2;2;2;2;2;3;3;2;2;2;2;2;0;2;2;2;3;3;2;2;3;2;3;3;3;3;3;2;2;2;2;2;0;3;2;2;3;2;2;2;2;0;3;0;3;3;2;2;0;3;3;0;3;2;2;2;2;3;2;2;2;2;3;3;2;2;2;2;2;2;3;2;2;2;0;3;2;3;2;2;3;2;2;3;3;3;2;0;3;0;2;0;2;2;2;2;1;3;3;0,521263909011;0,548255289836;0,67370470449;0,55756169469;0,610155425351;26,7053415324;0;0;0;0
3;3;2;2;2;2;2;2;2;2;2;2;2;2;3;2;1;2;2;3;2;3;3;2;2;3;3;2;2;3;2;2;2;3;2;3;3;3;3;2;2;2;3;2;3;2;2;3;2;2;2;2;2;2;2;2;3;3;2;2;2;2;2;0;2;2;2;3;3;2;2;3;2;3;3;3;3;3;2;2;2;2;2;0;3;2;2;3;2;2;2;2;0;3;0;3;3;2;2;0;3;3;0;3;2;2;2;2;3;2;2;2;2;3;3;2;2;2;2;2;2;3;2;2;2;0;3;2;3;2;2;3;2;2;3;3;3;2;0;3;0;2;0;2;2;2;2;1;3;3;0,521263909011;0,548255289836;0,67370470449;0,55756169469;0,610155425351;26,7053415324;0;0;0;0
3;3;2;2;2;2;2;2;2;2;2;2;2;2;3;2;1;2;2;3;2;3;3;2;2;3;3;2;2;3;2;2;2;3;2;3;3;3;3;2;2;2;3;2;3;2;2;3;2;2;2;2;2;2;2;2;3;3;2;2;2;2;2;0;2;2;2;3;3;2;2;3;2;3;3;3;3;3;2;2;2;2;2;0;3;2;2;3;2;2;2;2;0;3;0;3;3;2;2;0;3;3;0;3;2;2;2;2;3;2;2;2;2;3;3;2;2;2;2;2;2;3;2;2;2;0;3;2;3;2;2;3;2;2;3;3;3;2;0;3;0;2;0;2;2;2;2;1;3;3;0,521263909011;0,548255289836;0,67370470449;0,55756169469;0,610155425351;26,7053415324;0;0;0;0
3;3;2;2;2;2;2;2;2;2;2;2;2;2;3;2;1;2;2;3;2;3;3;2;2;3;3;2;2;3;2;2;2;3;2;3;3;3;3;2;2;2;3;2;3;2;2;3;2;2;2;2;2;2;2;2;3;3;2;2;2;2;2;0;2;2;2;3;3;2;2;3;2;3;3;3;3;3;2;2;2;2;2;0;3;2;2;3;2;2;2;2;0;3;0;3;3;2;2;0;3;3;0;3;2;2;2;2;3;2;2;2;2;3;3;2;2;2;2;2;2;3;2;2;2;0;3;2;3;2;2;3;2;2;3;3;3;2;0;3;0;2;0;2;2;2;2;1;3;3;0,521263909011;0,548255289836;0,67370470449;0,55756169469;0,610155425351;26,7053415324;0;0;0;0
3;3;2;2;2;2;2;2;2;2;2;2;2;2;3;2;1;2;2;3;2;3;3;2;2;3;3;2;2;3;2;2;2;3;2;3;3;3;3;2;2;2;3;2;3;2;2;3;2;2;2;2;2;2;2;2;3;3;2;2;2;2;2;0;2;2;2;3;3;2;2;3;2;3;3;3;3;3;2;2;2;2;2;0;3;2;2;3;2;2;2;2;0;3;0;3;3;2;2;0;3;3;0;3;2;2;2;2;3;2;2;2;2;3;3;2;2;2;2;2;2;3;2;2;2;0;3;2;3;2;2;3;2;2;3;3;3;2;0;3;0;2;0;2;2;2;2;1;3;3;0,521263909011;0,548255289836;0,67370470449;0,55756169469;0,610155425351;26,7053415324;0;0;0;0
3;3;2;2;2;2;2;2;2;2;2;2;2;2;3;2;1;2;2;3;2;3;3;2;2;3;3;2;2;3;2;2;2;3;2;3;3;3;3;2;2;2;3;2;3;2;2;3;2;2;2;2;2;2;2;2;3;3;2;2;2;2;2;0;2;2;2;3;3;2;2;3;2;3;3;3;3;3;2;2;2;2;2;0;3;2;2;3;2;2;2;2;0;3;0;3;3;2;2;0;3;3;0;3;2;2;2;2;3;2;2;2;2;3;3;2;2;2;2;2;2;3;2;2;2;0;3;2;3;2;2;3;2;2;3;3;3;2;0;3;0;2;0;2;2;2;2;1;3;3;0,521263909011;0,548255289836;0,67370470449;0,55756169469;0,610155425351;26,7053415324;0;0;0;0
3;3;2;2;2;2;2;2;2;2;2;2;2;2;3;2;1;2;2;3;2;3;3;2;2;3;3;2;2;3;2;2;2;3;2;3;3;3;3;2;2;2;3;2;3;2;2;3;2;2;2;2;2;2;2;2;3;3;2;2;2;2;2;0;2;2;2;3;3;2;2;3;2;3;3;3;3;3;2;2;2;2;2;0;3;2;2;3;2;2;2;2;0;3;0;3;3;2;2;0;3;3;0;3;2;2;2;2;3;2;2;2;2;3;3;2;2;2;2;2;2;3;2;2;2;0;3;2;3;2;2;3;2;2;3;3;3;2;0;3;0;2;0;2;2;2;2;1;3;3;0,521263909011;0,548255289836;0,67370470449;0,55756169469;0,610155425351;26,7053415324;0;0;0;0
3;3;2;2;2;2;2;2;2;2;2;2;2;2;3;2;1;2;2;3;2;3;3;2;2;3;3;2;2;3;2;2;2;3;2;3;3;3;3;2;2;2;3;2;3;2;2;3;2;2;2;2;2;2;2;2;3;3;2;2;2;2;2;0;2;2;2;3;3;2;2;3;2;3;3;3;3;3;2;2;2;2;2;0;3;2;2;3;2;2;2;2;0;3;0;3;3;2;2;0;3;3;0;3;2;2;2;2;3;2;2;2;2;3;3;2;2;2;2;2;2;3;2;2;2;0;3;2;3;2;2;3;2;2;3;3;3;2;0;3;0;2;0;2;2;2;2;1;3;3;0,521263909011;0,548255289836;0,67370470449;0,55756169469;0,610155425351;26,7053415324;0;0;0;0
3;3;2;2;2;2;2;2;2;2;2;2;2;2;3;2;1;2;2;3;2;3;3;2;2;3;3;2;2;3;2;2;2;3;2;3;3;3;3;2;2;2;3;2;3;2;2;3;2;2;2;2;2;2;2;2;3;3;2;2;2;2;2;0;2;2;2;3;3;2;2;3;2;3;3;3;3;3;2;2;2;2;2;0;3;2;2;3;2;2;2;2;0;3;0;3;3;2;2;0;3;3;0;3;2;2;2;2;3;2;2;2;2;3;3;2;2;2;2;2;2;3;2;2;2;0;3;2;3;2;2;3;2;2;3;3;3;2;0;3;0;2;0;2;2;2;2;1;3;3;0,521263909011;0,548255289836;0,67370470449;0,55756169469;0,610155425351;26,7053415324;0;0;0;0
3;3;2;2;2;2;2;2;2;2;2;2;2;2;3;2;1;2;2;3;2;3;3;2;2;3;3;2;2;3;2;2;2;3;2;3;3;3;3;2;2;2;3;2;3;2;2;3;2;2;2;2;2;2;2;2;3;3;2;2;2;2;2;0;2;2;2;3;3;2;2;3;2;3;3;3;3;3;2;2;2;2;2;0;3;2;2;3;2;2;2;2;0;3;0;3;3;2;2;0;3;3;0;3;2;2;2;2;3;2;2;2;2;3;3;2;2;2;2;2;2;3;2;2;2;0;3;2;3;2;2;3;2;2;3;3;3;2;0;3;0;2;0;2;2;2;2;1;3;3;0,521263909011;0,548255289836;0,67370470449;0,55756169469;0,610155425351;26,7053415324;0;0;0;0
3;3;2;2;2;2;2;2;2;2;2;2;2;2;3;2;1;2;2;3;2;3;3;2;2;3;3;2;2;3;2;2;2;3;2;3;3;3;3;2;2;2;3;2;3;2;2;3;2;2;2;2;2;2;2;2;3;3;2;2;2;2;2;0;2;2;2;3;3;2;2;3;2;3;3;3;3;3;2;2;2;2;2;0;3;2;2;3;2;2;2;2;0;3;0;3;3;2;2;0;3;3;0;3;2;2;2;2;3;2;2;2;2;3;3;2;2;2;2;2;2;3;2;2;2;0;3;2;3;2;2;3;2;2;3;3;3;2;0;3;0;2;0;2;2;2;2;1;3;3;0,521263909011;0,548255289836;0,67370470449;0,55756169469;0,610155425351;26,7053415324;0;0;0;0
3;3;2;2;2;2;2;2;2;2;2;2;2;2;3;2;1;2;2;3;2;3;3;2;2;3;3;2;2;3;2;2;2;3;2;3;3;3;3;2;2;2;3;2;3;2;2;3;2;2;2;2;2;2;2;2;3;3;2;2;2;2;2;0;2;2;2;3;3;2;2;3;2;3;3;3;3;3;2;2;2;2;2;0;3;2;2;3;2;2;2;2;0;3;0;3;3;2;2;0;3;3;0;3;2;2;2;2;3;2;2;2;2;3;3;2;2;2;2;2;2;3;2;2;2;0;3;2;3;2;2;3;2;2;3;3;3;2;0;3;0;2;0;2;2;2;2;1;3;3;0,521263909011;0,548255289836;0,67370470449;0,55756169469;0,610155425351;26,7053415324;0;0;0;0
3;3;2;2;2;2;2;2;2;2;2;2;2;2;3;2;1;2;2;3;2;3;3;2;2;3;3;2;2;3;2;2;2;3;2;3;3;3;3;2;2;2;3;2;3;2;2;3;2;2;2;2;2;2;2;2;3;3;2;2;2;2;2;0;2;2;2;3;3;2;2;3;2;3;3;3;3;3;2;2;2;2;2;0;3;2;2;3;2;2;2;2;0;3;0;3;3;2;2;0;3;3;0;3;2;2;2;2;3;2;2;2;2;3;3;2;2;2;2;2;2;3;2;2;2;0;3;2;3;2;2;3;2;2;3;3;3;2;0;3;0;2;0;2;2;2;2;1;3;3;0,521263909011;0,548255289836;0,67370470449;0,55756169469;0,610155425351;26,7053415324;0;0;0;0
3;3;2;2;2;2;2;2;2;2;2;2;2;2;3;2;1;2;2;3;2;3;3;2;2;3;3;2;2;3;2;2;2;3;2;3;3;3;3;2;2;2;3;2;3;2;2;3;2;2;2;2;2;2;2;2;3;3;2;2;2;2;2;0;2;2;2;3;3;2;2;3;2;3;3;3;3;3;2;2;2;2;2;0;3;2;2;3;2;2;2;2;0;3;0;3;3;2;2;0;3;3;0;3;2;2;2;2;3;2;2;2;2;3;3;2;2;2;2;2;2;3;2;2;2;0;3;2;3;2;2;3;2;2;3;3;3;2;0;3;0;2;0;2;2;2;2;1;3;3;0,521263909011;0,548255289836;0,67370470449;0,55756169469;0,610155425351;26,7053415324;0;0;0;0
3;3;2;2;2;2;2;2;2;2;2;2;2;2;3;2;1;2;2;3;2;3;3;2;2;3;3;2;2;3;2;2;2;3;2;3;3;3;3;2;2;2;3;2;3;2;2;3;2;2;2;2;2;2;2;2;3;3;2;2;2;2;2;0;2;2;2;3;3;2;2;3;2;3;3;3;3;3;2;2;2;2;2;0;3;2;2;3;2;2;2;2;0;3;0;3;3;2;2;0;3;3;0;3;2;2;2;2;3;2;2;2;2;3;3;2;2;2;2;2;2;3;2;2;2;0;3;2;3;2;2;3;2;2;3;3;3;2;0;3;0;2;0;2;2;2;2;1;3;3;0,521263909011;0,548255289836;0,67370470449;0,55756169469;0,610155425351;26,7053415324;0;0;0;0
3;3;2;2;2;2;2;2;2;2;2;2;2;2;3;2;1;2;2;3;2;3;3;2;2;3;3;2;2;3;2;2;2;3;2;3;3;3;3;2;2;2;3;2;3;2;2;3;2;2;2;2;2;2;2;2;3;3;2;2;2;2;2;0;2;2;2;3;3;2;2;3;2;3;3;3;3;3;2;2;2;2;2;0;3;2;2;3;2;2;2;2;0;3;0;3;3;2;2;0;3;3;0;3;2;2;2;2;3;2;2;2;2;3;3;2;2;2;2;2;2;3;2;2;2;0;3;2;3;2;2;3;2;2;3;3;3;2;0;3;0;2;0;2;2;2;2;1;3;3;0,521263909011;0,548255289836;0,67370470449;0,55756169469;0,610155425351;26,7053415324;0;0;0;0
3;3;2;2;2;2;2;2;2;2;2;2;2;2;3;2;1;2;2;3;2;3;3;2;2;3;3;2;2;3;2;2;2;3;2;3;3;3;3;2;2;2;3;2;3;2;2;3;2;2;2;2;2;2;2;2;3;3;2;2;2;2;2;0;2;2;2;3;3;2;2;3;2;3;3;3;3;3;2;2;2;2;2;0;3;2;2;3;2;2;2;2;0;3;0;3;3;2;2;0;3;3;0;3;2;2;2;2;3;2;2;2;2;3;3;2;2;2;2;2;2;3;2;2;2;0;3;2;3;2;2;3;2;2;3;3;3;2;0;3;0;2;0;2;2;2;2;1;3;3;0,521263909011;0,548255289836;0,67370470449;0,55756169469;0,610155425351;26,7053415324;0;0;0;0
