10;40;30;db;Mahalanobis;1;4
0;0;0;0;0;0;0;0;0;0;0;0;0;0;0;0;0;0;0;0;0;0;0;0;0;0;0;0;0;0;0;0;0;0;0;0;0;0;0;0;0;0;0;0;0;0;0;0;0;0;0;0;0;1;0;0;0;0;0;0;0;0;0;0;0;0;0;0;0;0;0;0;0;0;0;0;0;0;0;0;0;0;0;0;0;0;0;0;0;0;0;1;0;0;0;0;0;0;0;0;0;0;0;0;0;0;0;0;0;0;0;1;0;1;0;1;0;0;0;0;0;0;0;0;0;0;0;0;0;0;0;0;0;0;0;0;0;0;0;1;0;0;0;0;0;0;0;0;0;0;0,00558952746135;0,0345636866389;0,271732108118;0,0415395110547;0,0720628248348;0,180125376036;0;0;0;0
0;0;0;0;0;0;0;0;0;0;0;0;0;0;0;0;0;0;0;0;0;0;0;0;0;0;0;0;0;0;0;0;0;0;0;0;0;0;0;0;0;0;0;0;0;0;0;0;0;0;0;0;0;1;0;0;0;0;0;0;0;0;0;0;0;0;0;0;0;0;0;0;0;0;0;0;0;0;0;0;0;0;0;0;0;0;0;0;0;0;0;1;0;0;0;0;0;0;0;0;0;0;0;0;0;0;0;0;0;0;0;1;0;1;0;1;0;0;0;0;0;0;0;0;0;0;0;0;0;0;0;0;0;0;0;0;0;0;0;1;0;0;0;0;0;0;0;0;0;0;0,00558952746135;0,0345636866389;0,271732108118;0,0415395110547;0,0720628248348;0,180125376036;0;0;0;0
0;0;0;0;0;0;0;0;0;0;0;0;0;0;0;0;0;0;0;0;0;0;0;0;0;0;0;0;0;0;0;0;0;0;0;0;0;0;0;0;0;0;0;0;0;0;0;0;0;0;0;0;0;1;0;0;0;0;0;0;0;0;0;0;0;0;0;0;0;0;0;0;0;0;0;0;0;0;0;0;0;0;0;0;0;0;0;0;0;0;0;1;0;0;0;0;0;0;0;0;0;0;0;0;0;0;0;0;0;0;0;1;0;1;0;1;0;0;0;0;0;0;0;0;0;0;0;0;0;0;0;0;0;0;0;0;0;0;0;1;0;0;0;0;0;0;0;0;0;0;0,00558952746135;0,0345636866389;0,271732108118;0,0415395110547;0,0720628248348;0,180125376036;0;0;0;0
0;0;0;0;0;0;0;0;0;0;0;0;0;0;0;0;0;0;0;0;0;0;0;0;0;0;0;0;0;0;0;0;0;0;0;0;0;0;0;0;0;0;0;0;0;0;0;0;0;0;0;0;0;1;0;0;0;0;0;0;0;0;0;0;0;0;0;0;0;0;0;0;0;0;0;0;0;0;0;0;0;0;0;0;0;0;0;0;0;0;0;1;0;0;0;0;0;0;0;0;0;0;0;0;0;0;0;0;0;0;0;1;0;1;0;1;0;0;0;0;0;0;0;0;0;0;0;0;0;0;0;0;0;0;0;0;0;0;0;1;0;0;0;0;0;0;0;0;0;0;0,00558952746135;0,0345636866389;0,271732108118;0,0415395110547;0,0720628248348;0,180125376036;0;0;0;0
0;0;0;0;0;0;0;0;0;0;0;0;0;0;0;0;0;0;0;0;0;0;0;0;0;0;0;0;0;0;0;0;0;0;0;0;0;0;0;0;0;0;0;0;0;0;0;0;0;0;0;0;0;1;0;0;0;0;0;0;0;0;0;0;0;0;0;0;0;0;0;0;0;0;0;0;0;0;0;0;0;0;0;0;0;0;0;0;0;0;0;1;0;0;0;0;0;0;0;0;0;0;0;0;0;0;0;0;0;0;0;1;0;1;0;1;0;0;0;0;0;0;0;0;0;0;0;0;0;0;0;0;0;0;0;0;0;0;0;1;0;0;0;0;0;0;0;0;0;0;0,00558952746135;0,0345636866389;0,271732108118;0,0415395110547;0,0720628248348;0,180125376036;0;0;0;0
0;0;0;1;0;1;1;0;0;0;1;0;0;1;1;0;0;0;1;0;0;0;0;1;0;0;0;0;0;0;0;0;0;1;0;1;0;0;0;1;0;0;0;1;0;0;0;1;0;0;0;1;1;0;0;1;0;0;1;1;1;0;1;0;1;0;1;1;0;1;1;0;0;1;0;0;0;0;0;0;0;0;0;0;0;1;0;0;0;0;1;0;0;0;0;0;0;1;0;0;0;0;1;0;1;1;0;0;1;0;0;0;1;0;0;1;0;1;1;0;0;0;1;0;0;0;1;1;0;1;0;0;1;0;1;0;0;0;0;0;1;1;1;0;1;0;1;0;1;0;0,5106825677;0,491242270091;0,859667472992;0,494379834728;0,627750981514;0,228016882019;0;0;0;0
0;0;0;1;0;1;1;0;0;0;1;0;0;1;1;0;0;0;1;0;0;0;0;1;0;0;0;0;0;0;0;0;0;1;0;1;0;0;0;1;0;0;0;1;0;0;0;1;0;0;0;1;1;0;0;1;0;0;1;1;1;0;1;0;1;0;1;1;0;1;1;0;0;1;0;0;0;0;0;0;0;0;0;0;0;1;0;0;0;0;1;0;0;0;0;0;0;1;0;0;0;0;1;0;1;1;0;0;1;0;0;0;1;0;0;1;0;1;1;0;0;0;1;0;0;0;1;1;0;1;0;0;1;0;1;0;0;0;0;0;1;1;1;0;1;0;1;0;1;0;0,5106825677;0,491242270091;0,859667472992;0,494379834728;0,627750981514;0,228016882019;0;0;0;0
0;0;0;1;0;1;1;0;0;0;1;0;0;1;1;0;0;0;1;0;0;0;0;1;0;0;0;0;0;0;0;0;0;1;0;1;0;0;0;1;0;0;0;1;0;0;0;1;0;0;0;1;1;0;0;1;0;0;1;1;1;0;1;0;1;0;1;1;0;1;1;0;0;1;0;0;0;0;0;0;0;0;0;0;0;1;0;0;0;0;1;0;0;0;0;0;0;1;0;0;0;0;1;0;1;1;0;0;1;0;0;0;1;0;0;1;0;1;1;0;0;0;1;0;0;0;1;1;0;1;0;0;1;0;1;0;0;0;0;0;1;1;1;0;1;0;1;0;1;0;0,5106825677;0,491242270091;0,859667472992;0,494379834728;0,627750981514;0,228016882019;0;0;0;0
0;0;0;1;0;1;1;0;0;0;1;0;0;1;1;0;0;0;1;0;0;0;0;1;0;0;0;0;0;0;0;0;0;1;0;1;0;0;0;1;0;0;0;1;0;0;0;1;0;0;0;1;1;0;0;1;0;0;1;1;1;0;1;0;1;0;1;1;0;1;1;0;0;1;0;0;0;0;0;0;0;0;0;0;0;1;0;0;0;0;1;0;0;0;0;0;0;1;0;0;0;0;1;0;1;1;0;0;1;0;0;0;1;0;0;1;0;1;1;0;0;0;1;0;0;0;1;1;0;1;0;0;1;0;1;0;0;0;0;0;1;1;1;0;1;0;1;0;1;0;0,5106825677;0,491242270091;0,859667472992;0,494379834728;0,627750981514;0,228016882019;0;0;0;0
0;0;0;1;0;1;1;0;0;0;1;0;0;1;1;0;0;0;1;0;0;0;0;1;0;0;0;0;0;0;0;0;0;1;0;1;0;0;0;1;0;0;0;1;0;0;0;1;0;0;0;1;1;0;0;1;0;0;1;1;1;0;1;0;1;0;1;1;0;1;1;0;0;1;0;0;0;0;0;0;0;0;0;0;0;1;0;0;0;0;1;0;0;0;0;0;0;1;0;0;0;0;1;0;1;1;0;0;1;0;0;0;1;0;0;1;0;1;1;0;0;0;1;0;0;0;1;1;0;1;0;0;1;0;1;0;0;0;0;0;1;1;1;0;1;0;1;0;1;0;0,5106825677;0,491242270091;0,859667472992;0,494379834728;0,627750981514;0,228016882019;0;0;0;0
0;0;0;1;0;1;1;0;0;0;1;0;0;1;1;0;0;0;1;0;0;0;0;1;0;0;0;0;0;0;0;0;0;1;0;1;0;0;0;1;0;0;0;1;0;0;0;1;0;0;0;1;1;0;0;1;0;0;1;1;1;0;1;0;1;0;1;1;0;1;1;0;0;1;0;0;0;0;0;0;0;0;0;0;0;1;0;0;0;0;1;0;0;0;0;0;0;1;0;0;0;0;1;0;1;1;0;0;1;0;0;0;1;0;0;1;0;1;1;0;0;0;1;0;0;0;1;1;0;1;0;0;1;0;1;0;0;0;0;0;1;1;1;0;1;0;1;0;1;0;0,5106825677;0,491242270091;0,859667472992;0,494379834728;0,627750981514;0,228016882019;0;0;0;0
0;0;0;1;0;1;1;0;0;0;1;0;0;1;1;0;0;0;1;0;0;0;0;1;0;0;0;0;0;0;0;0;0;1;0;1;0;0;0;1;0;0;0;1;0;0;0;1;0;0;0;1;1;0;0;1;0;0;1;1;1;0;1;0;1;0;1;1;0;1;1;0;0;1;0;0;0;0;0;0;0;0;0;0;0;1;0;0;0;0;1;0;0;0;0;0;0;1;0;0;0;0;1;0;1;1;0;0;1;0;0;0;1;0;0;1;0;1;1;0;0;0;1;0;0;0;1;1;0;1;0;0;1;0;1;0;0;0;0;0;1;1;1;0;1;0;1;0;1;0;0,5106825677;0,491242270091;0,859667472992;0,494379834728;0,627750981514;0,228016882019;0;0;0;0
0;0;0;1;0;1;1;0;0;0;1;0;0;1;1;0;0;0;1;0;0;0;0;1;0;0;0;0;0;0;0;0;0;1;0;1;0;0;0;1;0;0;0;1;0;0;0;1;0;0;0;1;1;0;0;1;0;0;1;1;1;0;1;0;1;0;1;1;0;1;1;0;0;1;0;0;0;0;0;0;0;0;0;0;0;1;0;0;0;0;1;0;0;0;0;0;0;1;0;0;0;0;1;0;1;1;0;0;1;0;0;0;1;0;0;1;0;1;1;0;0;0;1;0;0;0;1;1;0;1;0;0;1;0;1;0;0;0;0;0;1;1;1;0;1;0;1;0;1;0;0,5106825677;0,491242270091;0,859667472992;0,494379834728;0,627750981514;0,228016882019;0;0;0;0
0;0;0;1;0;1;1;0;0;0;1;0;0;1;1;0;0;0;1;0;0;0;0;1;0;0;0;0;0;0;0;0;0;1;0;1;0;0;0;1;0;0;0;1;0;0;0;1;0;0;0;1;1;0;0;1;0;0;1;1;1;0;1;0;1;0;1;1;0;1;1;0;0;1;0;0;0;0;0;0;0;0;0;0;0;1;0;0;0;0;1;0;0;0;0;0;0;1;0;0;0;0;1;0;1;1;0;0;1;0;0;0;1;0;0;1;0;1;1;0;0;0;1;0;0;0;1;1;0;1;0;0;1;0;1;0;0;0;0;0;1;1;1;0;1;0;1;0;1;0;0,5106825677;0,491242270091;0,859667472992;0,494379834728;0,627750981514;0,228016882019;0;0;0;0
0;0;0;1;0;1;1;0;0;0;1;0;0;1;1;0;0;0;1;0;0;0;0;1;0;0;0;0;0;0;0;0;0;1;0;1;0;0;0;1;0;0;0;1;0;0;0;1;0;0;0;1;1;0;0;1;0;0;1;1;1;0;1;0;1;0;1;1;0;1;1;0;0;1;0;0;0;0;0;0;0;0;0;0;0;1;0;0;0;0;1;0;0;0;0;0;0;1;0;0;0;0;1;0;1;1;0;0;1;0;0;0;1;0;1;0;0;1;1;0;0;0;1;0;0;0;1;1;0;1;0;0;1;0;1;0;0;0;0;0;1;1;1;0;1;0;1;0;1;0;0,5106825677;0,491242270091;0,859667472992;0,494379834728;0,627750981514;0,232263262209;0;0;0;0
0;0;0;1;0;1;1;0;0;0;1;0;0;1;1;0;0;0;1;0;0;0;0;1;0;0;0;0;0;0;0;0;0;1;0;1;0;0;0;1;0;0;0;1;0;0;0;1;0;0;0;1;1;0;0;1;0;0;1;1;1;0;1;0;1;0;1;1;0;1;1;0;0;1;0;0;0;0;0;0;0;0;0;0;0;1;0;0;0;0;1;0;0;0;0;0;0;1;0;0;0;0;1;0;1;1;0;0;1;0;0;0;1;0;1;0;0;1;1;0;0;0;1;0;0;0;1;1;0;1;0;0;1;0;1;0;0;0;0;0;1;1;1;0;1;0;1;0;1;0;0,5106825677;0,491242270091;0,859667472992;0,494379834728;0,627750981514;0,232263262209;0;0;0;0
0;0;0;1;0;1;1;1;0;0;1;0;0;1;1;0;0;0;1;0;0;0;0;1;0;0;0;0;0;0;0;0;0;1;0;1;0;0;0;1;0;0;0;1;0;0;0;1;0;0;0;1;1;0;0;1;0;0;1;1;1;0;1;0;1;0;1;1;0;1;1;0;0;1;0;0;0;0;0;0;0;0;0;0;0;1;0;0;0;0;1;0;0;0;0;0;0;1;0;0;0;0;1;0;1;1;0;0;1;0;0;0;1;0;0;0;0;1;1;0;0;0;1;0;0;0;1;1;0;1;0;0;1;0;1;0;0;0;0;0;1;1;1;0;1;0;1;0;1;0;0,5106825677;0,491242270091;0,859667472992;0,494379834728;0,627750981514;0,233860817473;0;0;0;0
0;0;0;1;0;1;1;1;0;0;1;0;0;1;1;0;0;0;1;0;0;0;0;1;0;0;0;0;0;0;0;0;0;1;0;1;0;0;0;1;0;0;0;1;0;0;0;1;0;0;0;1;1;0;0;1;0;0;1;1;1;0;1;0;1;0;1;1;0;1;1;0;0;1;0;0;0;0;0;0;0;0;0;0;0;1;0;0;0;0;1;0;0;0;0;0;0;1;0;0;0;0;1;0;1;1;0;0;1;0;0;0;1;0;0;0;0;1;1;0;0;0;1;0;0;0;1;1;0;1;0;0;1;0;1;0;0;0;0;0;1;1;1;0;1;0;1;0;1;0;0,5106825677;0,491242270091;0,859667472992;0,494379834728;0,627750981514;0,233860817473;0;0;0;0
0;0;0;1;0;1;1;1;0;0;1;0;0;1;1;0;0;0;1;0;0;0;0;1;0;0;0;0;0;0;0;0;0;1;0;1;0;0;0;1;0;0;0;1;0;0;0;1;0;0;0;1;1;0;0;1;0;0;1;1;1;0;1;0;1;0;1;1;0;1;1;0;0;1;0;0;0;0;0;0;0;0;0;0;0;1;0;0;0;0;1;0;0;0;0;0;0;1;0;0;0;0;1;0;1;1;0;0;1;0;0;0;1;0;0;0;0;1;1;0;0;0;1;0;0;0;1;1;0;1;0;0;1;0;1;0;0;0;0;0;1;1;1;0;1;0;1;0;1;0;0,5106825677;0,491242270091;0,859667472992;0,494379834728;0,627750981514;0,233860817473;0;0;0;0
0;0;0;1;0;1;1;1;0;0;1;0;0;1;1;0;0;0;1;0;0;0;0;1;0;0;0;0;0;0;0;0;0;1;0;1;0;0;0;1;0;0;0;1;0;0;0;1;0;0;0;1;1;0;0;1;0;0;1;1;1;0;1;0;1;0;1;1;0;1;1;0;0;1;0;0;0;0;0;0;0;0;0;0;0;1;0;0;0;0;1;0;0;0;0;0;0;1;0;0;0;0;1;0;1;1;0;0;1;0;0;0;1;0;0;0;0;1;1;0;0;0;1;0;0;0;1;1;0;1;0;0;1;0;1;0;0;0;0;0;1;1;1;0;1;0;1;0;1;0;0,5106825677;0,491242270091;0,859667472992;0,494379834728;0,627750981514;0,233860817473;0;0;0;0
0;0;0;1;0;1;1;1;0;0;1;0;0;1;1;0;0;0;1;0;0;0;0;1;0;0;0;0;0;0;0;0;0;1;0;1;0;0;0;1;0;0;0;1;0;0;0;1;0;0;0;1;1;0;0;1;0;0;1;1;1;0;1;0;1;0;1;1;0;1;1;0;0;1;0;0;0;0;0;0;0;0;0;0;0;1;0;0;0;0;1;0;0;0;0;0;0;1;0;0;0;0;1;0;1;1;0;0;1;0;0;0;1;0;0;0;0;1;1;0;0;0;1;0;0;0;1;1;0;1;0;0;1;0;1;0;0;0;0;0;1;1;1;0;1;0;1;0;1;0;0,5106825677;0,491242270091;0,859667472992;0,494379834728;0,627750981514;0,233860817473;0;0;0;0
0;0;0;1;0;1;1;1;0;0;1;0;0;1;1;0;0;0;1;0;0;0;0;1;0;0;0;0;0;0;0;0;0;1;0;1;0;0;0;1;0;0;0;1;0;0;0;1;0;0;0;1;1;0;0;1;0;0;1;1;1;0;1;0;1;0;1;1;0;1;1;0;0;1;0;0;0;0;0;0;0;0;0;0;0;1;0;0;0;0;1;0;0;0;0;0;0;1;0;0;0;0;1;0;1;1;0;0;1;0;0;0;1;0;0;0;0;1;1;0;0;0;1;0;0;0;1;1;0;1;0;0;1;0;1;0;0;0;0;0;1;1;1;0;1;0;1;0;1;0;0,5106825677;0,491242270091;0,859667472992;0,494379834728;0,627750981514;0,233860817473;0;0;0;0
0;0;0;1;0;1;1;1;0;0;1;0;0;1;1;0;0;0;1;0;0;0;0;1;0;0;0;0;0;0;0;0;0;1;0;1;0;0;0;1;0;0;0;1;0;0;0;1;0;0;0;1;1;0;0;1;0;0;1;1;1;0;1;0;1;0;1;1;0;1;1;0;0;1;0;0;0;0;0;0;0;0;0;0;0;1;0;0;0;0;1;0;0;0;0;0;0;1;0;0;0;0;1;0;1;1;0;0;1;0;0;0;1;0;0;0;0;1;1;0;0;0;1;0;0;0;1;1;0;1;0;0;1;0;1;0;0;0;0;0;1;1;1;0;1;0;1;0;1;0;0,5106825677;0,491242270091;0,859667472992;0,494379834728;0,627750981514;0,233860817473;0;0;0;0
0;0;0;1;0;1;1;0;0;0;1;0;0;1;1;0;0;0;1;0;0;0;0;1;0;0;0;0;0;0;0;0;0;1;0;1;0;0;0;1;0;0;0;1;0;0;0;1;0;0;0;1;1;0;0;1;0;0;1;1;1;0;1;0;1;0;1;1;0;1;1;0;0;1;0;0;0;0;0;0;0;0;0;0;0;1;0;0;0;0;1;0;0;0;0;0;0;1;0;0;0;0;1;0;1;1;0;0;1;0;0;0;1;0;0;0;0;1;1;0;0;0;1;0;0;0;1;1;0;1;0;0;1;0;1;0;0;0;0;0;1;1;1;0;1;0;1;0;1;0;0,519933072445;0,516663219761;0,91069690523;0,519644719873;0,661714418293;0,237449485111;0;0;0;0
0;0;0;1;0;1;1;0;0;0;1;0;0;1;1;0;0;0;1;0;0;0;0;1;0;0;0;0;0;0;0;0;0;1;0;1;0;0;0;1;0;0;0;1;0;0;0;1;0;0;0;1;1;0;0;1;0;0;1;1;1;0;1;0;1;0;1;1;0;1;1;0;0;1;0;0;0;0;0;0;0;0;0;0;0;1;0;0;0;0;1;0;0;0;0;0;0;1;0;0;0;0;1;0;1;1;0;0;1;0;0;0;1;0;0;0;0;1;1;0;0;0;1;0;0;0;1;1;0;1;0;0;1;0;1;0;0;0;0;0;1;1;1;0;1;0;1;0;1;0;0,519933072445;0,516663219761;0,91069690523;0,519644719873;0,661714418293;0,237449485111;0;0;0;0
0;0;0;1;0;1;1;0;0;0;1;0;0;1;1;0;0;0;1;0;0;0;0;1;0;0;0;0;0;0;0;0;0;1;0;1;0;0;0;1;0;0;0;1;0;0;0;1;0;0;0;1;1;0;0;1;0;0;1;1;1;0;1;0;1;0;1;1;0;1;1;0;0;1;0;0;0;0;0;0;0;0;0;0;0;1;0;0;0;0;1;0;0;0;0;0;0;1;0;0;0;0;1;0;1;1;0;0;1;0;0;0;1;0;0;0;0;1;1;0;0;0;1;0;0;0;1;1;0;1;0;0;1;0;1;0;0;0;0;0;1;1;1;0;1;0;1;0;1;0;0,519933072445;0,516663219761;0,91069690523;0,519644719873;0,661714418293;0,237449485111;0;0;0;0
0;0;0;1;0;1;1;0;0;0;1;0;0;1;1;0;0;0;1;0;0;0;0;1;0;0;0;0;0;0;0;0;0;1;0;1;0;0;0;1;0;0;0;1;0;0;0;1;0;0;0;1;1;0;0;1;0;0;1;1;1;0;1;0;1;0;1;1;0;1;1;0;0;1;0;0;0;0;0;0;0;0;0;0;0;1;0;0;0;0;1;0;0;0;0;0;0;1;0;0;0;0;1;0;1;1;0;0;1;0;0;0;1;0;0;0;0;1;1;0;0;0;1;0;0;0;1;1;0;1;0;0;1;0;1;0;0;0;0;0;1;1;1;0;1;0;1;0;1;0;0,519933072445;0,516663219761;0,91069690523;0,519644719873;0,661714418293;0,237449485111;0;0;0;0
0;0;0;1;0;1;1;0;0;0;1;0;0;1;1;0;0;0;1;0;0;0;0;1;0;0;0;0;0;0;0;0;0;1;0;1;0;0;0;1;0;0;0;1;0;0;0;1;0;0;0;1;1;0;0;1;0;0;1;1;1;0;1;0;1;0;1;1;0;1;1;0;0;1;0;0;0;0;0;0;0;0;0;0;0;1;0;0;0;0;1;0;0;0;0;0;0;1;0;0;0;0;1;0;1;1;0;0;1;0;0;0;1;0;0;0;0;1;1;0;0;0;1;0;0;0;1;1;0;1;0;0;1;0;1;0;0;0;0;0;1;1;1;0;1;0;1;0;1;0;0,519933072445;0,516663219761;0,91069690523;0,519644719873;0,661714418293;0,237449485111;0;0;0;0
0;0;0;1;0;1;1;0;0;0;1;0;0;1;1;0;0;0;1;0;0;0;0;1;0;0;0;0;0;0;0;0;0;1;0;1;0;0;0;1;0;0;0;1;0;0;0;1;0;0;0;1;1;0;0;1;0;0;1;1;1;0;1;0;1;0;1;1;0;1;1;0;0;1;0;0;0;0;0;0;0;0;0;0;0;1;0;0;0;0;1;0;0;0;0;0;0;1;0;0;0;0;1;0;1;1;0;0;1;0;0;0;1;0;0;0;0;1;1;0;0;0;1;0;0;0;1;1;0;1;0;0;1;0;1;0;0;0;0;0;1;1;1;0;1;0;1;0;1;0;0,519933072445;0,516663219761;0,91069690523;0,519644719873;0,661714418293;0,237449485111;0;0;0;0
0;0;0;1;0;1;1;0;0;0;1;0;0;1;1;0;0;0;1;0;0;0;0;1;0;0;0;0;0;0;0;0;0;1;0;1;0;0;0;1;0;0;0;1;0;0;0;1;0;0;0;1;1;0;0;1;0;0;1;1;1;0;1;0;1;0;1;1;0;1;1;0;0;1;0;0;0;0;0;0;0;0;0;0;0;1;0;0;0;0;1;0;0;0;0;0;0;1;0;0;0;0;1;0;1;1;0;0;1;0;0;0;1;0;0;0;0;1;1;0;0;0;1;0;0;0;1;1;0;1;0;0;1;0;1;0;0;0;0;0;1;1;1;0;1;0;1;0;1;0;0,519933072445;0,516663219761;0,91069690523;0,519644719873;0,661714418293;0,237449485111;0;0;0;0
