10;40;30;db;Minkowski_2;2;1
0;1;1;2;2;0;2;1;2;1;1;1;1;2;2;0;2;2;2;2;2;0;2;2;1;1;2;2;1;2;0;2;2;0;2;0;1;2;2;1;2;2;2;2;1;2;0;0;1;2;2;2;2;1;0;2;2;2;2;1;1;1;2;0;1;1;1;1;2;1;1;2;2;2;1;2;0;2;1;1;0;1;1;0;2;2;0;1;1;1;2;2;2;2;1;0;1;2;0;2;1;1;2;2;0;2;1;1;2;2;2;0;2;1;2;1;2;0;2;2;2;2;2;2;2;0;1;1;2;1;0;2;1;2;2;0;2;1;2;2;2;2;0;0;1;1;2;1;2;0;0,598278028964;0,656671714904;0,716881729199;0,66093590446;0,687772986067;3,05459646207;0;0;0;0
0;2;2;0;0;0;0;2;0;2;2;2;2;0;0;1;0;0;0;0;0;0;0;0;2;2;0;0;2;0;1;0;0;1;0;0;2;0;0;2;0;0;0;0;2;0;0;0;2;0;0;0;0;2;0;0;0;0;0;2;2;2;0;0;2;2;2;2;0;2;2;0;0;0;2;0;0;0;2;2;0;2;2;0;0;0;0;2;2;2;0;0;0;0;2;0;2;0;0;0;2;2;0;0;0;0;2;2;0;0;0;0;0;2;0;2;0;0;0;0;0;0;0;0;0;0;2;2;0;2;0;0;2;0;0;0;0;2;0;0;0;0;0;0;2;2;0;2;0;0;0,514026155887;0,52626297807;0,816431052182;0,532910842497;0,644884682785;3,77061751603;0;0;0;0
0;2;2;0;0;0;0;2;0;2;2;2;2;0;0;1;0;0;0;0;0;0;0;0;2;2;0;0;2;0;1;0;0;1;0;0;2;0;0;2;0;0;0;0;2;0;0;0;2;0;0;0;0;2;0;0;0;0;0;2;2;2;0;0;2;2;2;2;0;2;2;0;0;0;2;0;0;0;2;2;0;2;2;0;0;0;0;2;2;2;0;0;0;0;2;0;2;0;0;0;2;2;0;0;0;0;2;2;0;0;0;0;0;2;0;2;0;0;0;0;0;0;0;0;0;0;2;2;0;2;0;0;2;0;0;0;0;2;0;0;0;0;0;0;2;2;0;2;0;0;0,514026155887;0,52626297807;0,816431052182;0,532910842497;0,644884682785;3,77061751603;0;0;0;0
0;2;2;0;0;0;0;2;0;2;2;2;2;0;0;1;0;0;0;0;0;0;0;0;2;2;0;0;2;0;1;0;0;1;0;0;2;0;0;2;0;0;0;0;2;0;0;0;2;0;0;0;0;2;0;0;0;0;0;2;2;2;0;0;2;2;2;2;0;2;2;0;0;0;2;0;0;0;2;2;0;2;2;0;0;0;0;2;2;2;0;0;0;0;2;0;2;0;0;0;2;2;0;0;0;0;2;2;0;0;0;0;0;2;0;2;0;0;0;0;0;0;0;0;0;0;2;2;0;2;0;0;2;0;0;0;0;2;0;0;0;0;0;0;2;2;0;2;0;0;0,514026155887;0,52626297807;0,816431052182;0,532910842497;0,644884682785;3,77061751603;0;0;0;0
0;2;2;0;0;0;0;2;0;2;2;2;2;0;0;1;0;0;0;0;0;0;0;0;2;2;0;0;2;0;1;0;0;1;0;0;2;0;0;2;0;0;0;0;2;0;0;0;2;0;0;0;0;2;0;0;0;0;0;2;2;2;0;0;2;2;2;2;0;2;2;0;0;0;2;0;0;0;2;2;0;2;2;0;0;0;0;2;2;2;0;0;0;0;2;0;2;0;0;0;2;2;0;0;0;0;2;2;0;0;0;0;0;2;0;2;0;0;0;0;0;0;0;0;0;0;2;2;0;2;0;0;2;0;0;0;0;2;0;0;0;0;0;0;2;2;0;2;0;0;0,514026155887;0,52626297807;0,816431052182;0,532910842497;0,644884682785;3,77061751603;0;0;0;0
0;1;1;0;0;0;0;1;0;1;1;1;1;0;0;0;0;0;0;0;0;0;0;0;1;1;0;0;1;0;0;0;0;0;0;0;1;0;0;1;0;0;0;0;1;0;0;0;1;0;0;0;0;1;0;0;0;0;0;1;1;1;0;0;1;1;1;1;0;1;1;0;0;0;1;0;0;0;1;1;0;1;1;0;0;0;0;1;1;1;0;0;0;0;1;0;1;0;0;0;1;1;0;0;0;0;1;1;0;0;0;0;0;1;0;1;0;0;0;0;0;0;0;0;1;0;1;1;0;1;0;0;1;0;0;0;0;1;0;0;0;0;0;0;1;1;0;1;0;0;0,5106825677;0,491242270091;0,859667472992;0,494379834728;0,627750981514;4,48282501916;0;0;0;0
0;1;1;0;0;0;0;1;0;1;1;1;1;0;0;0;0;0;0;0;0;0;0;0;1;1;0;0;1;0;0;0;0;0;0;0;1;0;0;1;0;0;0;0;1;0;0;0;1;0;0;0;0;1;0;0;0;0;0;1;1;1;0;0;1;1;1;1;0;1;1;0;0;0;1;0;0;0;1;1;0;1;1;0;0;0;0;1;1;1;0;0;0;0;1;0;1;0;0;0;1;1;0;0;0;0;1;1;0;0;0;0;0;1;0;1;0;0;0;0;0;0;0;0;0;0;1;1;0;1;0;0;1;0;0;0;0;1;0;0;0;0;0;0;1;1;0;1;0;0;0,519933072445;0,516663219761;0,91069690523;0,519644719873;0,661714418293;4,66459261694;0;0;0;0
0;1;1;0;0;0;0;1;0;1;1;1;1;0;0;0;0;0;0;0;0;0;0;0;1;1;0;0;1;0;0;0;0;0;0;0;1;0;0;1;0;0;0;0;1;0;0;0;1;0;0;0;0;1;0;0;0;0;0;1;1;1;0;0;1;1;1;1;0;1;1;0;0;0;1;0;0;0;1;1;0;1;1;0;0;0;0;1;1;1;0;0;0;0;1;0;1;0;0;0;1;1;0;0;0;0;1;1;0;0;0;0;0;1;0;1;0;0;0;0;0;0;0;0;0;0;1;1;0;1;0;0;1;0;0;0;0;1;0;0;0;0;0;0;1;1;0;1;0;0;0,519933072445;0,516663219761;0,91069690523;0,519644719873;0,661714418293;4,66459261694;0;0;0;0
0;1;1;0;0;0;0;1;0;1;1;1;1;0;0;0;0;0;0;0;0;0;0;0;1;1;0;0;1;0;0;0;0;0;0;0;1;0;0;1;0;0;0;0;1;0;0;0;1;0;0;0;0;1;0;0;0;0;0;1;1;1;0;0;1;1;1;1;0;1;1;0;0;0;1;0;0;0;1;1;0;1;1;0;0;0;0;1;1;1;0;0;0;0;1;0;1;0;0;0;1;1;0;0;0;0;1;1;0;0;0;0;0;1;0;1;0;0;0;0;0;0;0;0;0;0;1;1;0;1;0;0;1;0;0;0;0;1;0;0;0;0;0;0;1;1;0;1;0;0;0,519933072445;0,516663219761;0,91069690523;0,519644719873;0,661714418293;4,66459261694;0;0;0;0
0;1;1;0;0;0;0;1;0;1;1;1;1;0;0;0;0;0;0;0;0;0;0;0;1;1;0;0;1;0;0;0;0;0;0;0;1;0;0;1;0;0;0;0;1;0;0;0;1;0;0;0;0;1;0;0;0;0;0;1;1;1;0;0;1;1;1;1;0;1;1;0;0;0;1;0;0;0;1;1;0;1;1;0;0;0;0;1;1;1;0;0;0;0;1;0;1;0;0;0;1;1;0;0;0;0;1;1;0;0;0;0;0;1;0;1;0;0;0;0;0;0;0;0;0;0;1;1;0;1;0;0;1;0;0;0;0;1;0;0;0;0;0;0;1;1;0;1;0;0;0,519933072445;0,516663219761;0,91069690523;0,519644719873;0,661714418293;4,66459261694;0;0;0;0
0;1;1;0;0;0;0;1;0;1;1;1;1;0;0;0;0;0;0;0;0;0;0;0;1;1;0;0;1;0;0;0;0;0;0;0;1;0;0;1;0;0;0;0;1;0;0;0;1;0;0;0;0;1;0;0;0;0;0;1;1;1;0;0;1;1;1;1;0;1;1;0;0;0;1;0;0;0;1;1;0;1;1;0;0;0;0;1;1;1;0;0;0;0;1;0;1;0;0;0;1;1;0;0;0;0;1;1;0;0;0;0;0;1;0;1;0;0;0;0;0;0;0;0;0;0;1;1;0;1;0;0;1;0;0;0;0;1;0;0;0;0;0;0;1;1;0;1;0;0;0,519933072445;0,516663219761;0,91069690523;0,519644719873;0,661714418293;4,66459261694;0;0;0;0
0;1;1;0;0;0;0;1;0;1;1;1;1;0;0;0;0;0;0;0;0;0;0;0;1;1;0;0;1;0;0;0;0;0;0;0;1;0;0;1;0;0;0;0;1;0;0;0;1;0;0;0;0;1;0;0;0;0;0;1;1;1;0;0;1;1;1;1;0;1;1;0;0;0;1;0;0;0;1;1;0;1;1;0;0;0;0;1;1;1;0;0;0;0;1;0;1;0;0;0;1;1;0;0;0;0;1;1;0;0;0;0;0;1;0;1;0;0;0;0;0;0;0;0;0;0;1;1;0;1;0;0;1;0;0;0;0;1;0;0;0;0;0;0;1;1;0;1;0;0;0,519933072445;0,516663219761;0,91069690523;0,519644719873;0,661714418293;4,66459261694;0;0;0;0
0;1;1;0;0;0;0;1;0;1;1;1;1;0;0;0;0;0;0;0;0;0;0;0;1;1;0;0;1;0;0;0;0;0;0;0;1;0;0;1;0;0;0;0;1;0;0;0;1;0;0;0;0;1;0;0;0;0;0;1;1;1;0;0;1;1;1;1;0;1;1;0;0;0;1;0;0;0;1;1;0;1;1;0;0;0;0;1;1;1;0;0;0;0;1;0;1;0;0;0;1;1;0;0;0;0;1;1;0;0;0;0;0;1;0;1;0;0;0;0;0;0;0;0;0;0;1;1;0;1;0;0;1;0;0;0;0;1;0;0;0;0;0;0;1;1;0;1;0;0;0,519933072445;0,516663219761;0,91069690523;0,519644719873;0,661714418293;4,66459261694;0;0;0;0
0;1;1;0;0;0;0;1;0;1;1;1;1;0;0;0;0;0;0;0;0;0;0;0;1;1;0;0;1;0;0;0;0;0;0;0;1;0;0;1;0;0;0;0;1;0;0;0;1;0;0;0;0;1;0;0;0;0;0;1;1;1;0;0;1;1;1;1;0;1;1;0;0;0;1;0;0;0;1;1;0;1;1;0;0;0;0;1;1;1;0;0;0;0;1;0;1;0;0;0;1;1;0;0;0;0;1;1;0;0;0;0;0;1;0;1;0;0;0;0;0;0;0;0;0;0;1;1;0;1;0;0;1;0;0;0;0;1;0;0;0;0;0;0;1;1;0;1;0;0;0,519933072445;0,516663219761;0,91069690523;0,519644719873;0,661714418293;4,66459261694;0;0;0;0
0;1;1;0;0;0;0;1;0;1;1;1;1;0;0;0;0;0;0;0;0;0;0;0;1;1;0;0;1;0;0;0;0;0;0;0;1;0;0;1;0;0;0;0;1;0;0;0;1;0;0;0;0;1;0;0;0;0;0;1;1;1;0;0;1;1;1;1;0;1;1;0;0;0;1;0;0;0;1;1;0;1;1;0;0;0;0;1;1;1;0;0;0;0;1;0;1;0;0;0;1;1;0;0;0;0;1;1;0;0;0;0;0;1;0;1;0;0;0;0;0;0;0;0;0;0;1;1;0;1;0;0;1;0;0;0;0;1;0;0;0;0;0;0;1;1;0;1;0;0;0,519933072445;0,516663219761;0,91069690523;0,519644719873;0,661714418293;4,66459261694;0;0;0;0
0;1;1;0;0;0;0;1;0;1;1;1;1;0;0;0;0;0;0;0;0;0;0;0;1;1;0;0;1;0;0;0;0;0;0;0;1;0;0;1;0;0;0;0;1;0;0;0;1;0;0;0;0;1;0;0;0;0;0;1;1;1;0;0;1;1;1;1;0;1;1;0;0;0;1;0;0;0;1;1;0;1;1;0;0;0;0;1;1;1;0;0;0;0;1;0;1;0;0;0;1;1;0;0;0;0;1;1;0;0;0;0;0;1;0;1;0;0;0;0;0;0;0;0;0;0;1;1;0;1;0;0;1;0;0;0;0;1;0;0;0;0;0;0;1;1;0;1;0;0;0,519933072445;0,516663219761;0,91069690523;0,519644719873;0,661714418293;4,66459261694;0;0;0;0
0;1;1;0;0;0;0;1;0;1;1;1;1;0;0;0;0;0;0;0;0;0;0;0;1;1;0;0;1;0;0;0;0;0;0;0;1;0;0;1;0;0;0;0;1;0;0;0;1;0;0;0;0;1;0;0;0;0;0;1;1;1;0;0;1;1;1;1;0;1;1;0;0;0;1;0;0;0;1;1;0;1;1;0;0;0;0;1;1;1;0;0;0;0;1;0;1;0;0;0;1;1;0;0;0;0;1;1;0;0;0;0;0;1;0;1;0;0;0;0;0;0;0;0;0;0;1;1;0;1;0;0;1;0;0;0;0;1;0;0;0;0;0;0;1;1;0;1;0;0;0,519933072445;0,516663219761;0,91069690523;0,519644719873;0,661714418293;4,66459261694;0;0;0;0
0;1;1;0;0;0;0;1;0;1;1;1;1;0;0;0;0;0;0;0;0;0;0;0;1;1;0;0;1;0;0;0;0;0;0;0;1;0;0;1;0;0;0;0;1;0;0;0;1;0;0;0;0;1;0;0;0;0;0;1;1;1;0;0;1;1;1;1;0;1;1;0;0;0;1;0;0;0;1;1;0;1;1;0;0;0;0;1;1;1;0;0;0;0;1;0;1;0;0;0;1;1;0;0;0;0;1;1;0;0;0;0;0;1;0;1;0;0;0;0;0;0;0;0;0;0;1;1;0;1;0;0;1;0;0;0;0;1;0;0;0;0;0;0;1;1;0;1;0;0;0,519933072445;0,516663219761;0,91069690523;0,519644719873;0,661714418293;4,66459261694;0;0;0;0
0;1;1;0;0;0;0;1;0;1;1;1;1;0;0;0;0;0;0;0;0;0;0;0;1;1;0;0;1;0;0;0;0;0;0;0;1;0;0;1;0;0;0;0;1;0;0;0;1;0;0;0;0;1;0;0;0;0;0;1;1;1;0;0;1;1;1;1;0;1;1;0;0;0;1;0;0;0;1;1;0;1;1;0;0;0;0;1;1;1;0;0;0;0;1;0;1;0;0;0;1;1;0;0;0;0;1;1;0;0;0;0;0;1;0;1;0;0;0;0;0;0;0;0;0;0;1;1;0;1;0;0;1;0;0;0;0;1;0;0;0;0;0;0;1;1;0;1;0;0;0,519933072445;0,516663219761;0,91069690523;0,519644719873;0,661714418293;4,66459261694;0;0;0;0
0;1;1;0;0;0;0;1;0;1;1;1;1;0;0;0;0;0;0;0;0;0;0;0;1;1;0;0;1;0;0;0;0;0;0;0;1;0;0;1;0;0;0;0;1;0;0;0;1;0;0;0;0;1;0;0;0;0;0;1;1;1;0;0;1;1;1;1;0;1;1;0;0;0;1;0;0;0;1;1;0;1;1;0;0;0;0;1;1;1;0;0;0;0;1;0;1;0;0;0;1;1;0;0;0;0;1;1;0;0;0;0;0;1;0;1;0;0;0;0;0;0;0;0;0;0;1;1;0;1;0;0;1;0;0;0;0;1;0;0;0;0;0;0;1;1;0;1;0;0;0,519933072445;0,516663219761;0,91069690523;0,519644719873;0,661714418293;4,66459261694;0;0;0;0
0;1;1;0;0;0;0;1;0;1;1;1;1;0;0;0;0;0;0;0;0;0;0;0;1;1;0;0;1;0;0;0;0;0;0;0;1;0;0;1;0;0;0;0;1;0;0;0;1;0;0;0;0;1;0;0;0;0;0;1;1;1;0;0;1;1;1;1;0;1;1;0;0;0;1;0;0;0;1;1;0;1;1;0;0;0;0;1;1;1;0;0;0;0;1;0;1;0;0;0;1;1;0;0;0;0;1;1;0;0;0;0;0;1;0;1;0;0;0;0;0;0;0;0;0;0;1;1;0;1;0;0;1;0;0;0;0;1;0;0;0;0;0;0;1;1;0;1;0;0;0,519933072445;0,516663219761;0,91069690523;0,519644719873;0,661714418293;4,66459261694;0;0;0;0
0;1;1;0;0;0;0;1;0;1;1;1;1;0;0;0;0;0;0;0;0;0;0;0;1;1;0;0;1;0;0;0;0;0;0;0;1;0;0;1;0;0;0;0;1;0;0;0;1;0;0;0;0;1;0;0;0;0;0;1;1;1;0;0;1;1;1;1;0;1;1;0;0;0;1;0;0;0;1;1;0;1;1;0;0;0;0;1;1;1;0;0;0;0;1;0;1;0;0;0;1;1;0;0;0;0;1;1;0;0;0;0;0;1;0;1;0;0;0;0;0;0;0;0;0;0;1;1;0;1;0;0;1;0;0;0;0;1;0;0;0;0;0;0;1;1;0;1;0;0;0,519933072445;0,516663219761;0,91069690523;0,519644719873;0,661714418293;4,66459261694;0;0;0;0
0;1;1;0;0;0;0;1;0;1;1;1;1;0;0;0;0;0;0;0;0;0;0;0;1;1;0;0;1;0;0;0;0;0;0;0;1;0;0;1;0;0;0;0;1;0;0;0;1;0;0;0;0;1;0;0;0;0;0;1;1;1;0;0;1;1;1;1;0;1;1;0;0;0;1;0;0;0;1;1;0;1;1;0;0;0;0;1;1;1;0;0;0;0;1;0;1;0;0;0;1;1;0;0;0;0;1;1;0;0;0;0;0;1;0;1;0;0;0;0;0;0;0;0;0;0;1;1;0;1;0;0;1;0;0;0;0;1;0;0;0;0;0;0;1;1;0;1;0;0;0,519933072445;0,516663219761;0,91069690523;0,519644719873;0,661714418293;4,66459261694;0;0;0;0
0;1;1;0;0;0;0;1;0;1;1;1;1;0;0;0;0;0;0;0;0;0;0;0;1;1;0;0;1;0;0;0;0;0;0;0;1;0;0;1;0;0;0;0;1;0;0;0;1;0;0;0;0;1;0;0;0;0;0;1;1;1;0;0;1;1;1;1;0;1;1;0;0;0;1;0;0;0;1;1;0;1;1;0;0;0;0;1;1;1;0;0;0;0;1;0;1;0;0;0;1;1;0;0;0;0;1;1;0;0;0;0;0;1;0;1;0;0;0;0;0;0;0;0;0;0;1;1;0;1;0;0;1;0;0;0;0;1;0;0;0;0;0;0;1;1;0;1;0;0;0,519933072445;0,516663219761;0,91069690523;0,519644719873;0,661714418293;4,66459261694;0;0;0;0
0;1;1;0;0;0;0;1;0;1;1;1;1;0;0;0;0;0;0;0;0;0;0;0;1;1;0;0;1;0;0;0;0;0;0;0;1;0;0;1;0;0;0;0;1;0;0;0;1;0;0;0;0;1;0;0;0;0;0;1;1;1;0;0;1;1;1;1;0;1;1;0;0;0;1;0;0;0;1;1;0;1;1;0;0;0;0;1;1;1;0;0;0;0;1;0;1;0;0;0;1;1;0;0;0;0;1;1;0;0;0;0;0;1;0;1;0;0;0;0;0;0;0;0;0;0;1;1;0;1;0;0;1;0;0;0;0;1;0;0;0;0;0;0;1;1;0;1;0;0;0,519933072445;0,516663219761;0,91069690523;0,519644719873;0,661714418293;4,66459261694;0;0;0;0
0;1;1;0;0;0;0;1;0;1;1;1;1;0;0;0;0;0;0;0;0;0;0;0;1;1;0;0;1;0;0;0;0;0;0;0;1;0;0;1;0;0;0;0;1;0;0;0;1;0;0;0;0;1;0;0;0;0;0;1;1;1;0;0;1;1;1;1;0;1;1;0;0;0;1;0;0;0;1;1;0;1;1;0;0;0;0;1;1;1;0;0;0;0;1;0;1;0;0;0;1;1;0;0;0;0;1;1;0;0;0;0;0;1;0;1;0;0;0;0;0;0;0;0;0;0;1;1;0;1;0;0;1;0;0;0;0;1;0;0;0;0;0;0;1;1;0;1;0;0;0,519933072445;0,516663219761;0,91069690523;0,519644719873;0,661714418293;4,66459261694;0;0;0;0
0;1;1;0;0;0;0;1;0;1;1;1;1;0;0;0;0;0;0;0;0;0;0;0;1;1;0;0;1;0;0;0;0;0;0;0;1;0;0;1;0;0;0;0;1;0;0;0;1;0;0;0;0;1;0;0;0;0;0;1;1;1;0;0;1;1;1;1;0;1;1;0;0;0;1;0;0;0;1;1;0;1;1;0;0;0;0;1;1;1;0;0;0;0;1;0;1;0;0;0;1;1;0;0;0;0;1;1;0;0;0;0;0;1;0;1;0;0;0;0;0;0;0;0;0;0;1;1;0;1;0;0;1;0;0;0;0;1;0;0;0;0;0;0;1;1;0;1;0;0;0,519933072445;0,516663219761;0,91069690523;0,519644719873;0,661714418293;4,66459261694;0;0;0;0
0;1;1;0;0;0;0;1;0;1;1;1;1;0;0;0;0;0;0;0;0;0;0;0;1;1;0;0;1;0;0;0;0;0;0;0;1;0;0;1;0;0;0;0;1;0;0;0;1;0;0;0;0;1;0;0;0;0;0;1;1;1;0;0;1;1;1;1;0;1;1;0;0;0;1;0;0;0;1;1;0;1;1;0;0;0;0;1;1;1;0;0;0;0;1;0;1;0;0;0;1;1;0;0;0;0;1;1;0;0;0;0;0;1;0;1;0;0;0;0;0;0;0;0;0;0;1;1;0;1;0;0;1;0;0;0;0;1;0;0;0;0;0;0;1;1;0;1;0;0;0,519933072445;0,516663219761;0,91069690523;0,519644719873;0,661714418293;4,66459261694;0;0;0;0
0;1;1;0;0;0;0;1;0;1;1;1;1;0;0;0;0;0;0;0;0;0;0;0;1;1;0;0;1;0;0;0;0;0;0;0;1;0;0;1;0;0;0;0;1;0;0;0;1;0;0;0;0;1;0;0;0;0;0;1;1;1;0;0;1;1;1;1;0;1;1;0;0;0;1;0;0;0;1;1;0;1;1;0;0;0;0;1;1;1;0;0;0;0;1;0;1;0;0;0;1;1;0;0;0;0;1;1;0;0;0;0;0;1;0;1;0;0;0;0;0;0;0;0;0;0;1;1;0;1;0;0;1;0;0;0;0;1;0;0;0;0;0;0;1;1;0;1;0;0;0,519933072445;0,516663219761;0,91069690523;0,519644719873;0,661714418293;4,66459261694;0;0;0;0
0;1;1;0;0;0;0;1;0;1;1;1;1;0;0;0;0;0;0;0;0;0;0;0;1;1;0;0;1;0;0;0;0;0;0;0;1;0;0;1;0;0;0;0;1;0;0;0;1;0;0;0;0;1;0;0;0;0;0;1;1;1;0;0;1;1;1;1;0;1;1;0;0;0;1;0;0;0;1;1;0;1;1;0;0;0;0;1;1;1;0;0;0;0;1;0;1;0;0;0;1;1;0;0;0;0;1;1;0;0;0;0;0;1;0;1;0;0;0;0;0;0;0;0;0;0;1;1;0;1;0;0;1;0;0;0;0;1;0;0;0;0;0;0;1;1;0;1;0;0;0,519933072445;0,516663219761;0,91069690523;0,519644719873;0,661714418293;4,66459261694;0;0;0;0
