10;40;30;db;Cosine;2;2
1;1;0;1;1;1;0;1;1;1;0;1;0;1;1;1;1;1;1;0;0;1;1;1;1;0;1;1;0;1;1;1;1;0;1;1;1;1;1;1;1;0;0;1;0;1;1;1;1;0;1;0;0;0;1;0;1;0;1;1;1;1;1;1;1;0;1;0;1;1;1;0;1;0;0;1;1;0;1;0;0;1;0;1;1;1;0;0;0;1;1;1;0;1;1;1;0;1;1;1;1;1;1;1;0;1;1;0;1;0;0;1;1;0;0;1;1;1;1;1;1;0;1;1;1;0;1;1;0;0;0;0;1;0;1;1;1;1;1;1;1;1;0;1;1;0;0;0;0;0;0,558371443754;0,550981342634;0,949020443401;0,553749288743;0,699401091591;24,85964995;0;0;0;0
1;1;0;1;1;1;0;1;1;1;0;1;0;1;1;1;1;1;1;0;0;1;1;1;1;0;1;1;0;1;1;1;1;0;1;1;1;1;1;1;1;0;0;1;0;1;1;1;1;0;1;0;0;0;1;0;1;0;1;1;1;1;1;1;1;0;1;0;1;1;1;0;1;0;0;1;1;0;1;0;0;1;0;1;1;1;0;0;0;1;1;1;0;1;1;1;0;1;1;1;1;1;1;1;0;1;1;0;1;0;0;1;1;0;0;1;1;1;1;1;1;0;1;1;1;0;1;1;0;0;0;0;1;0;1;1;1;1;1;1;1;1;0;1;1;0;0;0;0;0;0,558371443754;0,550981342634;0,949020443401;0,553749288743;0,699401091591;24,85964995;0;0;0;0
1;1;0;1;1;1;0;1;1;1;0;1;0;1;1;1;1;1;1;0;0;1;1;1;1;0;1;1;0;1;1;1;1;0;1;1;1;1;1;1;1;0;0;1;0;1;1;1;1;0;1;0;0;0;1;0;1;0;1;1;1;1;1;1;1;0;1;0;1;1;1;0;1;0;0;1;1;0;1;0;0;1;0;1;1;1;0;0;0;1;1;1;0;1;1;1;0;1;1;1;1;1;1;1;0;1;1;0;1;0;0;1;1;0;0;1;1;1;1;1;1;0;1;1;1;0;1;1;0;0;0;0;1;0;1;1;1;1;1;1;1;1;0;1;1;0;0;0;0;0;0,558371443754;0,550981342634;0,949020443401;0,553749288743;0,699401091591;24,85964995;0;0;0;0
1;1;0;1;1;1;0;1;1;1;0;1;0;1;1;1;1;1;1;0;0;1;1;1;1;0;1;1;0;1;1;1;1;0;1;1;1;1;1;1;1;0;0;1;0;1;1;1;1;0;1;0;1;0;1;0;1;0;1;1;1;1;1;1;1;0;1;0;1;1;1;0;1;0;0;1;1;0;1;0;0;1;0;1;1;1;0;0;0;1;1;1;0;1;1;1;0;1;1;1;1;1;1;1;0;1;1;0;1;0;0;1;1;0;0;1;1;1;1;1;1;0;1;1;1;0;1;1;0;0;0;0;1;0;1;1;1;1;1;1;1;1;0;1;1;0;0;0;0;0;0,534256231884;0,516908856218;0,897316647282;0,519887466518;0,658343669592;25,8360578565;0;0;0;0
1;1;0;1;1;1;0;1;1;1;0;1;0;1;1;1;1;1;1;0;0;1;1;1;1;0;1;1;0;1;1;1;1;0;1;1;1;1;1;1;1;0;0;1;0;1;1;1;1;0;1;0;1;0;1;0;1;0;1;1;1;1;1;1;1;0;1;0;1;1;1;0;1;0;0;1;1;0;1;0;0;1;0;1;1;1;0;0;0;1;1;1;0;1;1;1;0;1;1;1;1;1;1;1;0;1;1;0;1;0;0;1;1;0;0;1;1;1;1;1;1;0;1;1;1;0;1;1;0;0;0;0;1;0;1;1;1;1;1;1;1;1;0;1;1;0;0;0;0;0;0,534256231884;0,516908856218;0,897316647282;0,519887466518;0,658343669592;25,8360578565;0;0;0;0
1;1;0;1;1;1;0;1;1;1;0;1;0;1;1;1;1;1;1;0;0;1;1;1;1;0;1;1;0;1;1;1;1;0;1;1;1;1;1;1;1;0;0;1;0;1;1;1;1;0;1;0;1;0;1;0;1;0;1;1;1;1;1;1;1;0;1;0;1;1;1;0;1;0;0;1;1;0;1;0;0;1;0;1;1;1;0;0;0;1;1;1;0;1;1;1;0;1;1;1;1;1;1;1;0;1;1;0;1;0;0;1;1;0;0;1;1;1;1;1;1;0;1;1;1;0;1;1;0;0;0;0;1;0;1;1;1;1;1;1;1;1;0;1;1;0;0;0;0;0;0,534256231884;0,516908856218;0,897316647282;0,519887466518;0,658343669592;25,8360578565;0;0;0;0
1;1;0;1;1;1;0;1;1;1;0;1;0;1;1;1;1;1;1;0;0;1;1;1;1;0;1;1;0;1;1;1;1;0;1;1;1;1;1;1;1;0;0;1;0;1;1;1;1;0;1;0;1;0;1;0;1;0;1;1;1;1;1;1;1;0;1;0;1;1;1;0;1;0;0;1;1;0;1;0;0;1;0;1;1;1;0;0;0;1;1;1;0;1;1;1;0;1;1;1;1;1;1;1;0;1;1;0;1;0;0;1;1;0;0;1;1;1;1;1;1;0;1;1;1;0;1;1;0;0;0;0;1;0;1;1;1;1;1;1;1;1;0;1;1;0;0;0;0;0;0,534256231884;0,516908856218;0,897316647282;0,519887466518;0,658343669592;25,8360578565;0;0;0;0
1;1;0;1;1;1;0;1;1;1;0;1;0;1;1;1;1;1;1;0;0;1;1;1;1;0;1;1;0;1;1;1;1;0;1;1;1;1;1;1;1;0;0;1;0;1;1;1;1;0;1;0;1;0;1;0;1;0;1;1;1;1;1;1;1;0;1;0;1;1;1;0;1;0;0;1;1;0;1;0;0;1;0;1;1;1;0;0;0;1;1;1;0;1;1;1;0;1;1;1;1;1;1;1;0;1;1;0;1;0;0;1;1;0;0;1;1;1;1;1;1;0;1;1;1;0;1;1;0;0;0;0;1;0;1;1;1;1;1;1;1;1;0;1;1;0;0;0;0;0;0,534256231884;0,516908856218;0,897316647282;0,519887466518;0,658343669592;25,8360578565;0;0;0;0
1;1;0;1;1;1;0;1;1;1;0;1;0;1;1;1;1;1;1;0;0;1;1;1;1;0;1;1;0;1;1;1;1;0;1;1;1;1;1;1;1;0;0;1;0;1;1;1;1;0;1;0;1;0;1;0;1;0;1;1;1;1;1;1;1;0;1;0;1;1;1;0;1;0;0;1;1;0;1;0;0;1;0;1;1;1;0;0;0;1;1;1;0;1;1;1;0;1;1;1;1;1;1;1;0;1;1;0;1;0;0;1;1;0;0;1;1;1;1;1;1;0;1;1;1;0;1;1;0;0;0;0;1;0;1;1;1;1;1;1;1;1;0;1;1;0;0;0;0;0;0,534256231884;0,516908856218;0,897316647282;0,519887466518;0,658343669592;25,8360578565;0;0;0;0
1;1;0;1;1;1;0;1;1;1;0;1;0;1;1;1;1;1;1;0;0;1;1;1;1;0;1;1;0;1;1;1;1;0;1;1;1;1;1;1;1;0;0;1;0;1;1;1;1;0;1;0;1;0;1;0;1;0;1;1;1;1;1;1;1;0;1;0;1;1;1;0;1;0;0;1;1;0;1;0;0;1;0;1;1;1;0;0;0;1;1;1;0;1;1;1;0;1;1;1;1;1;1;1;0;1;1;0;1;0;0;1;1;0;0;1;1;1;1;1;1;0;1;1;1;0;1;1;0;0;0;0;1;0;1;1;1;1;1;1;1;1;0;1;1;0;0;0;0;0;0,534256231884;0,516908856218;0,897316647282;0,519887466518;0,658343669592;25,8360578565;0;0;0;0
1;1;0;1;1;1;0;1;1;1;0;1;0;1;1;1;1;1;1;0;0;1;1;1;1;0;1;1;0;1;1;1;1;0;1;1;1;1;1;1;1;0;0;1;0;1;1;1;1;0;1;0;1;0;1;0;1;0;1;1;1;1;1;1;1;0;1;0;1;1;1;0;1;0;0;1;1;0;1;0;0;1;0;1;1;1;0;0;0;1;1;1;0;1;1;1;0;1;1;1;1;1;1;1;0;1;1;0;1;0;0;1;1;0;0;1;1;1;1;1;1;0;1;1;1;0;1;1;0;0;0;0;1;0;1;1;1;1;1;1;1;1;0;1;1;0;0;0;0;0;0,534256231884;0,516908856218;0,897316647282;0,519887466518;0,658343669592;25,8360578565;0;0;0;0
1;1;0;1;1;1;0;1;1;1;0;1;0;1;1;1;1;1;1;0;0;1;1;1;1;0;1;1;0;1;1;1;1;0;1;1;1;1;1;1;1;0;0;1;0;1;1;1;1;0;1;0;1;0;1;0;1;0;1;1;1;1;1;1;1;0;1;0;1;1;1;0;1;0;0;1;1;0;1;0;0;1;0;1;1;1;0;0;0;1;1;1;0;1;1;1;0;1;1;1;1;1;1;1;0;1;1;0;1;0;0;1;1;0;0;1;1;1;1;1;1;0;1;1;1;0;1;1;0;0;0;0;1;0;1;1;1;1;1;1;1;1;0;1;1;0;0;0;0;0;0,534256231884;0,516908856218;0,897316647282;0,519887466518;0,658343669592;25,8360578565;0;0;0;0
1;1;0;1;1;1;0;1;1;1;0;1;0;1;1;1;1;1;1;0;0;1;1;1;1;0;1;1;0;1;1;1;1;0;1;1;1;1;1;1;1;0;0;1;0;1;1;1;1;0;1;0;1;0;1;0;1;0;1;1;1;1;1;1;1;0;1;0;1;1;1;0;1;0;0;1;1;0;1;0;0;1;0;1;1;1;0;0;0;1;1;1;0;1;1;1;0;1;1;1;1;1;1;1;0;1;1;0;1;0;0;1;1;0;0;1;1;1;1;1;1;0;1;1;1;0;1;1;0;0;0;0;1;0;1;1;1;1;1;1;1;1;0;1;1;0;0;0;0;0;0,534256231884;0,516908856218;0,897316647282;0,519887466518;0,658343669592;25,8360578565;0;0;0;0
1;1;0;1;1;1;0;1;1;1;0;1;0;1;1;1;1;1;1;0;0;1;1;1;1;0;1;1;0;1;1;1;1;0;1;1;1;1;1;1;1;0;0;1;0;1;1;1;1;0;1;0;1;0;1;0;1;0;1;1;1;1;1;1;1;0;1;0;1;1;1;0;1;0;0;1;1;0;1;0;0;1;0;1;1;1;0;0;0;1;1;1;0;1;1;1;0;1;1;1;1;1;1;1;0;1;1;0;1;0;0;1;1;0;0;1;1;1;1;1;1;0;1;1;1;0;1;1;0;0;0;0;1;0;1;1;1;1;1;1;1;1;0;1;1;0;0;0;0;0;0,534256231884;0,516908856218;0,897316647282;0,519887466518;0,658343669592;25,8360578565;0;0;0;0
1;1;0;1;1;1;0;1;1;1;0;1;0;1;1;1;1;1;1;0;0;1;1;1;1;0;1;1;0;1;1;1;1;0;1;1;1;1;1;1;1;0;0;1;0;1;1;1;1;0;1;0;1;0;1;0;1;0;1;1;1;1;1;1;1;0;1;0;1;1;1;0;1;0;0;1;1;0;1;0;0;1;0;1;1;1;0;0;0;1;1;1;0;1;1;1;0;1;1;1;1;1;1;1;0;1;1;0;1;0;0;1;1;0;0;1;1;1;1;1;1;0;1;1;1;0;1;1;0;0;0;0;1;0;1;1;1;1;1;1;1;1;0;1;1;0;0;0;0;0;0,534256231884;0,516908856218;0,897316647282;0,519887466518;0,658343669592;25,8360578565;0;0;0;0
1;1;0;1;1;1;0;1;1;1;0;1;0;1;1;1;1;1;1;0;0;1;1;1;1;0;1;1;0;1;1;1;1;0;1;1;1;1;1;1;1;0;0;1;0;1;1;1;1;0;1;0;1;0;1;0;1;0;1;1;1;1;1;1;1;0;1;0;1;1;1;0;1;0;0;1;1;0;1;0;0;1;0;1;1;1;0;0;0;1;1;1;0;1;1;1;0;1;1;1;1;1;1;1;0;1;1;0;1;0;0;1;1;0;0;1;1;1;1;1;1;0;1;1;1;0;1;1;0;0;0;0;1;0;1;1;1;1;1;1;1;1;0;1;1;0;0;0;0;0;0,534256231884;0,516908856218;0,897316647282;0,519887466518;0,658343669592;25,8360578565;0;0;0;0
1;1;0;1;1;1;0;1;1;1;0;1;0;1;1;1;1;1;1;0;0;1;1;1;1;0;1;1;0;1;1;1;1;0;1;1;1;1;1;1;1;0;0;1;0;1;1;1;1;0;1;0;1;0;1;0;1;0;1;1;1;1;1;1;1;0;1;0;1;1;1;0;1;0;0;1;1;0;1;0;0;1;0;1;1;1;0;0;0;1;1;1;0;1;1;1;0;1;1;1;1;1;1;1;0;1;1;0;1;0;0;1;1;0;0;1;1;1;1;1;1;0;1;1;1;0;1;1;0;0;0;0;1;0;1;1;1;1;1;1;1;1;0;1;1;0;0;0;0;0;0,534256231884;0,516908856218;0,897316647282;0,519887466518;0,658343669592;25,8360578565;0;0;0;0
1;1;0;1;1;1;0;1;1;1;0;1;0;1;1;1;1;1;1;0;0;1;1;1;1;0;1;1;0;1;1;1;1;0;1;1;1;1;1;1;1;0;0;1;0;1;1;1;1;0;1;0;1;0;1;0;1;0;1;1;1;1;1;1;1;0;1;0;1;1;1;0;1;0;0;1;1;0;1;0;0;1;0;1;1;1;0;0;0;1;1;1;0;1;1;1;0;1;1;1;1;1;1;1;0;1;1;0;1;0;0;1;1;0;0;1;1;1;1;1;1;0;1;1;1;0;1;1;0;0;0;0;1;0;1;1;1;1;1;1;1;1;0;1;1;0;0;0;0;0;0,534256231884;0,516908856218;0,897316647282;0,519887466518;0,658343669592;25,8360578565;0;0;0;0
1;1;0;1;1;1;0;1;1;1;0;1;0;1;1;1;1;1;1;0;0;1;1;1;1;0;1;1;0;1;1;1;1;0;1;1;1;1;1;1;1;0;0;1;0;1;1;1;1;0;1;0;1;0;1;0;1;0;1;1;1;1;1;1;1;0;1;0;1;1;1;0;1;0;0;1;1;0;1;0;0;1;0;1;1;1;0;0;0;1;1;1;0;1;1;1;0;1;1;1;1;1;1;1;0;1;1;0;1;0;0;1;1;0;0;1;1;1;1;1;1;0;1;1;1;0;1;1;0;0;0;0;1;0;1;1;1;1;1;1;1;1;0;1;1;0;0;0;0;0;0,534256231884;0,516908856218;0,897316647282;0,519887466518;0,658343669592;25,8360578565;0;0;0;0
1;1;0;1;1;1;0;1;1;1;0;1;0;1;1;1;1;1;1;0;0;1;1;1;1;0;1;1;0;1;1;1;1;0;1;1;1;1;1;1;1;0;0;1;0;1;1;1;1;0;1;0;1;0;1;0;1;0;1;1;1;1;1;1;1;0;1;0;1;1;1;0;1;0;0;1;1;0;1;0;0;1;0;1;1;1;0;0;0;1;1;1;0;1;1;1;0;1;1;1;1;1;1;1;0;1;1;0;1;0;0;1;1;0;0;1;1;1;1;1;1;0;1;1;1;0;1;1;0;0;0;0;1;0;1;1;1;1;1;1;1;1;0;1;1;0;0;0;0;0;0,534256231884;0,516908856218;0,897316647282;0,519887466518;0,658343669592;25,8360578565;0;0;0;0
1;1;0;1;1;1;0;1;1;1;0;1;0;1;1;1;1;1;1;0;0;1;1;1;1;0;1;1;0;1;1;1;1;0;1;1;1;1;1;1;1;0;0;1;0;1;1;1;1;0;1;0;1;0;1;0;1;0;1;1;1;1;1;1;1;0;1;0;1;1;1;0;1;0;0;1;1;0;1;0;0;1;0;1;1;1;0;0;0;1;1;1;0;1;1;1;0;1;1;1;1;1;1;1;0;1;1;0;1;0;0;1;1;0;0;1;1;1;1;1;1;0;1;1;1;0;1;1;0;0;0;0;1;0;1;1;1;1;1;1;1;1;0;1;1;0;0;0;0;0;0,534256231884;0,516908856218;0,897316647282;0,519887466518;0,658343669592;25,8360578565;0;0;0;0
1;1;0;1;1;1;0;1;1;1;0;1;0;1;1;1;1;1;1;0;0;1;1;1;1;0;1;1;0;1;1;1;1;0;1;1;1;1;1;1;1;0;0;1;0;1;1;1;1;0;1;0;1;0;1;0;1;0;1;1;1;1;1;1;1;0;1;0;1;1;1;0;1;0;0;1;1;0;1;0;0;1;0;1;1;1;0;0;0;1;1;1;0;1;1;1;0;1;1;1;1;1;1;1;0;1;1;0;1;0;0;1;1;0;0;1;1;1;1;1;1;0;1;1;1;0;1;1;0;0;0;0;1;0;1;1;1;1;1;1;1;1;0;1;1;0;0;0;0;0;0,534256231884;0,516908856218;0,897316647282;0,519887466518;0,658343669592;25,8360578565;0;0;0;0
1;1;0;1;1;1;0;1;1;1;0;1;0;1;1;1;1;1;1;0;0;1;1;1;1;0;1;1;0;1;1;1;1;0;1;1;1;1;1;1;1;0;0;1;0;1;1;1;1;0;1;0;1;0;1;0;1;0;1;1;1;1;1;1;1;0;1;0;1;1;1;0;1;0;0;1;1;0;1;0;0;1;0;1;1;1;0;0;0;1;1;1;0;1;1;1;0;1;1;1;1;1;1;1;0;1;1;0;1;0;0;1;1;0;0;1;1;1;1;1;1;0;1;1;1;0;1;1;0;0;0;0;1;0;1;1;1;1;1;1;1;1;0;1;1;0;0;0;0;0;0,534256231884;0,516908856218;0,897316647282;0,519887466518;0,658343669592;25,8360578565;0;0;0;0
1;1;0;1;1;1;0;1;1;1;0;1;0;1;1;1;1;1;1;0;0;1;1;1;1;0;1;1;0;1;1;1;1;0;1;1;1;1;1;1;1;0;0;1;0;1;1;1;1;0;1;0;1;0;1;0;1;0;1;1;1;1;1;1;1;0;1;0;1;1;1;0;1;0;0;1;1;0;1;0;0;1;0;1;1;1;0;0;0;1;1;1;0;1;1;1;0;1;1;1;1;1;1;1;0;1;1;0;1;0;0;1;1;0;0;1;1;1;1;1;1;0;1;1;1;0;1;1;0;0;0;0;1;0;1;1;1;1;1;1;1;1;0;1;1;0;0;0;0;0;0,534256231884;0,516908856218;0,897316647282;0,519887466518;0,658343669592;25,8360578565;0;0;0;0
1;1;0;1;1;1;0;1;1;1;0;1;0;1;1;1;1;1;1;0;0;1;1;1;1;0;1;1;0;1;1;1;1;0;1;1;1;1;1;1;1;0;0;1;0;1;1;1;1;0;1;0;1;0;1;0;1;0;1;1;1;1;1;1;1;0;1;0;1;1;1;0;1;0;0;1;1;0;1;0;0;1;0;1;1;1;0;0;0;1;1;1;0;1;1;1;0;1;1;1;1;1;1;1;0;1;1;0;1;0;0;1;1;0;0;1;1;1;1;1;1;0;1;1;1;0;1;1;0;0;0;0;1;0;1;1;1;1;1;1;1;1;0;1;1;0;0;0;0;0;0,534256231884;0,516908856218;0,897316647282;0,519887466518;0,658343669592;25,8360578565;0;0;0;0
1;1;0;1;1;1;0;1;1;1;0;1;0;1;1;1;1;1;1;0;0;1;1;1;1;0;1;1;0;1;1;1;1;0;1;1;1;1;1;1;1;0;0;1;0;1;1;1;1;0;1;0;1;0;1;0;1;0;1;1;1;1;1;1;1;0;1;0;1;1;1;0;1;0;0;1;1;0;1;0;0;1;0;1;1;1;0;0;0;1;1;1;0;1;1;1;0;1;1;1;1;1;1;1;0;1;1;0;1;0;0;1;1;0;0;1;1;1;1;1;1;0;1;1;1;0;1;1;0;0;0;0;1;0;1;1;1;1;1;1;1;1;0;1;1;0;0;0;0;0;0,534256231884;0,516908856218;0,897316647282;0,519887466518;0,658343669592;25,8360578565;0;0;0;0
1;1;0;1;1;1;0;1;1;1;0;1;0;1;1;1;1;1;1;0;0;1;1;1;1;0;1;1;0;1;1;1;1;0;1;1;1;1;1;1;1;0;0;1;0;1;1;1;1;0;1;0;1;0;1;0;1;0;1;1;1;1;1;1;1;0;1;0;1;1;1;0;1;0;0;1;1;0;1;0;0;1;0;1;1;1;0;0;0;1;1;1;0;1;1;1;0;1;1;1;1;1;1;1;0;1;1;0;1;0;0;1;1;0;0;1;1;1;1;1;1;0;1;1;1;0;1;1;0;0;0;0;1;0;1;1;1;1;1;1;1;1;0;1;1;0;0;0;0;0;0,534256231884;0,516908856218;0,897316647282;0,519887466518;0,658343669592;25,8360578565;0;0;0;0
1;1;0;1;1;1;0;1;1;1;0;1;0;1;1;1;1;1;1;0;0;1;1;1;1;0;1;1;0;1;1;1;1;0;1;1;1;1;1;1;1;0;0;1;0;1;1;1;1;0;1;0;1;0;1;0;1;0;1;1;1;1;1;1;1;0;1;0;1;1;1;0;1;0;0;1;1;0;1;0;0;1;0;1;1;1;0;0;0;1;1;1;0;1;1;1;0;1;1;1;1;1;1;1;0;1;1;0;1;0;0;1;1;0;0;1;1;1;1;1;1;0;1;1;1;0;1;1;0;0;0;0;1;0;1;1;1;1;1;1;1;1;0;1;1;0;0;0;0;0;0,534256231884;0,516908856218;0,897316647282;0,519887466518;0,658343669592;25,8360578565;0;0;0;0
1;1;0;1;1;1;0;1;1;1;0;1;0;1;1;1;1;1;1;0;0;1;1;1;1;0;1;1;0;1;1;1;1;0;1;1;1;1;1;1;1;0;0;1;0;1;1;1;1;0;1;0;1;0;1;0;1;0;1;1;1;1;1;1;1;0;1;0;1;1;1;0;1;0;0;1;1;0;1;0;0;1;0;1;1;1;0;0;0;1;1;1;0;1;1;1;0;1;1;1;1;1;1;1;0;1;1;0;1;0;0;1;1;0;0;1;1;1;1;1;1;0;1;1;1;0;1;1;0;0;0;0;1;0;1;1;1;1;1;1;1;1;0;1;1;0;0;0;0;0;0,534256231884;0,516908856218;0,897316647282;0,519887466518;0,658343669592;25,8360578565;0;0;0;0
1;1;0;1;1;1;0;1;1;1;0;1;0;1;1;1;1;1;1;0;0;1;1;1;1;0;1;1;0;1;1;1;1;0;1;1;1;1;1;1;1;0;0;1;0;1;1;1;1;0;1;0;1;0;1;0;1;0;1;1;1;1;1;1;1;0;1;0;1;1;1;0;1;0;0;1;1;0;1;0;0;1;0;1;1;1;0;0;0;1;1;1;0;1;1;1;0;1;1;1;1;1;1;1;0;1;1;0;1;0;0;1;1;0;0;1;1;1;1;1;1;0;1;1;1;0;1;1;0;0;0;0;1;0;1;1;1;1;1;1;1;1;0;1;1;0;0;0;0;0;0,534256231884;0,516908856218;0,897316647282;0,519887466518;0,658343669592;25,8360578565;0;0;0;0
