10;40;30;db;Minkowski_2;1;1
1;1;1;0;1;1;1;1;1;1;1;0;0;0;0;0;1;1;1;1;0;1;1;0;1;1;1;1;1;1;2;1;0;1;1;1;0;1;0;0;1;1;1;1;1;0;1;1;1;1;1;0;1;1;1;1;1;0;1;0;1;1;1;1;0;1;0;1;1;1;0;1;0;1;1;0;1;0;1;1;0;1;1;1;1;0;1;0;0;1;1;0;0;1;0;0;0;1;0;0;2;1;1;0;0;1;1;0;0;0;0;1;1;1;1;1;1;0;1;1;1;1;1;1;0;1;0;1;1;0;1;0;1;1;1;1;0;0;1;1;0;1;1;1;0;1;1;0;1;1;0,539408633654;0,547690751609;0,872848367654;0,553994512735;0,67779460903;2,734042281;0;0;0;0
1;1;1;0;1;1;1;1;1;1;1;0;0;0;0;0;1;1;1;1;0;1;1;0;1;1;0;1;1;1;0;1;0;1;1;1;0;1;0;0;1;0;1;1;1;0;1;1;1;1;1;0;1;1;1;1;1;0;1;0;1;1;1;1;0;1;0;1;1;1;0;1;0;0;1;0;1;0;1;1;0;1;1;1;1;0;1;0;0;1;1;0;0;1;0;0;0;1;0;0;0;1;1;0;0;1;1;0;0;0;0;1;1;1;1;1;1;0;1;1;1;1;1;1;0;1;0;1;1;0;0;0;1;1;1;1;0;0;1;1;0;1;1;1;0;1;1;0;1;1;0,52009752945;0,480642915328;0,808869596148;0,483842151258;0,605494931523;3,53585174245;0;0;0;0
1;1;1;0;1;1;1;1;1;1;1;0;0;0;0;0;1;1;1;1;0;1;1;0;1;1;0;1;1;1;0;1;0;1;1;1;0;1;0;0;1;0;1;1;1;0;1;1;1;1;1;0;1;1;1;1;1;0;1;0;1;1;1;1;0;1;0;1;1;1;0;1;0;0;1;0;1;0;1;1;0;1;1;1;1;0;1;0;0;1;1;0;0;1;0;0;0;1;0;0;0;1;1;0;0;1;1;0;0;0;0;1;1;1;1;1;1;0;1;1;1;1;1;1;0;1;0;1;1;0;0;0;1;1;1;1;0;0;1;1;0;1;1;1;0;1;1;0;1;1;0,52009752945;0,480642915328;0,808869596148;0,483842151258;0,605494931523;3,53585174245;0;0;0;0
1;1;1;0;1;1;1;1;1;1;1;0;0;0;0;0;1;1;1;1;0;1;1;0;1;1;0;1;1;1;0;1;0;1;1;1;0;1;0;0;1;0;1;1;1;0;1;1;1;1;1;0;1;1;1;1;1;0;1;0;1;1;1;1;0;1;0;1;1;1;0;1;0;0;1;0;1;0;1;1;0;1;1;1;1;0;1;0;0;1;1;0;0;1;0;0;0;1;0;0;0;1;1;0;0;1;1;0;0;0;0;1;1;1;1;1;1;0;1;1;1;1;1;1;0;1;0;1;1;0;0;0;1;1;1;1;0;0;1;1;0;1;1;1;0;1;1;0;1;1;0,52009752945;0,480642915328;0,808869596148;0,483842151258;0,605494931523;3,53585174245;0;0;0;0
1;1;1;0;1;1;1;1;1;1;1;0;0;0;0;0;1;1;1;1;0;1;1;0;1;1;1;1;1;1;0;1;0;1;1;1;0;1;0;0;1;1;1;1;1;0;1;1;1;1;1;0;1;1;1;1;1;0;1;0;1;1;1;1;0;1;0;1;1;1;0;1;0;1;1;0;1;0;1;1;0;1;1;1;1;0;1;0;0;1;1;0;0;1;0;0;0;1;0;0;0;1;1;0;0;1;1;0;0;0;0;1;1;1;1;1;1;0;1;1;1;1;1;1;0;1;0;1;1;0;1;0;1;1;1;1;0;0;1;1;0;1;1;1;0;1;1;0;1;1;0,558371443754;0,550981342634;0,949020443401;0,553749288743;0,699401091591;3,86151400807;0;0;0;0
1;1;1;0;1;1;1;1;1;1;1;0;0;0;0;0;1;1;1;1;0;1;1;0;1;1;1;1;1;1;0;1;0;1;1;1;0;1;0;0;1;1;1;1;1;0;1;1;1;1;1;0;1;1;1;1;1;0;1;0;1;1;1;1;0;1;0;1;1;1;0;1;0;1;1;0;1;0;1;1;0;1;1;1;1;0;1;0;0;1;1;0;0;1;0;0;0;1;0;0;0;1;1;0;0;1;1;0;0;0;0;1;1;1;1;1;1;0;1;1;1;1;1;1;0;1;0;1;1;0;1;0;1;1;1;1;0;0;1;1;0;1;1;1;0;1;1;0;1;1;0,558371443754;0,550981342634;0,949020443401;0,553749288743;0,699401091591;3,86151400807;0;0;0;0
1;1;1;0;1;1;1;1;1;1;1;0;0;0;0;0;1;1;1;1;0;1;1;0;1;1;1;1;1;1;0;1;0;1;1;1;0;1;0;0;1;1;1;1;1;0;1;1;1;1;1;0;1;1;1;1;1;0;1;0;1;1;1;1;0;1;0;1;1;1;0;1;0;1;1;0;1;0;1;1;0;1;1;1;1;0;1;0;0;1;1;0;0;1;0;0;0;1;0;0;0;1;1;0;0;1;1;0;0;0;0;1;1;1;1;1;1;0;1;1;1;1;1;1;0;1;0;1;1;0;1;0;1;1;1;1;0;0;1;1;0;1;1;1;0;1;1;0;1;1;0,558371443754;0,550981342634;0,949020443401;0,553749288743;0,699401091591;3,86151400807;0;0;0;0
1;1;1;0;1;1;1;1;1;1;1;0;0;0;0;0;1;1;1;1;0;1;1;0;1;1;1;1;1;1;0;1;0;1;1;1;0;1;0;0;1;1;1;1;1;0;1;1;1;1;1;0;1;1;1;1;1;0;1;0;1;1;1;1;0;1;0;1;1;1;0;1;0;1;1;0;1;0;1;1;0;1;1;1;1;0;1;0;0;1;1;0;0;1;0;0;0;1;0;0;0;1;1;0;0;1;1;0;0;0;0;1;1;1;1;1;1;0;1;1;1;1;1;1;0;1;0;1;1;0;1;0;1;1;1;1;0;0;1;1;0;1;1;1;0;1;1;0;1;1;0,558371443754;0,550981342634;0,949020443401;0,553749288743;0,699401091591;3,86151400807;0;0;0;0
1;1;1;0;1;1;1;1;1;1;1;0;0;0;0;0;1;1;1;1;0;1;1;0;1;1;1;1;1;1;0;1;0;1;1;1;0;1;0;0;1;1;1;1;1;0;1;1;1;1;1;0;1;1;1;1;1;0;1;0;1;1;1;1;0;1;0;1;1;1;0;1;0;1;1;0;1;0;1;1;0;1;1;1;1;0;1;0;0;1;1;0;0;1;0;0;0;1;0;0;0;1;1;0;0;1;1;0;0;0;0;1;1;1;1;1;1;0;1;1;1;1;1;1;0;1;0;1;1;0;1;0;1;1;1;1;0;0;1;1;0;1;1;1;0;1;1;0;1;1;0,558371443754;0,550981342634;0,949020443401;0,553749288743;0,699401091591;3,86151400807;0;0;0;0
1;1;1;0;1;1;1;1;1;1;1;0;0;0;0;0;1;1;1;1;0;1;1;0;1;1;1;1;1;1;0;1;0;1;1;1;0;1;0;0;1;1;1;1;1;0;1;1;1;1;1;0;1;1;1;1;1;0;1;0;1;1;1;1;0;1;0;1;1;1;0;1;0;1;1;0;1;0;1;1;0;1;1;1;1;0;1;0;0;1;1;0;0;1;0;0;0;1;0;0;0;1;1;0;0;1;1;0;0;0;0;1;1;1;1;1;1;0;1;1;1;1;1;1;0;1;0;1;1;0;1;0;1;1;1;1;0;0;1;1;0;1;1;1;0;1;1;0;1;1;0,558371443754;0,550981342634;0,949020443401;0,553749288743;0,699401091591;3,86151400807;0;0;0;0
1;1;1;0;1;1;1;1;1;1;1;0;0;0;0;0;1;1;1;1;0;1;1;0;1;1;1;1;1;1;0;1;0;1;1;1;0;1;0;0;1;1;1;1;1;0;1;1;1;1;1;0;1;1;1;1;1;0;1;0;1;1;1;1;0;1;0;1;1;1;0;1;0;1;1;0;1;0;1;1;0;1;1;1;1;0;1;0;0;1;1;0;0;1;0;0;0;1;0;0;0;1;1;0;0;1;1;0;0;0;0;1;1;1;1;1;1;0;1;1;1;1;1;1;0;1;0;1;1;0;1;0;1;1;1;1;0;0;1;1;0;1;1;1;0;1;1;0;1;1;0,558371443754;0,550981342634;0,949020443401;0,553749288743;0,699401091591;3,86151400807;0;0;0;0
1;1;1;0;1;1;1;1;1;1;1;0;0;0;0;0;1;1;1;1;0;1;1;0;1;1;1;1;1;1;0;1;0;1;1;1;0;1;0;0;1;1;1;1;1;0;1;1;1;1;1;0;1;1;1;1;1;0;1;0;1;1;1;1;0;1;0;1;1;1;0;1;0;1;1;0;1;0;1;1;0;1;1;1;1;0;1;0;0;1;1;0;0;1;0;0;0;1;0;0;0;1;1;0;0;1;1;0;0;0;0;1;1;1;1;1;1;0;1;1;1;1;1;1;0;1;0;1;1;0;1;0;1;1;1;1;0;0;1;1;0;1;1;1;0;1;1;0;1;1;0,558371443754;0,550981342634;0,949020443401;0,553749288743;0,699401091591;3,86151400807;0;0;0;0
1;1;1;0;1;1;1;1;1;1;1;0;0;0;0;0;1;1;1;1;0;1;1;0;1;1;1;1;1;1;0;1;0;1;1;1;0;1;0;0;1;1;1;1;1;0;1;1;1;1;1;0;1;1;1;1;1;0;1;0;1;1;1;1;0;1;0;1;1;1;0;1;0;1;1;0;1;0;1;1;0;1;1;1;1;0;1;0;0;1;1;0;0;1;0;0;0;1;0;0;0;1;1;0;0;1;1;0;0;0;0;1;1;1;1;1;1;0;1;1;1;1;1;1;0;1;0;1;1;0;1;0;1;1;1;1;0;0;1;1;0;1;1;1;0;1;1;0;1;1;0,558371443754;0,550981342634;0,949020443401;0,553749288743;0,699401091591;3,86151400807;0;0;0;0
1;1;1;0;1;1;1;1;1;1;1;0;0;0;0;0;1;1;1;1;0;1;1;0;1;1;1;1;1;1;0;1;0;1;1;1;0;1;0;0;1;1;1;1;1;0;1;1;1;1;1;0;1;1;1;1;1;0;1;0;1;1;1;1;0;1;0;1;1;1;0;1;0;1;1;0;1;0;1;1;0;1;1;1;1;0;1;0;0;1;1;0;0;1;0;0;0;1;0;0;0;1;1;0;0;1;1;0;0;0;0;1;1;1;1;1;1;0;1;1;1;1;1;1;0;1;0;1;1;0;1;0;1;1;1;1;0;0;1;1;0;1;1;1;0;1;1;0;1;1;0,558371443754;0,550981342634;0,949020443401;0,553749288743;0,699401091591;3,86151400807;0;0;0;0
1;1;1;0;1;1;1;1;1;1;1;0;0;0;0;0;1;1;1;1;0;1;1;0;1;1;1;1;1;1;0;1;0;1;1;1;0;1;0;0;1;1;1;1;1;0;1;1;1;1;1;0;1;1;1;1;1;0;1;0;1;1;1;1;0;1;0;1;1;1;0;1;0;1;1;0;1;0;1;1;0;1;1;1;1;0;1;0;0;1;1;0;0;1;0;0;0;1;0;0;0;1;1;0;0;1;1;0;0;0;0;1;1;1;1;1;1;0;1;1;1;1;1;1;0;1;0;1;1;0;1;0;1;1;1;1;0;0;1;1;0;1;1;1;0;1;1;0;1;1;0,558371443754;0,550981342634;0,949020443401;0,553749288743;0,699401091591;3,86151400807;0;0;0;0
1;1;1;0;1;1;1;1;1;1;1;0;0;0;0;0;1;1;1;1;0;1;1;0;1;1;1;1;1;1;0;1;0;1;1;1;0;1;0;0;1;1;1;1;1;0;1;1;1;1;1;0;1;1;1;1;1;0;1;0;1;1;1;1;0;1;0;1;1;1;0;1;0;1;1;0;1;0;1;1;0;1;1;1;1;0;1;0;0;1;1;0;0;1;0;0;0;1;0;0;0;1;1;0;0;1;1;0;0;0;0;1;1;1;1;1;1;0;1;1;1;1;1;1;0;1;0;1;1;0;1;0;1;1;1;1;0;0;1;1;0;1;1;1;0;1;1;0;1;1;0,558371443754;0,550981342634;0,949020443401;0,553749288743;0,699401091591;3,86151400807;0;0;0;0
1;1;1;0;1;1;1;1;1;1;1;0;0;0;0;0;1;1;1;1;0;1;1;0;1;1;1;1;1;1;0;1;0;1;1;1;0;1;0;0;1;1;1;1;1;0;1;1;1;1;1;0;1;1;1;1;1;0;1;0;1;1;1;1;0;1;0;1;1;1;0;1;0;1;1;0;1;0;1;1;0;1;1;1;1;0;1;0;0;1;1;0;0;1;0;0;0;1;0;0;0;1;1;0;0;1;1;0;0;0;0;1;1;1;1;1;1;0;1;1;1;1;1;1;0;1;0;1;1;0;1;0;1;1;1;1;0;0;1;1;0;1;1;1;0;1;1;0;1;1;0,558371443754;0,550981342634;0,949020443401;0,553749288743;0,699401091591;3,86151400807;0;0;0;0
1;1;1;0;1;1;1;1;1;1;1;0;0;0;0;0;1;1;1;1;0;1;1;0;1;1;1;1;1;1;0;1;0;1;1;1;0;1;0;0;1;1;1;1;1;0;1;1;1;1;1;0;1;1;1;1;1;0;1;0;1;1;1;1;0;1;0;1;1;1;0;1;0;1;1;0;1;0;1;1;0;1;1;1;1;0;1;0;0;1;1;0;0;1;0;0;0;1;0;0;0;1;1;0;0;1;1;0;0;0;0;1;1;1;1;1;1;0;1;1;1;1;1;1;0;1;0;1;1;0;1;0;1;1;1;1;0;0;1;1;0;1;1;1;0;1;1;0;1;1;0,558371443754;0,550981342634;0,949020443401;0,553749288743;0,699401091591;3,86151400807;0;0;0;0
1;1;1;0;1;1;1;1;1;1;1;0;0;0;0;0;1;1;1;1;0;1;1;0;1;1;1;1;1;1;0;1;0;1;1;1;0;1;0;0;1;1;1;1;1;0;1;1;1;1;1;0;1;1;1;1;1;0;1;0;1;1;1;1;0;1;0;1;1;1;0;1;0;1;1;0;1;0;1;1;0;1;1;1;1;0;1;0;0;1;1;0;0;1;0;0;0;1;0;0;0;1;1;0;0;1;1;0;0;0;0;1;1;1;1;1;1;0;1;1;1;1;1;1;0;1;0;1;1;0;1;0;1;1;1;1;0;0;1;1;0;1;1;1;0;1;1;0;1;1;0,558371443754;0,550981342634;0,949020443401;0,553749288743;0,699401091591;3,86151400807;0;0;0;0
1;1;1;0;1;1;1;1;1;1;1;0;0;0;0;0;1;1;1;1;0;1;1;0;1;1;1;1;1;1;0;1;0;1;1;1;0;1;0;0;1;1;1;1;1;0;1;1;1;1;1;0;1;1;1;1;1;0;1;0;1;1;1;1;0;1;0;1;1;1;0;1;0;1;1;0;1;0;1;1;0;1;1;1;1;0;1;0;0;1;1;0;0;1;0;0;0;1;0;0;0;1;1;0;0;1;1;0;0;0;0;1;1;1;1;1;1;0;1;1;1;1;1;1;0;1;0;1;1;0;1;0;1;1;1;1;0;0;1;1;0;1;1;1;0;1;1;0;1;1;0,558371443754;0,550981342634;0,949020443401;0,553749288743;0,699401091591;3,86151400807;0;0;0;0
1;1;1;0;1;1;1;1;1;1;1;0;0;0;0;0;1;1;1;1;0;1;1;0;1;1;1;1;1;1;0;1;0;1;1;1;0;1;0;0;1;1;1;1;1;0;1;1;1;1;1;0;1;1;1;1;1;0;1;0;1;1;1;1;0;1;0;1;1;1;0;1;0;1;1;0;1;0;1;1;0;1;1;1;1;0;1;0;0;1;1;0;0;1;0;0;0;1;0;0;0;1;1;0;0;1;1;0;0;0;0;1;1;1;1;1;1;0;1;1;1;1;1;1;0;1;0;1;1;0;1;0;1;1;1;1;0;0;1;1;0;1;1;1;0;1;1;0;1;1;0,558371443754;0,550981342634;0,949020443401;0,553749288743;0,699401091591;3,86151400807;0;0;0;0
0;0;0;1;0;0;0;0;0;0;0;1;1;1;1;1;0;0;0;0;1;0;0;1;0;0;0;0;0;0;1;0;1;0;0;0;1;0;1;1;0;0;0;0;0;1;0;0;0;0;0;1;0;0;0;0;0;1;0;1;0;0;0;0;1;0;1;0;0;0;1;0;1;0;0;1;0;1;0;0;1;0;0;0;0;1;0;0;1;0;0;1;1;0;1;1;1;0;1;1;1;0;0;1;1;0;0;1;1;1;1;0;0;0;0;0;0;0;0;0;0;0;0;0;1;0;0;0;0;1;0;1;0;0;0;0;1;1;0;0;1;0;0;0;1;0;0;1;0;0;0,519933072445;0,516663219761;0,91069690523;0,519644719873;0,661714418293;3,86151400807;0;0;0;0
0;0;0;1;0;0;0;0;0;0;0;1;1;1;1;1;0;0;0;0;1;0;0;1;0;0;0;0;0;0;1;0;1;0;0;0;1;0;1;1;0;0;0;0;0;1;0;0;0;0;0;1;0;0;0;0;0;1;0;1;0;0;0;0;1;0;1;0;0;0;1;0;1;0;0;1;0;1;0;0;1;0;0;0;0;1;0;0;1;0;0;1;1;0;1;1;1;0;1;1;1;0;0;1;1;0;0;1;1;1;1;0;0;0;0;0;0;0;0;0;0;0;0;0;1;0;0;0;0;1;0;1;0;0;0;0;1;1;0;0;1;0;0;0;1;0;0;1;0;0;0,519933072445;0,516663219761;0,91069690523;0,519644719873;0,661714418293;3,86151400807;0;0;0;0
0;0;0;1;0;0;0;0;0;0;0;1;1;1;1;1;0;0;0;0;1;0;0;1;0;0;0;0;0;0;1;0;1;0;0;0;1;0;1;1;0;0;0;0;0;1;0;0;0;0;0;1;0;0;0;0;0;1;0;1;0;0;0;0;1;0;1;0;0;0;1;0;1;0;0;1;0;1;0;0;1;0;0;0;0;1;0;0;1;0;0;1;1;0;1;1;1;0;1;1;1;0;0;1;1;0;0;1;1;1;1;0;0;0;0;0;0;0;0;0;0;0;0;0;1;0;0;0;0;1;0;1;0;0;0;0;1;1;0;0;1;0;0;0;1;0;0;1;0;0;0,519933072445;0,516663219761;0,91069690523;0,519644719873;0,661714418293;3,86151400807;0;0;0;0
1;1;1;0;1;1;1;1;1;1;1;0;0;0;0;0;1;1;1;1;0;1;1;0;1;1;1;1;1;1;0;1;0;1;1;1;0;1;0;0;1;1;1;1;1;0;1;1;1;1;1;0;1;1;1;1;1;0;1;0;1;1;1;1;0;1;0;1;1;1;0;1;0;1;1;0;1;0;1;1;0;1;1;1;1;0;1;0;0;1;1;0;0;1;0;0;0;1;0;0;0;1;1;0;0;1;1;0;0;0;0;1;1;1;1;1;1;0;1;1;1;1;1;1;0;1;0;1;1;0;1;0;1;1;1;1;0;0;1;1;0;1;1;1;0;1;1;0;1;1;0,558371443754;0,550981342634;0,949020443401;0,553749288743;0,699401091591;3,86151400807;0;0;0;0
1;1;1;0;1;1;1;1;1;1;1;0;0;0;0;0;1;1;1;1;0;1;1;0;1;1;1;1;1;1;0;1;0;1;1;1;0;1;0;0;1;1;1;1;1;0;1;1;1;1;1;0;1;1;1;1;1;0;1;0;1;1;1;1;0;1;0;1;1;1;0;1;0;1;1;0;1;0;1;1;0;1;1;1;1;0;1;0;0;1;1;0;0;1;0;0;0;1;0;0;0;1;1;0;0;1;1;0;0;0;0;1;1;1;1;1;1;0;1;1;1;1;1;1;0;1;0;1;1;0;1;0;1;1;1;1;0;0;1;1;0;1;1;1;0;1;1;0;1;1;0,558371443754;0,550981342634;0,949020443401;0,553749288743;0,699401091591;3,86151400807;0;0;0;0
1;1;1;0;1;1;1;1;1;1;1;0;0;0;0;0;1;1;1;1;0;1;1;0;1;1;1;1;1;1;0;1;0;1;1;1;0;1;0;0;1;1;1;1;1;0;1;1;1;1;1;0;1;1;1;1;1;0;1;0;1;1;1;1;0;1;0;1;1;1;0;1;0;1;1;0;1;0;1;1;0;1;1;1;1;0;1;0;0;1;1;0;0;1;0;0;0;1;0;0;0;1;1;0;0;1;1;0;0;0;0;1;1;1;1;1;1;0;1;1;1;1;1;1;0;1;0;1;1;0;1;0;1;1;1;1;0;0;1;1;0;1;1;1;0;1;1;0;1;1;0,558371443754;0,550981342634;0,949020443401;0,553749288743;0,699401091591;3,86151400807;0;0;0;0
1;1;1;0;1;1;1;1;1;1;1;0;0;0;0;0;1;1;1;1;0;1;1;0;1;1;1;1;1;1;0;1;0;1;1;1;0;1;0;0;1;1;1;1;1;0;1;1;1;1;1;0;1;1;1;1;1;0;1;0;1;1;1;1;0;1;0;1;1;1;0;1;0;1;1;0;1;0;1;1;0;1;1;1;1;0;1;0;0;1;1;0;0;1;0;0;0;1;0;0;0;1;1;0;0;1;1;0;0;0;0;1;1;1;1;1;1;0;1;1;1;1;1;1;0;1;0;1;1;0;1;0;1;1;1;1;0;0;1;1;0;1;1;1;0;1;1;0;1;1;0,558371443754;0,550981342634;0,949020443401;0,553749288743;0,699401091591;3,86151400807;0;0;0;0
1;1;1;0;1;1;1;1;1;1;1;0;0;0;0;0;1;1;1;1;0;1;1;0;1;1;1;1;1;1;0;1;0;1;1;1;0;1;0;0;1;1;1;1;1;0;1;1;1;1;1;0;1;1;1;1;1;0;1;0;1;1;1;1;0;1;0;1;1;1;0;1;0;1;1;0;1;0;1;1;0;1;1;1;1;0;1;0;0;1;1;0;0;1;0;0;0;1;0;0;0;1;1;0;0;1;1;0;0;0;0;1;1;1;1;1;1;0;1;1;1;1;1;1;0;1;0;1;1;0;1;0;1;1;1;1;0;0;1;1;0;1;1;1;0;1;1;0;1;1;0,558371443754;0,550981342634;0,949020443401;0,553749288743;0,699401091591;3,86151400807;0;0;0;0
1;1;1;0;1;1;1;1;1;1;1;0;0;0;0;0;1;1;1;1;0;1;1;0;1;1;1;1;1;1;0;1;0;1;1;1;0;1;0;0;1;1;1;1;1;0;1;1;1;1;1;0;1;1;1;1;1;0;1;0;1;1;1;1;0;1;0;1;1;1;0;1;0;1;1;0;1;0;1;1;0;1;1;1;1;0;1;0;0;1;1;0;0;1;0;0;0;1;0;0;0;1;1;0;0;1;1;0;0;0;0;1;1;1;1;1;1;0;1;1;1;1;1;1;0;1;0;1;1;0;1;0;1;1;1;1;0;0;1;1;0;1;1;1;0;1;1;0;1;1;0,558371443754;0,550981342634;0,949020443401;0,553749288743;0,699401091591;3,86151400807;0;0;0;0
