10;40;30;db;Minkowski_2;4;2
0;0;0;0;1;0;0;0;0;0;0;0;1;0;0;1;0;1;1;0;0;0;0;0;0;0;0;0;0;0;1;0;0;0;0;0;1;1;0;0;0;0;1;1;0;0;0;0;0;0;0;1;0;0;1;1;0;1;1;0;0;0;1;1;1;1;0;1;0;1;1;0;0;0;0;0;0;1;0;0;1;0;1;0;0;0;1;0;0;0;0;0;0;0;0;1;1;0;0;1;0;0;0;0;0;0;0;1;0;0;0;0;1;0;0;0;1;0;0;1;0;1;0;1;1;0;0;1;0;0;0;0;1;0;1;0;0;1;0;0;1;0;1;1;1;1;1;1;0;1;0,519933072445;0,516663219761;0,91069690523;0,519644719873;0,661714418293;1,50122870089;0;0;0;0
0;0;0;0;1;0;0;0;0;0;0;0;1;0;0;1;0;1;1;0;0;0;0;0;0;0;0;0;0;0;1;0;0;0;0;0;1;1;0;0;0;0;1;1;0;0;0;0;0;0;0;1;0;0;1;1;0;1;1;0;0;0;1;1;1;1;0;1;0;1;1;0;0;0;0;0;0;1;0;0;1;0;1;0;0;0;1;0;0;0;0;0;0;0;0;1;1;0;0;1;0;0;0;0;0;0;0;1;0;0;0;0;1;0;0;0;1;0;0;1;0;1;0;1;1;0;0;1;0;0;0;0;1;0;1;0;0;1;0;0;1;0;1;1;1;1;1;1;0;1;0,519933072445;0,516663219761;0,91069690523;0,519644719873;0,661714418293;1,50122870089;0;0;0;0
0;0;0;0;1;0;0;0;0;0;0;0;1;0;0;1;0;1;1;0;0;0;0;0;0;0;0;0;0;0;1;0;0;0;0;0;1;1;0;0;0;0;1;1;0;0;0;0;0;0;0;1;0;0;1;1;0;1;1;0;0;0;1;1;1;1;0;1;0;1;1;0;0;0;0;0;0;1;0;0;1;0;1;0;0;0;1;0;0;0;0;0;0;0;0;1;1;0;0;1;0;0;0;0;0;0;0;1;0;0;0;0;1;0;0;0;1;0;0;1;0;1;0;1;1;0;0;1;0;0;0;0;1;0;1;0;0;1;0;0;1;0;1;1;1;1;1;1;0;1;0,519933072445;0,516663219761;0,91069690523;0,519644719873;0,661714418293;1,50122870089;0;0;0;0
0;0;0;0;1;0;0;0;0;0;0;0;1;0;0;1;0;1;1;0;0;0;0;0;0;0;0;0;0;0;1;0;0;0;0;0;1;1;0;0;0;0;1;1;0;0;0;0;0;0;0;1;0;0;1;1;0;1;1;0;0;0;1;1;1;1;0;1;0;1;1;0;0;0;0;0;0;1;0;0;1;0;1;0;0;0;1;0;0;0;0;0;0;0;0;1;1;0;0;1;0;0;0;0;0;0;0;1;0;0;0;0;1;0;0;0;1;0;0;1;0;1;0;1;1;0;0;1;0;0;0;0;1;0;1;0;0;1;0;0;1;0;1;1;1;1;1;1;0;1;0,519933072445;0,516663219761;0,91069690523;0,519644719873;0,661714418293;1,50122870089;0;0;0;0
0;0;0;0;1;0;0;0;0;0;0;0;1;0;0;1;0;1;1;0;0;0;0;0;0;0;0;0;0;0;1;0;0;0;0;0;1;1;0;0;0;0;1;1;0;0;0;0;0;0;0;1;0;0;1;1;0;1;1;0;0;0;1;1;1;1;0;1;0;1;1;0;0;0;0;0;0;1;0;0;1;0;1;0;0;0;1;0;0;0;0;0;0;0;0;1;1;0;0;1;0;0;0;0;0;0;0;1;0;0;0;0;1;0;0;0;1;0;0;1;0;1;0;1;1;0;0;1;0;0;0;0;1;0;1;0;0;1;0;0;1;0;1;1;1;1;1;1;0;1;0,519933072445;0,516663219761;0,91069690523;0,519644719873;0,661714418293;1,50122870089;0;0;0;0
0;0;0;0;1;0;0;0;0;0;0;0;1;0;0;1;0;1;1;0;0;0;0;0;0;0;0;0;0;0;1;0;0;0;0;0;1;1;0;0;0;0;1;1;0;0;0;0;0;0;0;1;0;0;1;1;0;1;1;0;0;0;1;1;1;1;0;1;0;1;1;0;0;0;0;0;0;1;0;0;1;0;1;0;0;0;1;0;0;0;0;0;0;0;0;1;1;0;0;1;0;0;0;0;0;0;0;1;0;0;0;0;1;0;0;0;1;0;0;1;0;1;0;1;1;0;0;1;0;0;0;0;1;0;1;0;0;1;0;0;1;0;1;1;1;1;1;1;0;1;0,519933072445;0,516663219761;0,91069690523;0,519644719873;0,661714418293;1,50122870089;0;0;0;0
0;0;0;0;1;0;0;0;0;0;0;0;1;0;0;1;0;1;1;0;0;0;0;0;0;0;0;0;0;0;1;0;0;0;0;0;1;1;0;0;0;0;1;1;0;0;0;0;0;0;0;1;0;0;1;1;0;1;1;0;0;0;1;1;1;1;0;1;0;1;1;0;0;0;0;0;0;1;0;0;1;0;1;0;0;0;1;0;0;0;0;0;0;0;0;1;1;0;0;1;0;0;0;0;0;0;0;1;0;0;0;0;1;0;0;0;1;0;0;1;0;1;0;1;1;0;0;1;0;0;0;0;1;0;1;0;0;1;0;0;1;0;1;1;1;1;1;1;0;1;0,519933072445;0,516663219761;0,91069690523;0,519644719873;0,661714418293;1,50122870089;0;0;0;0
0;0;0;0;1;0;0;0;0;0;0;0;1;0;0;1;0;1;1;0;0;0;0;0;0;0;0;0;0;0;1;0;0;0;0;0;1;1;0;0;0;0;1;1;0;0;0;0;0;0;0;1;0;0;1;1;0;1;1;0;0;0;1;1;1;1;0;1;0;1;1;0;0;0;0;0;0;1;0;0;1;0;1;0;0;0;1;0;0;0;0;0;0;0;0;1;1;0;0;1;0;0;0;0;0;0;0;1;0;0;0;0;1;0;0;0;1;0;0;1;0;1;0;1;1;0;0;1;0;0;0;0;1;0;1;0;0;1;0;0;1;0;1;1;1;1;1;1;0;1;0,519933072445;0,516663219761;0,91069690523;0,519644719873;0,661714418293;1,50122870089;0;0;0;0
0;0;0;0;1;0;0;0;0;0;0;0;1;0;0;1;0;1;1;0;0;0;0;0;0;0;0;0;0;0;1;0;0;0;0;0;1;1;0;0;0;0;1;1;0;0;0;0;0;0;0;1;0;0;1;1;0;1;1;0;0;0;1;1;1;1;0;1;0;1;1;0;0;0;0;0;0;1;0;0;1;0;1;0;0;0;1;0;0;0;0;0;0;0;0;1;1;0;0;1;0;0;0;0;0;0;0;1;0;0;0;0;1;0;0;0;1;0;0;1;0;1;0;1;1;0;0;1;0;0;0;0;1;0;1;0;0;1;0;0;1;0;1;1;1;1;1;1;0;1;0,519933072445;0,516663219761;0,91069690523;0,519644719873;0,661714418293;1,50122870089;0;0;0;0
0;0;0;0;1;0;0;0;0;0;0;0;1;0;0;1;0;1;1;0;0;0;0;0;0;0;0;0;0;0;1;0;0;0;0;0;1;1;0;0;0;0;1;1;0;0;0;0;0;0;0;1;0;0;1;1;0;1;1;0;0;0;1;1;1;1;0;1;0;1;1;0;0;0;0;0;0;1;0;0;1;0;1;0;0;0;1;0;0;0;0;0;0;0;0;1;1;0;0;1;0;0;0;0;0;0;0;1;0;0;0;0;1;0;0;0;1;0;0;1;0;1;0;1;1;0;0;1;0;0;0;0;1;0;1;0;0;1;0;0;1;0;1;1;1;1;1;1;0;1;0,519933072445;0,516663219761;0,91069690523;0,519644719873;0,661714418293;1,50122870089;0;0;0;0
0;0;0;0;1;0;0;0;0;0;0;0;1;0;0;1;0;1;1;0;0;0;0;0;0;0;0;0;0;0;1;0;0;0;0;0;1;1;0;0;0;0;1;1;0;0;0;0;0;0;0;1;0;0;1;1;0;1;1;0;0;0;1;1;1;1;0;1;0;1;1;0;0;0;0;0;0;1;0;0;1;0;1;0;0;0;1;0;0;0;0;0;0;0;0;1;1;0;0;1;0;0;0;0;0;0;0;1;0;0;0;0;1;0;0;0;1;0;0;1;0;1;0;1;1;0;0;1;0;0;0;0;1;0;1;0;0;1;0;0;1;0;1;1;1;1;1;1;0;1;0,519933072445;0,516663219761;0,91069690523;0,519644719873;0,661714418293;1,50122870089;0;0;0;0
0;0;0;0;1;0;0;0;0;0;0;0;1;0;0;1;0;1;1;0;0;0;0;0;0;0;0;0;0;0;1;0;0;0;0;0;1;1;0;0;0;0;1;1;0;0;0;0;0;0;0;1;0;0;1;1;0;1;1;0;0;0;1;1;1;1;0;1;0;1;1;0;0;0;0;0;0;1;0;0;1;0;1;0;0;0;1;0;0;0;0;0;0;0;0;1;1;0;0;1;0;0;0;0;0;0;0;1;0;0;0;0;1;0;0;0;1;0;0;1;0;1;0;1;1;0;0;1;0;0;0;0;1;0;1;0;0;1;0;0;1;0;1;1;1;1;1;1;0;1;0,519933072445;0,516663219761;0,91069690523;0,519644719873;0,661714418293;1,50122870089;0;0;0;0
0;0;0;0;1;0;0;0;0;0;0;0;1;0;0;1;0;1;1;0;0;0;0;0;0;0;0;0;0;0;1;0;0;0;0;0;1;1;0;0;0;0;1;1;0;0;0;0;0;0;0;1;0;0;1;1;0;1;1;0;0;0;1;1;1;1;0;1;0;1;1;0;0;0;0;0;0;1;0;0;1;0;1;0;0;0;1;0;0;0;0;0;0;0;0;1;1;0;0;1;0;0;0;0;0;0;0;1;0;0;0;0;1;0;0;0;1;0;0;1;0;1;0;1;1;0;0;1;0;0;0;0;1;0;1;0;0;1;0;0;1;0;1;1;1;1;1;1;0;1;0,519933072445;0,516663219761;0,91069690523;0,519644719873;0,661714418293;1,50122870089;0;0;0;0
0;0;0;0;1;0;0;0;0;0;0;0;1;0;0;1;0;1;1;0;0;0;0;0;0;0;0;0;0;0;1;0;0;0;0;0;1;1;0;0;0;0;1;1;0;0;0;0;0;0;0;1;0;0;1;1;0;1;1;0;0;0;1;1;1;1;0;1;0;1;1;0;0;0;0;0;0;1;0;0;1;0;1;0;0;0;1;0;0;0;0;0;0;0;0;1;1;0;0;1;0;0;0;0;0;0;0;1;0;0;0;0;1;0;0;0;1;0;0;1;0;1;0;1;1;0;0;1;0;0;0;0;1;0;1;0;0;1;0;0;1;0;1;1;1;1;1;1;0;1;0,519933072445;0,516663219761;0,91069690523;0,519644719873;0,661714418293;1,50122870089;0;0;0;0
0;0;0;0;1;0;0;0;0;0;0;0;1;0;0;1;0;1;1;0;0;0;0;0;0;0;0;0;0;0;1;0;0;0;0;0;1;1;0;0;0;0;1;1;0;0;0;0;0;0;0;1;0;0;1;1;0;1;1;0;0;0;1;1;1;1;0;1;0;1;1;0;0;0;0;0;0;1;0;0;1;0;1;0;0;0;1;0;0;0;0;0;0;0;0;1;1;0;0;1;0;0;0;0;0;0;0;1;0;0;0;0;1;0;0;0;1;0;0;1;0;1;0;1;1;0;0;1;0;0;0;0;1;0;1;0;0;1;0;0;1;0;1;1;1;1;1;1;0;1;0,519933072445;0,516663219761;0,91069690523;0,519644719873;0,661714418293;1,50122870089;0;0;0;0
0;0;0;0;1;0;0;0;0;0;0;0;1;0;0;1;0;1;1;0;0;0;0;0;0;0;0;0;0;0;1;0;0;0;0;0;1;1;0;0;0;0;1;1;0;0;0;0;0;0;0;1;0;0;1;1;0;1;1;0;0;0;1;1;1;1;0;1;0;1;1;0;0;0;0;0;0;1;0;0;1;0;1;0;0;0;1;0;0;0;0;0;0;0;0;1;1;0;0;1;0;0;0;0;0;0;0;1;0;0;0;0;1;0;0;0;1;0;0;1;0;1;0;1;1;0;0;1;0;0;0;0;1;0;1;0;0;1;0;0;1;0;1;1;1;1;1;1;0;1;0,519933072445;0,516663219761;0,91069690523;0,519644719873;0,661714418293;1,50122870089;0;0;0;0
0;0;0;0;1;0;0;0;0;0;0;0;1;0;0;1;0;1;1;0;0;0;0;0;0;0;0;0;0;0;1;0;0;0;0;0;1;1;0;0;0;0;1;1;0;0;0;0;0;0;0;1;0;0;1;1;0;1;1;0;0;0;1;1;1;1;0;1;0;1;1;0;0;0;0;0;0;1;0;0;1;0;1;0;0;0;1;0;0;0;0;0;0;0;0;1;1;0;0;1;0;0;0;0;0;0;0;1;0;0;0;0;1;0;0;0;1;0;0;1;0;1;0;1;1;0;0;1;0;0;0;0;1;0;1;0;0;1;0;0;1;0;1;1;1;1;1;1;0;1;0,519933072445;0,516663219761;0,91069690523;0,519644719873;0,661714418293;1,50122870089;0;0;0;0
0;0;0;0;1;0;0;0;0;0;0;0;1;0;0;1;0;1;1;0;0;0;0;0;0;0;0;0;0;0;1;0;0;0;0;0;1;1;0;0;0;0;1;1;0;0;0;0;0;0;0;1;0;0;1;1;0;1;1;0;0;0;1;1;1;1;0;1;0;1;1;0;0;0;0;0;0;1;0;0;1;0;1;0;0;0;1;0;0;0;0;0;0;0;0;1;1;0;0;1;0;0;0;0;0;0;0;1;0;0;0;0;1;0;0;0;1;0;0;1;0;1;0;1;1;0;0;1;0;0;0;0;1;0;1;0;0;1;0;0;1;0;1;1;1;1;1;1;0;1;0,519933072445;0,516663219761;0,91069690523;0,519644719873;0,661714418293;1,50122870089;0;0;0;0
0;0;0;0;1;0;0;0;0;0;0;0;1;0;0;1;0;1;1;0;0;0;0;0;0;0;0;0;0;0;1;0;0;0;0;0;1;1;0;0;0;0;1;1;0;0;0;0;0;0;0;1;0;0;1;1;0;1;1;0;0;0;1;1;1;1;0;1;0;1;1;0;0;0;0;0;0;1;0;0;1;0;1;0;0;0;1;0;0;0;0;0;0;0;0;1;1;0;0;1;0;0;0;0;0;0;0;1;0;0;0;0;1;0;0;0;1;0;0;1;0;1;0;1;1;0;0;1;0;0;0;0;1;0;1;0;0;1;0;0;1;0;1;1;1;1;1;1;0;1;0,519933072445;0,516663219761;0,91069690523;0,519644719873;0,661714418293;1,50122870089;0;0;0;0
0;0;0;0;1;0;0;0;0;0;0;0;1;0;0;1;0;1;1;0;0;0;0;0;0;0;0;0;0;0;1;0;0;0;0;0;1;1;0;0;0;0;1;1;0;0;0;0;0;0;0;1;0;0;1;1;0;1;1;0;0;0;1;1;1;1;0;1;0;1;1;0;0;0;0;0;0;1;0;0;1;0;1;0;0;0;1;0;0;0;0;0;0;0;0;1;1;0;0;1;0;0;0;0;0;0;0;1;0;0;0;0;1;0;0;0;1;0;0;1;0;1;0;1;1;0;0;1;0;0;0;0;1;0;1;0;0;1;0;0;1;0;1;1;1;1;1;1;0;1;0,519933072445;0,516663219761;0,91069690523;0,519644719873;0,661714418293;1,50122870089;0;0;0;0
0;0;0;0;1;0;0;0;0;0;0;0;1;0;0;1;0;1;1;0;0;0;0;0;0;0;0;0;0;0;1;0;0;0;0;0;1;1;0;0;0;0;1;1;0;0;0;0;0;0;0;1;0;0;1;1;0;1;1;0;0;0;1;1;1;1;0;1;0;1;1;0;0;0;0;0;0;1;0;0;1;0;1;0;0;0;1;0;0;0;0;0;0;0;0;1;1;0;0;1;0;0;0;0;0;0;0;1;0;0;0;0;1;0;0;0;1;0;0;1;0;1;0;1;1;0;0;1;0;0;0;0;1;0;1;0;0;1;0;0;1;0;1;1;1;1;1;1;0;1;0,519933072445;0,516663219761;0,91069690523;0,519644719873;0,661714418293;1,50122870089;0;0;0;0
0;0;0;0;1;0;0;0;0;0;0;0;1;0;0;1;0;1;1;0;0;0;0;0;0;0;0;0;0;0;1;0;0;0;0;0;1;1;0;0;0;0;1;1;0;0;0;0;0;0;0;1;0;0;1;1;0;1;1;0;0;0;1;1;1;1;0;1;0;1;1;0;0;0;0;0;0;1;0;0;1;0;1;0;0;0;1;0;0;0;0;0;0;0;0;1;1;0;0;1;0;0;0;0;0;0;0;1;0;0;0;0;1;0;0;0;1;0;0;1;0;1;0;1;1;0;0;1;0;0;0;0;1;0;1;0;0;1;0;0;1;0;1;1;1;1;1;1;0;1;0,519933072445;0,516663219761;0,91069690523;0,519644719873;0,661714418293;1,50122870089;0;0;0;0
0;0;0;0;1;0;0;0;0;0;0;0;1;0;0;1;0;1;1;0;0;0;0;0;0;0;0;0;0;0;1;0;0;0;0;0;1;1;0;0;0;0;1;1;0;0;0;0;0;0;0;1;0;0;1;1;0;1;1;0;0;0;1;1;1;1;0;1;0;1;1;0;0;0;0;0;0;1;0;0;1;0;1;0;0;0;1;0;0;0;0;0;0;0;0;1;1;0;0;1;0;0;0;0;0;0;0;1;0;0;0;0;1;0;0;0;1;0;0;1;0;1;0;1;1;0;0;1;0;0;0;0;1;0;1;0;0;1;0;0;1;0;1;1;1;1;1;1;0;1;0,519933072445;0,516663219761;0,91069690523;0,519644719873;0,661714418293;1,50122870089;0;0;0;0
0;0;0;0;1;0;0;0;0;0;0;0;1;0;0;1;0;1;1;0;0;0;0;0;0;0;0;0;0;0;1;0;0;0;0;0;1;1;0;0;0;0;1;1;0;0;0;0;0;0;0;1;0;0;1;1;0;1;1;0;0;0;1;1;1;1;0;1;0;1;1;0;0;0;0;0;0;1;0;0;1;0;1;0;0;0;1;0;0;0;0;0;0;0;0;1;1;0;0;1;0;0;0;0;0;0;0;1;0;0;0;0;1;0;0;0;1;0;0;1;0;1;0;1;1;0;0;1;0;0;0;0;1;0;1;0;0;1;0;0;1;0;1;1;1;1;1;1;0;1;0,519933072445;0,516663219761;0,91069690523;0,519644719873;0,661714418293;1,50122870089;0;0;0;0
0;0;0;0;1;0;0;0;0;0;0;0;1;0;0;1;0;1;1;0;0;0;0;0;0;0;0;0;0;0;1;0;0;0;0;0;1;1;0;0;0;0;1;1;0;0;0;0;0;0;0;1;0;0;1;1;0;1;1;0;0;0;1;1;1;1;0;1;0;1;1;0;0;0;0;0;0;1;0;0;1;0;1;0;0;0;1;0;0;0;0;0;0;0;0;1;1;0;0;1;0;0;0;0;0;0;0;1;0;0;0;0;1;0;0;0;1;0;0;1;0;1;0;1;1;0;0;1;0;0;0;0;1;0;1;0;0;1;0;0;1;0;1;1;1;1;1;1;0;1;0,519933072445;0,516663219761;0,91069690523;0,519644719873;0,661714418293;1,50122870089;0;0;0;0
0;0;0;0;1;0;0;0;0;0;0;0;1;0;0;1;0;1;1;0;0;0;0;0;0;0;0;0;0;0;1;0;0;0;0;0;1;1;0;0;0;0;1;1;0;0;0;0;0;0;0;1;0;0;1;1;0;1;1;0;0;0;1;1;1;1;0;1;0;1;1;0;0;0;0;0;0;1;0;0;1;0;1;0;0;0;1;0;0;0;0;0;0;0;0;1;1;0;0;1;0;0;0;0;0;0;0;1;0;0;0;0;1;0;0;0;1;0;0;1;0;1;0;1;1;0;0;1;0;0;0;0;1;0;1;0;0;1;0;0;1;0;1;1;1;1;1;1;0;1;0,519933072445;0,516663219761;0,91069690523;0,519644719873;0,661714418293;1,50122870089;0;0;0;0
0;0;0;0;1;0;0;0;0;0;0;0;1;0;0;1;0;1;1;0;0;0;0;0;0;0;0;0;0;0;1;0;0;0;0;0;1;1;0;0;0;0;1;1;0;0;0;0;0;0;0;1;0;0;1;1;0;1;1;0;0;0;1;1;1;1;0;1;0;1;1;0;0;0;0;0;0;1;0;0;1;0;1;0;0;0;1;0;0;0;0;0;0;0;0;1;1;0;0;1;0;0;0;0;0;0;0;1;0;0;0;0;1;0;0;0;1;0;0;1;0;1;0;1;1;0;0;1;0;0;0;0;1;0;1;0;0;1;0;0;1;0;1;1;1;1;1;1;0;1;0,519933072445;0,516663219761;0,91069690523;0,519644719873;0,661714418293;1,50122870089;0;0;0;0
0;0;0;0;1;0;0;0;0;0;0;0;1;0;0;1;0;1;1;0;0;0;0;0;0;0;0;0;0;0;1;0;0;0;0;0;1;1;0;0;0;0;1;1;0;0;0;0;0;0;0;1;0;0;1;1;0;1;1;0;0;0;1;1;1;1;0;1;0;1;1;0;0;0;0;0;0;1;0;0;1;0;1;0;0;0;1;0;0;0;0;0;0;0;0;1;1;0;0;1;0;0;0;0;0;0;0;1;0;0;0;0;1;0;0;0;1;0;0;1;0;1;0;1;1;0;0;1;0;0;0;0;1;0;1;0;0;1;0;0;1;0;1;1;1;1;1;1;0;1;0,519933072445;0,516663219761;0,91069690523;0,519644719873;0,661714418293;1,50122870089;0;0;0;0
0;0;0;0;1;0;0;0;0;0;0;0;1;0;0;1;0;1;1;0;0;0;0;0;0;0;0;0;0;0;1;0;0;0;0;0;1;1;0;0;0;0;1;1;0;0;0;0;0;0;0;1;0;0;1;1;0;1;1;0;0;0;1;1;1;1;0;1;0;1;1;0;0;0;0;0;0;1;0;0;1;0;1;0;0;0;1;0;0;0;0;0;0;0;0;1;1;0;0;1;0;0;0;0;0;0;0;1;0;0;0;0;1;0;0;0;1;0;0;1;0;1;0;1;1;0;0;1;0;0;0;0;1;0;1;0;0;1;0;0;1;0;1;1;1;1;1;1;0;1;0,519933072445;0,516663219761;0,91069690523;0,519644719873;0,661714418293;1,50122870089;0;0;0;0
0;0;0;0;1;0;0;0;0;0;0;0;1;0;0;1;0;1;1;0;0;0;0;0;0;0;0;0;0;0;1;0;0;0;0;0;1;1;0;0;0;0;1;1;0;0;0;0;0;0;0;1;0;0;1;1;0;1;1;0;0;0;1;1;1;1;0;1;0;1;1;0;0;0;0;0;0;1;0;0;1;0;1;0;0;0;1;0;0;0;0;0;0;0;0;1;1;0;0;1;0;0;0;0;0;0;0;1;0;0;0;0;1;0;0;0;1;0;0;1;0;1;0;1;1;0;0;1;0;0;0;0;1;0;1;0;0;1;0;0;1;0;1;1;1;1;1;1;0;1;0,519933072445;0,516663219761;0,91069690523;0,519644719873;0,661714418293;1,50122870089;0;0;0;0
