10;40;30;cs;Minkowski_2;1;1
4;2;3;3;0;0;4;3;1;4;2;3;3;0;2;4;4;3;2;4;0;3;3;3;0;3;4;0;0;4;3;3;0;2;4;4;0;3;0;3;4;4;4;4;0;0;3;0;3;0;3;3;3;3;0;4;0;2;0;3;3;3;0;4;4;4;0;3;0;0;4;4;0;4;4;0;0;0;0;3;0;4;0;3;3;0;3;1;4;3;2;0;3;0;1;0;3;0;0;0;3;0;3;3;4;4;0;0;0;0;4;0;3;3;3;0;4;0;0;0;4;0;4;0;4;0;3;3;3;0;4;0;0;0;3;0;0;3;4;3;0;3;3;3;3;0;0;4;3;0;0,71432245937;0,671603944533;0,679238242602;0,797396272136;0,733589845202;0,939710566991;0;0;0;0
0;0;3;3;0;1;0;3;1;0;0;3;3;0;0;0;0;3;0;2;1;3;3;3;0;3;0;1;0;0;3;3;0;1;0;0;0;3;0;3;2;0;0;0;0;0;3;0;3;0;3;3;3;3;1;0;1;0;0;3;3;3;0;0;0;0;0;3;0;0;0;0;0;0;0;1;0;1;0;3;1;0;1;3;3;0;3;1;2;3;0;1;3;1;1;0;3;0;1;1;3;0;3;3;0;0;1;0;0;1;0;0;3;3;3;1;0;0;1;0;0;0;0;1;0;1;3;3;3;0;0;1;0;0;3;0;1;3;0;3;0;3;3;3;3;0;0;0;3;1;0,544440166751;0,610664302656;0,619404414791;0,618562149347;0,618982995546;1,09805014368;0;0;0;0
0;0;3;3;0;1;0;3;1;0;0;3;3;0;0;0;0;3;0;2;1;3;3;3;0;3;0;1;0;0;3;3;0;1;0;0;0;3;0;3;2;0;0;0;0;0;3;0;3;0;3;3;3;3;1;0;1;0;0;3;3;3;0;0;0;0;0;3;0;0;0;0;0;0;0;1;0;1;0;3;1;0;1;3;3;0;3;1;2;3;0;1;3;1;1;0;3;0;1;1;3;0;3;3;0;0;1;0;0;1;0;0;3;3;3;1;0;0;1;0;0;0;0;1;0;1;3;3;3;0;0;1;0;0;3;0;1;3;0;3;0;3;3;3;3;0;0;0;3;1;0,544440166751;0,610664302656;0,619404414791;0,618562149347;0,618982995546;1,09805014368;0;0;0;0
0;0;3;3;0;1;0;3;1;0;0;3;3;0;0;0;0;3;0;2;1;3;3;3;0;3;0;1;0;0;3;3;0;1;0;0;0;3;0;3;2;0;0;0;0;0;3;0;3;0;3;3;3;3;1;0;1;0;0;3;3;3;0;0;0;0;0;3;0;0;0;0;0;0;0;1;0;1;0;3;1;0;1;3;3;0;3;1;2;3;0;1;3;1;1;0;3;0;1;1;3;0;3;3;0;0;1;0;0;1;0;0;3;3;3;1;0;0;1;0;0;0;0;1;0;1;3;3;3;0;0;1;0;0;3;0;1;3;0;3;0;3;3;3;3;0;0;0;3;1;0,544440166751;0,610664302656;0,619404414791;0,618562149347;0,618982995546;1,09805014368;0;0;0;0
2;2;1;1;2;1;2;1;1;2;2;1;1;2;2;2;2;1;2;0;2;1;1;1;2;1;2;2;2;2;1;1;2;2;2;2;2;1;2;1;0;2;2;2;2;2;1;2;1;2;1;1;1;1;2;2;2;2;0;1;1;1;2;2;2;2;2;1;2;2;2;2;2;2;2;2;2;2;0;1;2;2;2;1;1;2;1;1;0;1;2;2;1;2;1;2;1;2;2;2;1;2;1;1;2;2;2;2;2;2;2;2;1;1;1;2;2;2;2;0;2;2;2;2;2;2;1;1;1;2;2;2;2;2;1;2;2;1;2;1;2;1;1;1;1;2;2;2;1;2;0,500610041328;0,497552867829;0,696134130932;0,504280846773;0,584876256185;1,17523522069;0;0;0;0
2;2;1;1;2;2;2;1;2;2;2;1;1;2;2;2;2;1;2;0;2;1;1;1;2;1;2;2;2;2;1;1;2;2;2;2;2;1;2;1;0;2;2;2;2;2;1;2;1;2;1;1;1;1;2;2;2;2;0;1;1;1;2;2;2;2;2;1;2;2;2;2;2;2;2;2;2;2;0;1;2;2;2;1;1;2;1;2;0;1;2;2;1;2;2;2;1;2;2;2;1;2;1;1;2;2;2;2;2;2;2;2;1;1;1;2;2;2;2;0;2;2;2;2;2;2;1;1;1;2;2;2;2;2;1;2;2;1;2;1;2;1;1;1;1;2;2;2;1;2;0,540077382912;0,567745293771;0,808851172375;0,573535586026;0,671165183457;1,28445424114;0;0;0;0
2;2;1;1;2;2;2;1;2;2;2;1;1;2;2;2;2;1;2;0;2;1;1;1;2;1;2;2;2;2;1;1;2;2;2;2;2;1;2;1;0;2;2;2;2;2;1;2;1;2;1;1;1;1;2;2;2;2;0;1;1;1;2;2;2;2;2;1;2;2;2;2;2;2;2;2;2;2;0;1;2;2;2;1;1;2;1;2;0;1;2;2;1;2;2;2;1;2;2;2;1;2;1;1;2;2;2;2;2;2;2;2;1;1;1;2;2;2;2;0;2;2;2;2;2;2;1;1;1;2;2;2;2;2;1;2;2;1;2;1;2;1;1;1;1;2;2;2;1;2;0,540077382912;0,567745293771;0,808851172375;0,573535586026;0,671165183457;1,28445424114;0;0;0;0
2;2;1;1;2;2;2;1;2;2;2;1;1;2;2;2;2;1;2;0;2;1;1;1;2;1;2;2;2;2;1;1;2;2;2;2;2;1;2;1;0;2;2;2;2;2;1;2;1;2;1;1;1;1;2;2;2;2;0;1;1;1;2;2;2;2;2;1;2;2;2;2;2;2;2;2;2;2;0;1;2;2;2;1;1;2;1;2;0;1;2;2;1;2;2;2;1;2;2;2;1;2;1;1;2;2;2;2;2;2;2;2;1;1;1;2;2;2;2;0;2;2;2;2;2;2;1;1;1;2;2;2;2;2;1;2;2;1;2;1;2;1;1;1;1;2;2;2;1;2;0,540077382912;0,567745293771;0,808851172375;0,573535586026;0,671165183457;1,28445424114;0;0;0;0
2;2;1;1;2;2;2;1;2;2;2;1;1;2;2;2;2;1;2;0;2;1;1;1;2;1;2;2;2;2;1;1;2;2;2;2;2;1;2;1;0;2;2;2;2;2;1;2;1;2;1;1;1;1;2;2;2;2;0;1;1;1;2;2;2;2;2;1;2;2;2;2;2;2;2;2;2;2;0;1;2;2;2;1;1;2;1;2;0;1;2;2;1;2;2;2;1;2;2;2;1;2;1;1;2;2;2;2;2;2;2;2;1;1;1;2;2;2;2;0;2;2;2;2;2;2;1;1;1;2;2;2;2;2;1;2;2;1;2;1;2;1;1;1;1;2;2;2;1;2;0,540077382912;0,567745293771;0,808851172375;0,573535586026;0,671165183457;1,28445424114;0;0;0;0
2;2;1;1;2;2;2;1;2;2;2;1;1;2;2;2;2;1;2;0;2;1;1;1;2;1;2;2;2;2;1;1;2;2;2;2;2;1;2;1;0;2;2;2;2;2;1;2;1;2;1;1;1;1;2;2;2;2;0;1;1;1;2;2;2;2;2;1;2;2;2;2;2;2;2;2;2;2;0;1;2;2;2;1;1;2;1;2;0;1;2;2;1;2;2;2;1;2;2;2;1;2;1;1;2;2;2;2;2;2;2;2;1;1;1;2;2;2;2;0;2;2;2;2;2;2;1;1;1;2;2;2;2;2;1;2;2;1;2;1;2;1;1;1;1;2;2;2;1;2;0,540077382912;0,567745293771;0,808851172375;0,573535586026;0,671165183457;1,28445424114;0;0;0;0
2;2;1;1;2;2;2;1;2;2;2;1;1;2;2;2;2;1;2;0;2;1;1;1;2;1;2;2;2;2;1;1;2;2;2;2;2;1;2;1;0;2;2;2;2;2;1;2;1;2;1;1;1;1;2;2;2;2;0;1;1;1;2;2;2;2;2;1;2;2;2;2;2;2;2;2;2;2;0;1;2;2;2;1;1;2;1;2;0;1;2;2;1;2;2;2;1;2;2;2;1;2;1;1;2;2;2;2;2;2;2;2;1;1;1;2;2;2;2;0;2;2;2;2;2;2;1;1;1;2;2;2;2;2;1;2;2;1;2;1;2;1;1;1;1;2;2;2;1;2;0,540077382912;0,567745293771;0,808851172375;0,573535586026;0,671165183457;1,28445424114;0;0;0;0
2;2;1;1;2;2;2;1;2;2;2;1;1;2;2;2;2;1;2;0;2;1;1;1;2;1;2;2;2;2;1;1;2;2;2;2;2;1;2;1;0;2;2;2;2;2;1;2;1;2;1;1;1;1;2;2;2;2;0;1;1;1;2;2;2;2;2;1;2;2;2;2;2;2;2;2;2;2;0;1;2;2;2;1;1;2;1;2;0;1;2;2;1;2;2;2;1;2;2;2;1;2;1;1;2;2;2;2;2;2;2;2;1;1;1;2;2;2;2;0;2;2;2;2;2;2;1;1;1;2;2;2;2;2;1;2;2;1;2;1;2;1;1;1;1;2;2;2;1;2;0,540077382912;0,567745293771;0,808851172375;0,573535586026;0,671165183457;1,28445424114;0;0;0;0
2;2;1;1;2;2;2;1;2;2;2;1;1;2;2;2;2;1;2;0;2;1;1;1;2;1;2;2;2;2;1;1;2;2;2;2;2;1;2;1;0;2;2;2;2;2;1;2;1;2;1;1;1;1;2;2;2;2;0;1;1;1;2;2;2;2;2;1;2;2;2;2;2;2;2;2;2;2;0;1;2;2;2;1;1;2;1;2;0;1;2;2;1;2;2;2;1;2;2;2;1;2;1;1;2;2;2;2;2;2;2;2;1;1;1;2;2;2;2;0;2;2;2;2;2;2;1;1;1;2;2;2;2;2;1;2;2;1;2;1;2;1;1;1;1;2;2;2;1;2;0,540077382912;0,567745293771;0,808851172375;0,573535586026;0,671165183457;1,28445424114;0;0;0;0
2;2;1;1;2;2;2;1;2;2;2;1;1;2;2;2;2;1;2;0;2;1;1;1;2;1;2;2;2;2;1;1;2;2;2;2;2;1;2;1;0;2;2;2;2;2;1;2;1;2;1;1;1;1;2;2;2;2;0;1;1;1;2;2;2;2;2;1;2;2;2;2;2;2;2;2;2;2;0;1;2;2;2;1;1;2;1;2;0;1;2;2;1;2;2;2;1;2;2;2;1;2;1;1;2;2;2;2;2;2;2;2;1;1;1;2;2;2;2;0;2;2;2;2;2;2;1;1;1;2;2;2;2;2;1;2;2;1;2;1;2;1;1;1;1;2;2;2;1;2;0,540077382912;0,567745293771;0,808851172375;0,573535586026;0,671165183457;1,28445424114;0;0;0;0
2;2;1;1;2;2;2;1;2;2;2;1;1;2;2;2;2;1;2;0;2;1;1;1;2;1;2;2;2;2;1;1;2;2;2;2;2;1;2;1;0;2;2;2;2;2;1;2;1;2;1;1;1;1;2;2;2;2;0;1;1;1;2;2;2;2;2;1;2;2;2;2;2;2;2;2;2;2;0;1;2;2;2;1;1;2;1;2;0;1;2;2;1;2;2;2;1;2;2;2;1;2;1;1;2;2;2;2;2;2;2;2;1;1;1;2;2;2;2;0;2;2;2;2;2;2;1;1;1;2;2;2;2;2;1;2;2;1;2;1;2;1;1;1;1;2;2;2;1;2;0,540077382912;0,567745293771;0,808851172375;0,573535586026;0,671165183457;1,28445424114;0;0;0;0
2;2;1;1;2;1;2;1;1;2;2;1;1;2;2;2;2;1;2;0;2;1;1;1;2;1;2;2;2;2;1;1;2;2;2;2;2;1;2;1;2;2;2;2;2;2;1;2;1;2;1;1;1;1;2;2;2;2;0;1;1;1;2;2;2;2;2;1;2;2;2;2;2;2;2;1;2;2;0;1;2;2;2;1;1;2;1;1;0;1;2;2;1;2;1;2;1;2;2;2;1;2;1;1;2;2;2;2;2;1;2;2;1;1;1;2;2;2;2;0;2;2;2;2;2;2;1;1;1;2;2;2;2;2;1;2;2;1;2;1;2;1;1;1;1;2;2;2;1;1;0,478007426864;0,467091407783;0,661534261831;0,474344783725;0,552515388997;1,31356077219;0;0;0;0
2;2;1;1;2;1;2;1;1;2;2;1;1;2;2;2;2;1;2;0;2;1;1;1;2;1;2;2;2;2;1;1;2;2;2;2;2;1;2;1;2;2;2;2;2;2;1;2;1;2;1;1;1;1;2;2;2;2;0;1;1;1;2;2;2;2;2;1;2;2;2;2;2;2;2;1;2;2;0;1;2;2;2;1;1;2;1;1;0;1;2;2;1;2;1;2;1;2;2;2;1;2;1;1;2;2;2;2;2;1;2;2;1;1;1;2;2;2;2;0;2;2;2;2;2;2;1;1;1;2;2;2;2;2;1;2;2;1;2;1;2;1;1;1;1;2;2;2;1;1;0,478007426864;0,467091407783;0,661534261831;0,474344783725;0,552515388997;1,31356077219;0;0;0;0
2;2;1;1;2;1;2;1;1;2;2;1;1;2;2;2;2;1;2;0;2;1;1;1;2;1;2;2;2;2;1;1;2;2;2;2;2;1;2;1;2;2;2;2;2;2;1;2;1;2;1;1;1;1;2;2;2;2;0;1;1;1;2;2;2;2;2;1;2;2;2;2;2;2;2;1;2;2;0;1;2;2;2;1;1;2;1;1;0;1;2;2;1;2;1;2;1;2;2;2;1;2;1;1;2;2;2;2;2;1;2;2;1;1;1;2;2;2;2;0;2;2;2;2;2;2;1;1;1;2;2;2;2;2;1;2;2;1;2;1;2;1;1;1;1;2;2;2;1;1;0,478007426864;0,467091407783;0,661534261831;0,474344783725;0,552515388997;1,31356077219;0;0;0;0
2;2;1;1;2;1;2;1;1;2;2;1;1;2;2;2;2;1;2;0;2;1;1;1;2;1;2;2;2;2;1;1;2;2;2;2;2;1;2;1;2;2;2;2;2;2;1;2;1;2;1;1;1;1;2;2;2;2;0;1;1;1;2;2;2;2;2;1;2;2;2;2;2;2;2;1;2;2;0;1;2;2;2;1;1;2;1;1;0;1;2;2;1;2;1;2;1;2;2;2;1;2;1;1;2;2;2;2;2;1;2;2;1;1;1;2;2;2;2;0;2;2;2;2;2;2;1;1;1;2;2;2;2;2;1;2;2;1;2;1;2;1;1;1;1;2;2;2;1;1;0,478007426864;0,467091407783;0,661534261831;0,474344783725;0,552515388997;1,31356077219;0;0;0;0
2;2;1;1;2;1;2;1;1;2;2;1;1;2;2;2;2;1;2;0;2;1;1;1;2;1;2;2;2;2;1;1;2;2;2;2;2;1;2;1;2;2;2;2;2;2;1;2;1;2;1;1;1;1;2;2;2;2;0;1;1;1;2;2;2;2;2;1;2;2;2;2;2;2;2;1;2;2;0;1;2;2;2;1;1;2;1;1;0;1;2;2;1;2;1;2;1;2;2;2;1;2;1;1;2;2;2;2;2;1;2;2;1;1;1;2;2;2;2;0;2;2;2;2;2;2;1;1;1;2;2;2;2;2;1;2;2;1;2;1;2;1;1;1;1;2;2;2;1;1;0,478007426864;0,467091407783;0,661534261831;0,474344783725;0,552515388997;1,31356077219;0;0;0;0
2;2;1;1;2;1;2;1;1;2;2;1;1;2;2;2;2;1;2;0;2;1;1;1;2;1;2;2;2;2;1;1;2;2;2;2;2;1;2;1;2;2;2;2;2;2;1;2;1;2;1;1;1;1;2;2;2;2;0;1;1;1;2;2;2;2;2;1;2;2;2;2;2;2;2;1;2;2;0;1;2;2;2;1;1;2;1;1;0;1;2;2;1;2;1;2;1;2;2;2;1;2;1;1;2;2;2;2;2;1;2;2;1;1;1;2;2;2;2;0;2;2;2;2;2;2;1;1;1;2;2;2;2;2;1;2;2;1;2;1;2;1;1;1;1;2;2;2;1;1;0,478007426864;0,467091407783;0,661534261831;0,474344783725;0,552515388997;1,31356077219;0;0;0;0
2;2;1;1;2;1;2;1;1;2;2;1;1;2;2;2;2;1;2;0;2;1;1;1;2;1;2;2;2;2;1;1;2;2;2;2;2;1;2;1;2;2;2;2;2;2;1;2;1;2;1;1;1;1;2;2;2;2;0;1;1;1;2;2;2;2;2;1;2;2;2;2;2;2;2;1;2;2;0;1;2;2;2;1;1;2;1;1;0;1;2;2;1;2;1;2;1;2;2;2;1;2;1;1;2;2;2;2;2;1;2;2;1;1;1;2;2;2;2;0;2;2;2;2;2;2;1;1;1;2;2;2;2;2;1;2;2;1;2;1;2;1;1;1;1;2;2;2;1;1;0,478007426864;0,467091407783;0,661534261831;0,474344783725;0,552515388997;1,31356077219;0;0;0;0
2;2;1;1;2;1;2;1;1;2;2;1;1;2;2;2;2;1;2;0;2;1;1;1;2;1;2;2;2;2;1;1;2;2;2;2;2;1;2;1;2;2;2;2;2;2;1;2;1;2;1;1;1;1;2;2;2;2;0;1;1;1;2;2;2;2;2;1;2;2;2;2;2;2;2;2;2;2;0;1;2;2;2;1;1;2;1;1;0;1;2;2;1;2;1;2;1;2;2;2;1;2;1;1;2;2;2;2;2;1;2;2;1;1;1;2;2;2;2;0;2;2;2;2;2;2;1;1;1;2;2;2;2;2;1;2;2;1;2;1;2;1;1;1;1;2;2;2;1;1;0,485984641727;0,475671500493;0,676240587231;0,482808592197;0,563383800623;1,32219106128;0;0;0;0
2;2;1;1;2;1;2;1;1;2;2;1;1;2;2;2;2;1;2;0;2;1;1;1;2;1;2;2;2;2;1;1;2;2;2;2;2;1;2;1;2;2;2;2;2;2;1;2;1;2;1;1;1;1;2;2;2;2;0;1;1;1;2;2;2;2;2;1;2;2;2;2;2;2;2;2;2;2;0;1;2;2;2;1;1;2;1;1;0;1;2;2;1;2;1;2;1;2;2;2;1;2;1;1;2;2;2;2;2;1;2;2;1;1;1;2;2;2;2;0;2;2;2;2;2;2;1;1;1;2;2;2;2;2;1;2;2;1;2;1;2;1;1;1;1;2;2;2;1;1;0,485984641727;0,475671500493;0,676240587231;0,482808592197;0,563383800623;1,32219106128;0;0;0;0
2;2;1;1;2;1;2;1;1;2;2;1;1;2;2;2;2;1;2;0;2;1;1;1;2;1;2;2;2;2;1;1;2;2;2;2;2;1;2;1;2;2;2;2;2;2;1;2;1;2;1;1;1;1;2;2;2;2;0;1;1;1;2;2;2;2;2;1;2;2;2;2;2;2;2;2;2;2;0;1;2;2;2;1;1;2;1;1;0;1;2;2;1;2;1;2;1;2;2;2;1;2;1;1;2;2;2;2;2;1;2;2;1;1;1;2;2;2;2;0;2;2;2;2;2;2;1;1;1;2;2;2;2;2;1;2;2;1;2;1;2;1;1;1;1;2;2;2;1;1;0,485984641727;0,475671500493;0,676240587231;0,482808592197;0,563383800623;1,32219106128;0;0;0;0
2;2;1;1;2;1;2;1;1;2;2;1;1;2;2;2;2;1;2;0;2;1;1;1;2;1;2;2;2;2;1;1;2;2;2;2;2;1;2;1;2;2;2;2;2;2;1;2;1;2;1;1;1;1;2;2;2;2;0;1;1;1;2;2;2;2;2;1;2;2;2;2;2;2;2;2;2;2;0;1;2;2;2;1;1;2;1;1;0;1;2;2;1;2;1;2;1;2;2;2;1;2;1;1;2;2;2;2;2;1;2;2;1;1;1;2;2;2;2;0;2;2;2;2;2;2;1;1;1;2;2;2;2;2;1;2;2;1;2;1;2;1;1;1;1;2;2;2;1;1;0,485984641727;0,475671500493;0,676240587231;0,482808592197;0,563383800623;1,32219106128;0;0;0;0
2;2;1;1;2;1;2;1;1;2;2;1;1;2;2;2;2;1;2;0;2;1;1;1;2;1;2;2;2;2;1;1;2;2;2;2;2;1;2;1;2;2;2;2;2;2;1;2;1;2;1;1;1;1;2;2;2;2;0;1;1;1;2;2;2;2;2;1;2;2;2;2;2;2;2;2;2;2;0;1;2;2;2;1;1;2;1;1;0;1;2;2;1;2;1;2;1;2;2;2;1;2;1;1;2;2;2;2;2;1;2;2;1;1;1;2;2;2;2;0;2;2;2;2;2;2;1;1;1;2;2;2;2;2;1;2;2;1;2;1;2;1;1;1;1;2;2;2;1;1;0,485984641727;0,475671500493;0,676240587231;0,482808592197;0,563383800623;1,32219106128;0;0;0;0
2;2;1;1;2;1;2;1;1;2;2;1;1;2;2;2;2;1;2;0;2;1;1;1;2;1;2;2;2;2;1;1;2;2;2;2;2;1;2;1;2;2;2;2;2;2;1;2;1;2;1;1;1;1;2;2;2;2;0;1;1;1;2;2;2;2;2;1;2;2;2;2;2;2;2;2;2;2;0;1;2;2;2;1;1;2;1;1;0;1;2;2;1;2;1;2;1;2;2;2;1;2;1;1;2;2;2;2;2;1;2;2;1;1;1;2;2;2;2;0;2;2;2;2;2;2;1;1;1;2;2;2;2;2;1;2;2;1;2;1;2;1;1;1;1;2;2;2;1;1;0,485984641727;0,475671500493;0,676240587231;0,482808592197;0,563383800623;1,32219106128;0;0;0;0
2;2;1;1;2;1;2;1;1;2;2;1;1;2;2;2;2;1;2;0;2;1;1;1;2;1;2;2;2;2;1;1;2;2;2;2;2;1;2;1;2;2;2;2;2;2;1;2;1;2;1;1;1;1;2;2;2;2;0;1;1;1;2;2;2;2;2;1;2;2;2;2;2;2;2;2;2;2;0;1;2;2;2;1;1;2;1;1;0;1;2;2;1;2;1;2;1;2;2;2;1;2;1;1;2;2;2;2;2;1;2;2;1;1;1;2;2;2;2;0;2;2;2;2;2;2;1;1;1;2;2;2;2;2;1;2;2;1;2;1;2;1;1;1;1;2;2;2;1;2;0,494346930753;0,485240003621;0,692620209127;0,492247372441;0,575491275727;1,32810797432;0;0;0;0
2;2;1;1;2;1;2;1;1;2;2;1;1;2;2;2;2;1;2;0;2;1;1;1;2;1;2;2;2;2;1;1;2;2;2;2;2;1;2;1;2;2;2;2;2;2;1;2;1;2;1;1;1;1;2;2;2;2;0;1;1;1;2;2;2;2;2;1;2;2;2;2;2;2;2;2;2;2;0;1;2;2;2;1;1;2;1;1;0;1;2;2;1;2;1;2;1;2;2;2;1;2;1;1;2;2;2;2;2;1;2;2;1;1;1;2;2;2;2;0;2;2;2;2;2;2;1;1;1;2;2;2;2;2;1;2;2;1;2;1;2;1;1;1;1;2;2;2;1;2;0,494346930753;0,485240003621;0,692620209127;0,492247372441;0,575491275727;1,32810797432;0;0;0;0
