10;40;30;db;Cosine;4;2
0;0;1;0;1;0;0;0;1;1;0;1;1;0;1;0;0;1;1;0;0;0;1;0;0;0;1;1;0;1;0;0;0;1;0;1;0;0;0;0;0;1;1;0;0;0;1;0;0;0;0;1;0;0;0;0;1;0;0;1;0;0;1;0;0;1;1;1;0;1;0;1;1;0;1;0;0;0;0;0;0;0;0;0;0;0;0;0;0;0;1;0;0;0;0;0;0;0;0;0;1;0;1;0;0;0;0;1;0;0;0;0;1;0;0;0;0;0;0;1;1;0;0;0;1;1;1;1;0;1;1;1;1;1;0;1;0;1;0;0;0;1;0;0;0;0;0;0;0;0;0,519933072445;0,516663219761;0,91069690523;0,519644719873;0,661714418293;13,2120384069;0;0;0;0
1;1;0;1;0;1;1;1;0;0;1;0;0;1;0;1;1;0;0;1;1;1;0;1;1;1;0;0;1;0;1;1;1;0;1;0;1;1;1;1;1;0;0;1;1;1;0;1;1;1;1;0;1;1;1;1;0;1;1;0;1;1;0;1;1;0;0;0;1;0;1;0;0;1;0;1;1;1;1;1;1;1;1;1;1;1;1;0;1;1;0;1;1;1;1;1;1;1;1;1;0;1;0;1;1;1;1;0;1;1;1;1;0;1;1;1;1;1;1;0;0;1;1;1;0;0;0;0;1;0;0;0;0;0;1;0;1;0;1;1;1;0;1;1;1;1;1;1;0;0;0,558371443754;0,550981342634;0,949020443401;0,553749288743;0,699401091591;13,2120384069;0;0;0;0
1;1;0;1;0;1;1;1;0;0;1;0;0;1;0;1;1;0;0;1;1;1;0;1;1;1;0;0;1;0;1;1;1;0;1;0;1;1;1;1;1;0;0;1;1;1;0;1;1;1;1;0;1;1;1;1;0;1;1;0;1;1;0;1;1;0;0;0;1;0;1;0;0;1;0;1;1;1;1;1;1;1;1;1;1;1;1;0;1;1;0;1;1;1;1;1;1;1;1;1;0;1;0;1;1;1;1;0;1;1;1;1;0;1;1;1;1;1;1;0;0;1;1;1;0;0;0;0;1;0;0;0;0;0;1;0;1;0;1;1;1;0;1;1;1;1;1;1;0;0;0,558371443754;0,550981342634;0,949020443401;0,553749288743;0,699401091591;13,2120384069;0;0;0;0
0;0;1;0;1;0;0;0;1;1;0;1;1;0;1;0;0;1;1;0;0;0;1;0;0;0;1;1;0;1;0;0;0;1;0;1;0;0;0;0;0;1;1;0;0;0;1;0;0;0;0;1;0;0;0;0;1;0;0;1;0;0;1;0;0;1;1;1;0;1;0;1;1;0;1;0;0;0;0;0;0;0;0;0;0;0;0;0;0;0;1;0;0;0;0;0;0;0;0;0;1;0;1;0;0;0;0;1;0;0;0;0;1;0;0;0;0;0;0;1;1;0;0;0;1;1;1;1;0;1;1;1;1;1;0;1;0;1;0;0;0;1;0;0;0;0;0;0;0;0;0,519933072445;0,516663219761;0,91069690523;0,519644719873;0,661714418293;13,2120384069;0;0;0;0
1;1;2;1;2;0;1;1;2;2;1;2;2;1;2;1;1;2;2;1;1;1;2;1;1;1;2;2;1;2;1;1;1;2;1;2;1;1;1;0;1;2;2;1;1;1;2;1;1;1;1;2;1;1;1;1;2;1;1;2;1;1;2;1;1;2;2;2;1;2;1;2;2;1;2;1;1;1;1;1;1;1;1;1;1;1;1;0;1;1;2;1;1;1;1;1;1;1;1;1;2;1;2;1;1;1;1;2;1;1;1;1;2;1;1;1;1;1;1;2;2;1;1;1;2;2;2;2;1;2;2;2;2;2;1;2;1;2;1;1;1;2;1;0;1;1;1;1;0;0;0,537233966423;0,550179358845;0,784409970522;0,556204957714;0,650884463981;14,0476680985;0;0;0;0
1;1;2;1;2;0;1;1;2;2;1;2;2;1;2;1;1;2;2;1;1;1;2;1;1;1;2;2;1;2;1;1;1;2;1;2;1;1;1;0;1;2;2;1;1;1;2;1;1;1;1;2;1;1;1;1;2;1;1;2;1;1;2;1;1;2;2;2;1;2;1;2;2;1;2;1;1;1;1;1;1;1;1;1;1;1;1;0;1;1;2;1;1;1;1;1;1;1;1;1;2;1;2;1;1;1;1;2;1;1;1;1;2;1;1;1;1;1;1;2;2;1;1;1;2;2;2;2;1;2;2;2;2;2;1;2;1;2;1;1;1;2;1;0;1;1;1;1;0;0;0,537233966423;0,550179358845;0,784409970522;0,556204957714;0,650884463981;14,0476680985;0;0;0;0
1;1;2;1;2;0;1;1;2;2;1;2;2;1;2;1;1;2;2;1;1;1;2;1;1;1;2;2;1;2;1;1;1;2;1;2;1;1;1;0;1;2;2;1;1;1;2;1;1;1;1;2;1;1;1;1;2;1;1;2;1;1;2;1;1;2;2;2;1;2;1;2;2;1;2;1;1;1;1;1;1;1;1;1;1;1;1;0;1;1;2;1;1;1;1;1;1;1;1;1;2;1;2;1;1;1;1;2;1;1;1;1;2;1;1;1;1;1;1;2;2;1;1;1;2;2;2;2;1;2;2;2;2;2;1;2;1;2;1;1;1;2;1;0;1;1;1;1;0;0;0,537233966423;0,550179358845;0,784409970522;0,556204957714;0,650884463981;14,0476680985;0;0;0;0
1;1;2;1;2;0;1;1;2;2;1;2;2;1;2;1;1;2;2;1;1;1;2;1;1;1;2;2;1;2;1;1;1;2;1;2;1;1;1;0;1;2;2;1;1;1;2;1;1;1;1;2;1;1;1;1;2;1;1;2;1;1;2;1;1;2;2;2;1;2;1;2;2;1;2;1;1;1;1;1;1;1;1;1;1;1;1;0;1;1;2;1;1;1;1;1;1;1;1;1;2;1;2;1;1;1;1;2;1;1;1;1;2;1;1;1;1;1;1;2;2;1;1;1;2;2;2;2;1;2;2;2;2;2;1;2;1;2;1;1;1;2;1;0;1;1;1;1;0;0;0,537233966423;0,550179358845;0,784409970522;0,556204957714;0,650884463981;14,0476680985;0;0;0;0
1;1;2;1;2;0;1;1;2;2;1;2;2;1;2;1;1;2;2;1;1;1;2;1;1;1;2;2;1;2;1;1;1;2;1;2;1;1;1;0;1;2;2;1;1;1;2;1;1;1;1;2;1;1;1;1;2;1;1;2;1;1;2;1;1;2;2;2;1;2;1;2;2;1;2;1;1;1;1;1;1;1;1;1;1;1;1;0;1;1;2;1;1;1;1;1;1;1;1;1;2;1;2;1;1;1;1;2;1;1;1;1;2;1;1;1;1;1;1;2;2;1;1;1;2;2;2;2;1;2;2;2;2;2;1;2;1;2;1;1;1;2;1;0;1;1;1;1;0;0;0,537233966423;0,550179358845;0,784409970522;0,556204957714;0,650884463981;14,0476680985;0;0;0;0
1;1;2;1;2;0;1;1;2;2;1;2;2;1;2;1;1;2;2;1;1;1;2;1;1;1;2;2;1;2;1;1;1;2;1;2;1;1;1;0;1;2;2;1;1;1;2;1;1;1;1;2;1;1;1;1;2;1;1;2;1;1;2;1;1;2;2;2;1;2;1;2;2;1;2;1;1;1;1;1;1;1;1;1;1;1;1;0;1;1;2;1;1;1;1;1;1;1;1;1;2;1;2;1;1;1;1;2;1;1;1;1;2;1;1;1;1;1;1;2;2;1;1;1;2;2;2;2;1;2;2;2;2;2;1;2;1;2;1;1;1;2;1;0;1;1;1;1;0;0;0,537233966423;0,550179358845;0,784409970522;0,556204957714;0,650884463981;14,0476680985;0;0;0;0
1;1;2;1;2;0;1;1;2;2;1;2;2;1;2;1;1;2;2;1;1;1;2;1;1;1;2;2;1;2;1;1;1;2;1;2;1;1;1;0;1;2;2;1;1;1;2;1;1;1;1;2;1;1;1;1;2;1;1;2;1;1;2;1;1;2;2;2;1;2;1;2;2;1;2;1;1;1;1;1;1;1;1;1;1;1;1;0;1;1;2;1;1;1;1;1;1;1;1;1;2;1;2;1;1;1;1;2;1;1;1;1;2;1;1;1;1;1;1;2;2;1;1;1;2;2;2;2;1;2;2;2;2;2;1;2;1;2;1;1;1;2;1;0;1;1;1;1;0;0;0,537233966423;0,550179358845;0,784409970522;0,556204957714;0,650884463981;14,0476680985;0;0;0;0
1;1;0;1;0;1;1;1;0;0;1;0;0;1;0;1;1;0;0;1;1;1;0;1;1;1;0;0;1;0;1;1;1;0;1;0;1;1;1;1;1;0;0;1;1;1;0;1;2;1;1;0;1;1;1;1;0;1;1;0;1;1;0;1;1;0;0;0;1;0;1;0;0;1;0;1;1;1;1;1;1;1;1;1;1;1;1;0;1;1;0;1;1;1;1;1;1;1;1;1;0;1;0;1;1;1;1;0;1;1;1;1;0;1;1;1;1;1;1;0;0;1;1;1;0;0;0;0;1;0;0;0;0;0;1;0;1;0;2;1;1;0;1;1;1;1;1;1;0;0;0,553231534383;0,54744391215;0,861378081233;0,553749920689;0,67412706627;14,3216765565;0;0;0;0
1;1;0;1;0;1;1;1;0;0;1;0;0;1;0;1;1;0;0;1;1;1;0;1;1;1;0;0;1;0;1;1;1;0;1;0;1;1;1;1;1;0;0;1;1;1;0;1;2;1;1;0;1;1;1;1;0;1;1;0;1;1;0;1;1;0;0;0;1;0;1;0;0;1;0;1;1;1;1;1;1;1;1;1;1;1;1;0;1;1;0;1;1;1;1;1;1;1;1;1;0;1;0;1;1;1;1;0;1;1;1;1;0;1;1;1;1;1;1;0;0;1;1;1;0;0;0;0;1;0;0;0;0;0;1;0;1;0;2;1;1;0;1;1;1;1;1;1;0;0;0,553231534383;0,54744391215;0,861378081233;0,553749920689;0,67412706627;14,3216765565;0;0;0;0
1;1;0;1;0;1;1;1;0;0;1;0;0;1;0;1;1;0;0;1;1;1;0;1;1;1;0;0;1;0;1;1;1;0;1;0;1;1;1;1;1;0;0;1;1;1;0;1;2;1;1;0;1;1;1;1;0;1;1;0;1;1;0;1;1;0;0;0;1;0;1;0;0;1;0;1;1;1;1;1;1;1;1;1;1;1;1;0;1;1;0;1;1;1;1;1;1;1;1;1;0;1;0;1;1;1;1;0;1;1;1;1;0;1;1;1;1;1;1;0;0;1;1;1;0;0;0;0;1;0;0;0;0;0;1;0;1;0;2;1;1;0;1;1;1;1;1;1;0;0;0,553231534383;0,54744391215;0,861378081233;0,553749920689;0,67412706627;14,3216765565;0;0;0;0
1;1;0;1;0;1;1;1;0;0;1;0;0;1;0;1;1;0;0;1;1;1;0;1;1;1;0;0;1;0;1;1;1;0;1;0;1;1;1;1;1;0;0;1;1;1;0;1;2;1;1;0;1;1;1;1;0;1;1;0;1;1;0;1;1;0;0;0;1;0;1;0;0;1;0;1;1;1;1;1;1;1;1;1;1;1;1;0;1;1;0;1;1;1;1;1;1;1;1;1;0;1;0;1;1;1;1;0;1;1;1;1;0;1;1;1;1;1;1;0;0;1;1;1;0;0;0;0;1;0;0;0;0;0;1;0;1;0;2;1;1;0;1;1;1;1;1;1;0;0;0,553231534383;0,54744391215;0,861378081233;0,553749920689;0,67412706627;14,3216765565;0;0;0;0
1;1;0;1;0;1;1;1;0;0;1;0;0;1;0;1;1;0;0;1;1;1;0;1;1;1;0;0;1;0;1;1;1;0;1;0;1;1;1;1;1;0;0;1;1;1;0;1;2;1;1;0;1;1;1;1;0;1;1;0;1;1;0;1;1;0;0;0;1;0;1;0;0;1;0;1;1;1;1;1;1;1;1;1;1;1;1;0;1;1;0;1;1;1;1;1;1;1;1;1;0;1;0;1;1;1;1;0;1;1;1;1;0;1;1;1;1;1;1;0;0;1;1;1;0;0;0;0;1;0;0;0;0;0;1;0;1;0;2;1;1;0;1;1;1;1;1;1;0;0;0,553231534383;0,54744391215;0,861378081233;0,553749920689;0,67412706627;14,3216765565;0;0;0;0
1;1;0;1;0;1;1;1;0;0;1;0;0;1;0;1;1;0;0;1;1;1;0;1;1;1;0;0;1;0;1;1;1;0;1;0;1;1;1;1;1;0;0;1;1;1;0;1;2;1;1;0;1;1;1;1;0;1;1;0;1;1;0;1;1;0;0;0;1;0;1;0;0;1;0;1;1;1;1;1;1;1;1;1;1;1;1;0;1;1;0;1;1;1;1;1;1;1;1;1;0;1;0;1;1;1;1;0;1;1;1;1;0;1;1;1;1;1;1;0;0;1;1;1;0;0;0;0;1;0;0;0;0;0;1;0;1;0;2;1;1;0;1;1;1;1;1;1;0;0;0,553231534383;0,54744391215;0,861378081233;0,553749920689;0,67412706627;14,3216765565;0;0;0;0
1;1;0;1;0;1;1;1;0;0;1;0;0;1;0;1;1;0;0;1;1;1;0;1;1;1;0;0;1;0;1;1;1;0;1;0;1;1;1;1;1;0;0;1;1;1;0;1;2;1;1;0;1;1;1;1;0;1;1;0;1;1;0;1;1;0;0;0;1;0;1;0;0;1;0;1;1;1;1;1;1;1;1;1;1;1;1;0;1;1;0;1;1;1;1;1;1;1;1;1;0;1;0;1;1;1;1;0;1;1;1;1;0;1;1;1;1;1;1;0;0;1;1;1;0;0;0;0;1;0;0;0;0;0;1;0;1;0;2;1;1;0;1;1;1;1;1;1;0;0;0,553231534383;0,54744391215;0,861378081233;0,553749920689;0,67412706627;14,3216765565;0;0;0;0
1;1;0;1;0;1;1;1;0;0;1;0;0;1;0;1;1;0;0;1;1;1;0;1;1;1;0;0;1;0;1;1;1;0;1;0;1;1;1;1;1;0;0;1;1;1;0;1;2;1;1;0;1;1;1;1;0;1;1;0;1;1;0;1;1;0;0;0;1;0;1;0;0;1;0;1;1;1;1;1;1;1;1;1;1;1;1;0;1;1;0;1;1;1;1;1;1;1;1;1;0;1;0;1;1;1;1;0;1;1;1;1;0;1;1;1;1;1;1;0;0;1;1;1;0;0;0;0;1;0;0;0;0;0;1;0;1;0;2;1;1;0;1;1;1;1;1;1;0;0;0,553231534383;0,54744391215;0,861378081233;0,553749920689;0,67412706627;14,3216765565;0;0;0;0
1;1;0;1;0;1;1;1;0;0;1;0;0;1;0;1;1;0;0;1;1;1;0;1;1;1;0;0;1;0;1;1;1;0;1;0;1;1;1;1;1;0;0;1;1;1;0;1;2;1;1;0;1;1;1;1;0;1;1;0;1;1;0;1;1;0;0;0;1;0;1;0;0;1;0;1;1;1;1;1;1;1;1;1;1;1;1;0;1;1;0;1;1;1;1;1;1;1;1;1;0;1;0;1;1;1;1;0;1;1;1;1;0;1;1;1;1;1;1;0;0;1;1;1;0;0;0;0;1;0;0;0;0;0;1;0;1;0;2;1;1;0;1;1;1;1;1;1;0;0;0,553231534383;0,54744391215;0,861378081233;0,553749920689;0,67412706627;14,3216765565;0;0;0;0
1;1;0;1;0;1;1;1;0;0;1;0;0;1;0;1;1;0;0;1;1;1;0;1;1;1;0;0;1;0;1;1;1;0;1;0;1;1;1;1;1;0;0;1;1;1;0;1;2;1;1;0;1;1;1;1;0;1;1;0;1;1;0;1;1;0;0;0;1;0;1;0;0;1;0;1;1;1;1;1;1;1;1;1;1;1;1;0;1;1;0;1;1;1;1;1;1;1;1;1;0;1;0;1;1;1;1;0;1;1;1;1;0;1;1;1;1;1;1;0;0;1;1;1;0;0;0;0;1;0;0;0;0;0;1;0;1;0;2;1;1;0;1;1;1;1;1;1;0;0;0,553231534383;0,54744391215;0,861378081233;0,553749920689;0,67412706627;14,3216765565;0;0;0;0
1;1;0;1;0;1;1;1;0;0;1;0;0;1;0;1;1;0;0;1;1;1;0;1;1;1;0;0;1;0;1;1;1;0;1;0;1;1;1;1;1;0;0;1;1;1;0;1;2;1;1;0;1;1;1;1;0;1;1;0;1;1;0;1;1;0;0;0;1;0;1;0;0;1;0;1;1;1;1;1;1;1;1;1;1;1;1;0;1;1;0;1;1;1;1;1;1;1;1;1;0;1;0;1;1;1;1;0;1;1;1;1;0;1;1;1;1;1;1;0;0;1;1;1;0;0;0;0;1;0;0;0;0;0;1;0;1;0;2;1;1;0;1;1;1;1;1;1;0;0;0,553231534383;0,54744391215;0,861378081233;0,553749920689;0,67412706627;14,3216765565;0;0;0;0
1;1;0;1;0;1;1;1;0;0;1;0;0;1;0;1;1;0;0;1;1;1;0;1;1;1;0;0;1;0;1;1;1;0;1;0;1;1;1;1;1;0;0;1;1;1;0;1;2;1;1;0;1;1;1;1;0;1;1;0;1;1;0;1;1;0;0;0;1;0;1;0;0;1;0;1;1;1;1;1;1;1;1;1;1;1;1;0;1;1;0;1;1;1;1;1;1;1;1;1;0;1;0;1;1;1;1;0;1;1;1;1;0;1;1;1;1;1;1;0;0;1;1;1;0;0;0;0;1;0;0;0;0;0;1;0;1;0;2;1;1;0;1;1;1;1;1;1;0;0;0,553231534383;0,54744391215;0,861378081233;0,553749920689;0,67412706627;14,3216765565;0;0;0;0
1;1;0;1;0;1;1;1;0;0;1;0;0;1;0;1;1;0;0;1;1;1;0;1;1;1;0;0;1;0;1;1;1;0;1;0;1;1;1;1;1;0;0;1;1;1;0;1;2;1;1;0;1;1;1;1;0;1;1;0;1;1;0;1;1;0;0;0;1;0;1;0;0;1;0;1;1;1;1;1;1;1;1;1;1;1;1;0;1;1;0;1;1;1;1;1;1;1;1;1;0;1;0;1;1;1;1;0;1;1;1;1;0;1;1;1;1;1;1;0;0;1;1;1;0;0;0;0;1;0;0;0;0;0;1;0;1;0;2;1;1;0;1;1;1;1;1;1;0;0;0,553231534383;0,54744391215;0,861378081233;0,553749920689;0,67412706627;14,3216765565;0;0;0;0
1;1;0;1;0;1;1;1;0;0;1;0;0;1;0;1;1;0;0;1;1;1;0;1;1;1;0;0;1;0;1;1;1;0;1;0;1;1;1;1;1;0;0;1;1;1;0;1;2;1;1;0;1;1;1;1;0;1;1;0;1;1;0;1;1;0;0;0;1;0;1;0;0;1;0;1;1;1;1;1;1;1;1;1;1;1;1;0;1;1;0;1;1;1;1;1;1;1;1;1;0;1;0;1;1;1;1;0;1;1;1;1;0;1;1;1;1;1;1;0;0;1;1;1;0;0;0;0;1;0;0;0;0;0;1;0;1;0;2;1;1;0;1;1;1;1;1;1;0;0;0,553231534383;0,54744391215;0,861378081233;0,553749920689;0,67412706627;14,3216765565;0;0;0;0
1;1;0;1;0;1;1;1;0;0;1;0;0;1;0;1;1;0;0;1;1;1;0;1;1;1;0;0;1;0;1;1;1;0;1;0;1;1;1;1;1;0;0;1;1;1;0;1;2;1;1;0;1;1;1;1;0;1;1;0;1;1;0;1;1;0;0;0;1;0;1;0;0;1;0;1;1;1;1;1;1;1;1;1;1;1;1;0;1;1;0;1;1;1;1;1;1;1;1;1;0;1;0;1;1;1;1;0;1;1;1;1;0;1;1;1;1;1;1;0;0;1;1;1;0;0;0;0;1;0;0;0;0;0;1;0;1;0;2;1;1;0;1;1;1;1;1;1;0;0;0,553231534383;0,54744391215;0,861378081233;0,553749920689;0,67412706627;14,3216765565;0;0;0;0
1;1;0;1;0;1;1;1;0;0;1;0;0;1;0;1;1;0;0;1;1;1;0;1;1;1;0;0;1;0;1;1;1;0;1;0;1;1;1;1;1;0;0;1;1;1;0;1;2;1;1;0;1;1;1;1;0;1;1;0;1;1;0;1;1;0;0;0;1;0;1;0;0;1;0;1;1;1;1;1;1;1;1;1;1;1;1;0;1;1;0;1;1;1;1;1;1;1;1;1;0;1;0;1;1;1;1;0;1;1;1;1;0;1;1;1;1;1;1;0;0;1;1;1;0;0;0;0;1;0;0;0;0;0;1;0;1;0;2;1;1;0;1;1;1;1;1;1;0;0;0,553231534383;0,54744391215;0,861378081233;0,553749920689;0,67412706627;14,3216765565;0;0;0;0
1;1;0;1;0;1;1;1;0;0;1;0;0;1;0;1;1;0;0;1;1;1;0;1;1;1;0;0;1;0;1;1;1;0;1;0;1;1;1;1;1;0;0;1;1;1;0;1;2;1;1;0;1;1;1;1;0;1;1;0;1;1;0;1;1;0;0;0;1;0;1;0;0;1;0;1;1;1;1;1;1;1;1;1;1;1;1;0;1;1;0;1;1;1;1;1;1;1;1;1;0;1;0;1;1;1;1;0;1;1;1;1;0;1;1;1;1;1;1;0;0;1;1;1;0;0;0;0;1;0;0;0;0;0;1;0;1;0;2;1;1;0;1;1;1;1;1;1;0;0;0,553231534383;0,54744391215;0,861378081233;0,553749920689;0,67412706627;14,3216765565;0;0;0;0
1;1;0;1;0;1;1;1;0;0;1;0;0;1;0;1;1;0;0;1;1;1;0;1;1;1;0;0;1;0;1;1;1;0;1;0;1;1;1;1;1;0;0;1;1;1;0;1;2;1;1;0;1;1;1;1;0;1;1;0;1;1;0;1;1;0;0;0;1;0;1;0;0;1;0;1;1;1;1;1;1;1;1;1;1;1;1;0;1;1;0;1;1;1;1;1;1;1;1;1;0;1;0;1;1;1;1;0;1;1;1;1;0;1;1;1;1;1;1;0;0;1;1;1;0;0;0;0;1;0;0;0;0;0;1;0;1;0;2;1;1;0;1;1;1;1;1;1;0;0;0,553231534383;0,54744391215;0,861378081233;0,553749920689;0,67412706627;14,3216765565;0;0;0;0
1;1;0;1;0;1;1;1;0;0;1;0;0;1;0;1;1;0;0;1;1;1;0;1;1;1;0;0;1;0;1;1;1;0;1;0;1;1;1;1;1;0;0;1;1;1;0;1;2;1;1;0;1;1;1;1;0;1;1;0;1;1;0;1;1;0;0;0;1;0;1;0;0;1;0;1;1;1;1;1;1;1;1;1;1;1;1;0;1;1;0;1;1;1;1;1;1;1;1;1;0;1;0;1;1;1;1;0;1;1;1;1;0;1;1;1;1;1;1;0;0;1;1;1;0;0;0;0;1;0;0;0;0;0;1;0;1;0;2;1;1;0;1;1;1;1;1;1;0;0;0,553231534383;0,54744391215;0,861378081233;0,553749920689;0,67412706627;14,3216765565;0;0;0;0
