10;40;30;db;Cosine;2;1
0;0;0;0;0;0;1;1;0;0;1;1;0;1;1;0;0;1;0;0;0;1;0;1;0;0;0;0;0;1;1;0;0;0;0;0;0;1;0;1;1;0;1;0;1;1;0;0;1;1;1;0;0;0;1;0;0;0;0;0;0;0;0;0;1;0;0;0;0;0;0;1;0;1;0;1;0;1;0;0;0;0;0;0;0;0;1;0;0;0;0;0;0;1;0;1;0;0;0;1;0;1;1;0;0;1;0;0;1;1;0;1;1;1;1;0;0;0;0;1;1;0;0;0;0;0;0;0;0;0;0;0;0;0;0;0;0;0;1;1;0;1;0;1;0;1;0;0;1;1;0,519933072445;0,516663219761;0,91069690523;0,519644719873;0,661714418293;46,8168086472;0;0;0;0
0;0;0;0;0;0;1;1;0;0;1;1;0;1;1;0;0;1;0;0;0;1;0;1;0;0;0;0;0;1;1;0;0;0;0;0;0;1;0;1;1;0;1;0;1;1;0;0;1;1;1;0;0;0;1;0;0;0;0;0;0;0;0;0;1;0;0;0;0;0;0;1;0;1;0;1;0;1;0;0;0;0;0;0;0;0;1;0;0;0;0;0;0;1;0;1;0;0;0;1;0;1;1;0;0;1;0;0;1;1;0;1;1;1;1;0;0;0;0;1;1;0;0;0;0;0;0;0;0;0;0;0;0;0;0;0;0;0;1;1;0;1;0;1;0;1;0;0;1;1;0,519933072445;0,516663219761;0,91069690523;0,519644719873;0,661714418293;46,8168086472;0;0;0;0
0;0;0;0;0;0;1;1;0;0;1;1;0;1;1;0;0;1;0;0;0;1;0;1;0;0;0;0;0;1;1;0;0;0;0;0;0;1;0;1;1;0;1;0;1;1;0;0;1;1;1;0;0;0;1;0;0;0;0;0;0;0;0;0;1;0;0;0;0;0;0;1;0;1;0;1;0;1;0;0;0;0;0;0;0;0;1;0;0;0;0;0;0;1;0;1;0;0;0;1;0;1;1;0;0;1;0;0;1;1;0;1;1;1;1;0;0;0;0;1;1;0;0;0;0;0;0;0;0;0;0;0;0;0;0;0;0;0;1;1;0;1;0;1;0;1;0;0;1;1;0,519933072445;0,516663219761;0,91069690523;0,519644719873;0,661714418293;46,8168086472;0;0;0;0
0;0;0;0;0;0;1;1;0;0;1;1;0;1;1;0;0;1;0;0;0;1;0;1;0;0;0;0;0;1;1;0;0;0;0;0;0;1;0;1;1;0;1;0;1;1;0;0;1;1;1;0;0;0;1;0;0;0;0;0;0;0;0;0;1;0;0;0;0;0;0;1;0;1;0;1;0;1;0;0;0;0;0;0;0;0;1;0;0;0;0;0;0;1;0;1;0;0;0;1;0;1;1;0;0;1;0;0;1;1;0;1;1;1;1;0;0;0;0;1;1;0;0;0;0;0;0;0;0;0;0;0;0;0;0;0;0;0;1;1;0;1;0;1;0;1;0;0;1;1;0,519933072445;0,516663219761;0,91069690523;0,519644719873;0,661714418293;46,8168086472;0;0;0;0
1;1;1;1;1;1;0;0;1;1;0;0;1;0;0;1;1;0;1;1;1;0;1;0;1;1;1;1;1;0;0;1;1;1;1;1;1;0;1;0;0;1;0;1;0;0;1;1;0;0;0;1;1;1;0;1;1;1;1;0;1;1;1;1;0;1;1;1;1;1;1;0;1;0;1;0;1;0;1;0;1;1;1;1;1;1;0;1;1;1;1;1;1;0;1;0;1;1;1;0;1;0;0;1;1;0;1;1;0;0;1;0;0;0;0;1;1;1;1;0;0;1;1;1;1;1;1;1;1;1;1;1;0;1;1;1;1;1;0;0;1;0;1;0;1;0;1;1;0;0;0,558371443754;0,550981342634;0,949020443401;0,553749288743;0,699401091591;46,8168086472;0;0;0;0
0;0;0;0;0;0;1;1;0;0;1;1;0;1;1;0;0;1;0;0;0;1;0;1;0;0;0;0;0;1;1;0;0;0;0;0;0;1;0;1;1;0;1;0;1;1;0;0;1;1;1;0;0;0;1;0;0;0;0;0;0;0;0;0;1;0;0;0;0;0;0;1;0;1;0;1;0;1;0;0;0;0;0;0;0;0;1;0;0;0;0;0;0;1;0;1;0;0;0;1;0;1;1;0;0;1;0;0;1;1;0;1;1;1;1;0;0;0;0;1;1;0;0;0;0;0;0;0;0;0;0;0;0;0;0;0;0;0;1;1;0;1;0;1;0;1;0;0;1;1;0,519933072445;0,516663219761;0,91069690523;0,519644719873;0,661714418293;46,8168086472;0;0;0;0
0;0;0;0;0;0;1;1;0;0;1;1;0;1;1;0;0;1;0;0;0;1;0;1;0;0;0;0;0;1;1;0;0;0;0;0;0;1;0;1;1;0;1;0;1;1;0;0;1;1;1;0;0;0;1;0;0;0;0;0;0;0;0;0;1;0;0;0;0;0;0;1;0;1;0;1;0;1;0;0;0;0;0;0;0;0;1;0;0;0;0;0;0;1;0;1;0;0;0;1;0;1;1;0;0;1;0;0;1;1;0;1;1;1;1;0;0;0;0;1;1;0;0;0;0;0;0;0;0;0;0;0;0;0;0;0;0;0;1;1;0;1;0;1;0;1;0;0;1;1;0,519933072445;0,516663219761;0,91069690523;0,519644719873;0,661714418293;46,8168086472;0;0;0;0
0;0;0;0;0;0;1;1;0;0;1;1;0;1;1;0;0;1;0;0;0;1;0;1;0;0;0;0;0;1;1;0;0;0;0;0;0;1;0;1;1;0;1;0;1;1;0;0;1;1;1;0;0;0;1;0;0;0;0;0;0;0;0;0;1;0;0;0;0;0;0;1;0;1;0;1;0;1;0;0;0;0;0;0;0;0;1;0;0;0;0;0;0;1;0;1;0;0;0;1;0;1;1;0;0;1;0;0;1;1;0;1;1;1;1;0;0;0;0;1;1;0;0;0;0;0;0;0;0;0;0;0;0;0;0;0;0;0;1;1;0;1;0;1;0;1;0;0;1;1;0,519933072445;0,516663219761;0,91069690523;0,519644719873;0,661714418293;46,8168086472;0;0;0;0
0;0;0;0;0;0;1;1;0;0;1;1;0;1;1;0;0;1;0;0;0;1;0;1;0;0;0;0;0;1;1;0;0;0;0;0;0;1;0;1;1;0;1;0;1;1;0;0;1;1;1;0;0;0;1;0;0;0;0;0;0;0;0;0;1;0;0;0;0;0;0;1;0;1;0;1;0;1;0;0;0;0;0;0;0;0;1;0;0;0;0;0;0;1;0;1;0;0;0;1;0;1;1;0;0;1;0;0;1;1;0;1;1;1;1;0;0;0;0;1;1;0;0;0;0;0;0;0;0;0;0;0;0;0;0;0;0;0;1;1;0;1;0;1;0;1;0;0;1;1;0,519933072445;0,516663219761;0,91069690523;0,519644719873;0,661714418293;46,8168086472;0;0;0;0
1;1;1;1;1;1;0;0;1;1;0;0;1;0;0;1;1;0;1;1;1;0;1;0;1;1;1;1;1;0;0;1;1;1;1;1;1;0;1;0;0;1;0;1;0;0;1;1;0;0;0;1;1;1;0;1;1;1;1;0;1;1;1;1;0;1;1;1;1;1;1;0;1;0;1;0;1;0;1;0;1;1;1;1;1;1;0;1;1;1;1;1;1;0;1;0;1;1;1;0;1;0;0;1;1;0;1;1;0;0;1;0;0;0;0;1;1;1;1;0;0;1;1;1;1;1;1;1;1;1;1;1;0;1;1;1;1;1;0;0;1;0;1;0;1;0;1;1;0;0;0,558371443754;0,550981342634;0,949020443401;0,553749288743;0,699401091591;46,8168086472;0;0;0;0
0;0;0;0;0;0;1;1;0;0;1;1;0;1;1;0;0;1;0;0;0;1;0;1;0;0;0;0;0;1;1;0;0;0;0;0;0;1;0;1;1;0;1;0;1;1;0;0;1;1;1;0;0;0;1;0;0;0;0;0;0;0;0;0;1;0;0;0;0;0;0;1;0;1;0;1;0;1;0;0;0;0;0;0;0;0;1;0;0;0;0;0;0;1;0;1;0;0;0;1;0;1;1;0;0;1;0;0;1;1;0;1;1;1;1;0;0;0;0;1;1;0;0;0;0;0;0;0;0;0;0;0;0;0;0;0;0;0;1;1;0;1;0;1;0;1;0;0;1;1;0,519933072445;0,516663219761;0,91069690523;0,519644719873;0,661714418293;46,8168086472;0;0;0;0
0;0;0;0;0;0;1;1;0;0;1;1;0;1;1;0;0;1;0;0;0;1;0;1;0;0;0;0;0;1;1;0;0;0;0;0;0;1;0;1;1;0;1;0;1;1;0;0;1;1;1;0;0;0;1;0;0;0;0;0;0;0;0;0;1;0;0;0;0;0;0;1;0;1;0;1;0;1;0;0;0;0;0;0;0;0;1;0;0;0;0;0;0;1;0;1;0;0;0;1;0;1;1;0;0;1;0;0;1;1;0;1;1;1;1;0;0;0;0;1;1;0;0;0;0;0;0;0;0;0;0;0;0;0;0;0;0;0;1;1;0;1;0;1;0;1;0;0;1;1;0,519933072445;0,516663219761;0,91069690523;0,519644719873;0,661714418293;46,8168086472;0;0;0;0
1;1;1;1;1;1;0;0;1;1;0;0;1;0;0;1;1;0;1;1;1;0;1;0;1;1;1;1;1;0;0;1;1;1;1;1;1;0;1;0;0;1;0;1;0;0;1;1;0;0;0;1;1;1;0;1;1;1;1;0;1;1;1;1;0;1;1;1;1;1;1;0;1;0;1;0;1;0;1;0;1;1;1;1;1;1;0;1;1;1;1;1;1;0;1;0;1;1;1;0;1;0;0;1;1;0;1;1;0;0;1;0;0;0;0;1;1;1;1;0;0;1;1;1;1;1;1;1;1;1;1;1;0;1;1;1;1;1;0;0;1;0;1;0;1;0;1;1;0;0;0,558371443754;0,550981342634;0,949020443401;0,553749288743;0,699401091591;46,8168086472;0;0;0;0
0;0;0;0;0;0;1;1;0;0;1;1;0;1;1;0;0;1;0;0;0;1;0;1;0;0;0;0;0;1;1;0;0;0;0;0;0;1;0;1;1;0;1;0;1;1;0;0;1;1;1;0;0;0;1;0;0;0;0;0;0;0;0;0;1;0;0;0;0;0;0;1;0;1;0;1;0;1;0;0;0;0;0;0;0;0;1;0;0;0;0;0;0;1;0;1;0;0;0;1;0;1;1;0;0;1;0;0;1;1;0;1;1;1;1;0;0;0;0;1;1;0;0;0;0;0;0;0;0;0;0;0;0;0;0;0;0;0;1;1;0;1;0;1;0;1;0;0;1;1;0,519933072445;0,516663219761;0,91069690523;0,519644719873;0,661714418293;46,8168086472;0;0;0;0
0;0;0;0;0;0;1;1;0;0;1;1;0;1;1;0;0;1;0;0;0;1;0;1;0;0;0;0;0;1;1;0;0;0;0;0;0;1;0;1;1;0;1;0;1;1;0;0;1;1;1;0;0;0;1;0;0;0;0;0;0;0;0;0;1;0;0;0;0;0;0;1;0;1;0;1;0;1;0;0;0;0;0;0;0;0;1;0;0;0;0;0;0;1;0;1;0;0;0;1;0;1;1;0;0;1;0;0;1;1;0;1;1;1;1;0;0;0;0;1;1;0;0;0;0;0;0;0;0;0;0;0;0;0;0;0;0;0;1;1;0;1;0;1;0;1;0;0;1;1;0,519933072445;0,516663219761;0,91069690523;0,519644719873;0,661714418293;46,8168086472;0;0;0;0
0;0;0;0;0;0;1;1;0;0;1;1;0;1;1;0;0;1;0;0;0;1;0;1;0;0;0;0;0;1;1;0;0;0;0;0;0;1;0;1;1;0;1;0;1;1;0;0;1;1;1;0;0;0;1;0;0;0;0;0;0;0;0;0;1;0;0;0;0;0;0;1;0;1;0;1;0;1;0;0;0;0;0;0;0;0;1;0;0;0;0;0;0;1;0;1;0;0;0;1;0;1;1;0;0;1;0;0;1;1;0;1;1;1;1;0;0;0;0;1;1;0;0;0;0;0;0;0;0;0;0;0;0;0;0;0;0;0;1;1;0;1;0;1;0;1;0;0;1;1;0,519933072445;0,516663219761;0,91069690523;0,519644719873;0,661714418293;46,8168086472;0;0;0;0
0;0;0;0;0;0;1;1;0;0;1;1;0;1;1;0;0;1;0;0;0;1;0;1;0;0;0;0;0;1;1;0;0;0;0;0;0;1;0;1;1;0;1;0;1;1;0;0;1;1;1;0;0;0;1;0;0;0;0;0;0;0;0;0;1;0;0;0;0;0;0;1;0;1;0;1;0;1;0;0;0;0;0;0;0;0;1;0;0;0;0;0;0;1;0;1;0;0;0;1;0;1;1;0;0;1;0;0;1;1;0;1;1;1;1;0;0;0;0;1;1;0;0;0;0;0;0;0;0;0;0;0;0;0;0;0;0;0;1;1;0;1;0;1;0;1;0;0;1;1;0,519933072445;0,516663219761;0,91069690523;0,519644719873;0,661714418293;46,8168086472;0;0;0;0
0;0;0;0;0;0;1;1;0;0;1;1;0;1;1;0;0;1;0;0;0;1;0;1;0;0;0;0;0;1;1;0;0;0;0;0;0;1;0;1;1;0;1;0;1;1;0;0;1;1;1;0;0;0;1;0;0;0;0;0;0;0;0;0;1;0;0;0;0;0;0;1;0;1;0;1;0;1;0;0;0;0;0;0;0;0;1;0;0;0;0;0;0;1;0;1;0;0;0;1;0;1;1;0;0;1;0;0;1;1;0;1;1;1;1;0;0;0;0;1;1;0;0;0;0;0;0;0;0;0;0;0;0;0;0;0;0;0;1;1;0;1;0;1;0;1;0;0;1;1;0,519933072445;0,516663219761;0,91069690523;0,519644719873;0,661714418293;46,8168086472;0;0;0;0
0;0;0;0;0;0;1;1;0;0;1;1;0;1;1;0;0;1;0;0;0;1;0;1;0;0;0;0;0;1;1;0;0;0;0;0;0;1;0;1;1;0;1;0;1;1;0;0;1;1;1;0;0;0;1;0;0;0;0;0;0;0;0;0;1;0;0;0;0;0;0;1;0;1;0;1;0;1;0;0;0;0;0;0;0;0;1;0;0;0;0;0;0;1;0;1;0;0;0;1;0;1;1;0;0;1;0;0;1;1;0;1;1;1;1;0;0;0;0;1;1;0;0;0;0;0;0;0;0;0;0;0;0;0;0;0;0;0;1;1;0;1;0;1;0;1;0;0;1;1;0,519933072445;0,516663219761;0,91069690523;0,519644719873;0,661714418293;46,8168086472;0;0;0;0
0;0;0;0;0;0;1;1;0;0;1;1;0;1;1;0;0;1;0;0;0;1;0;1;0;0;0;0;0;1;1;0;0;0;0;0;0;1;0;1;1;0;1;0;1;1;0;0;1;1;1;0;0;0;1;0;0;0;0;0;0;0;0;0;1;0;0;0;0;0;0;1;0;1;0;1;0;1;0;0;0;0;0;0;0;0;1;0;0;0;0;0;0;1;0;1;0;0;0;1;0;1;1;0;0;1;0;0;1;1;0;1;1;1;1;0;0;0;0;1;1;0;0;0;0;0;0;0;0;0;0;0;0;0;0;0;0;0;1;1;0;1;0;1;0;1;0;0;1;1;0,519933072445;0,516663219761;0,91069690523;0,519644719873;0,661714418293;46,8168086472;0;0;0;0
0;0;0;0;0;0;1;1;0;0;1;1;0;1;1;0;0;1;0;0;0;1;0;1;0;0;0;0;0;1;1;0;0;0;0;0;0;1;0;1;1;0;1;0;1;1;0;0;1;1;1;0;0;0;1;0;0;0;0;0;0;0;0;0;1;0;0;0;0;0;0;1;0;1;0;1;0;1;0;0;0;0;0;0;0;0;1;0;0;0;0;0;0;1;0;1;0;0;0;1;0;1;1;0;0;1;0;0;1;1;0;1;1;1;1;0;0;0;0;1;1;0;0;0;0;0;0;0;0;0;0;0;0;0;0;0;0;0;1;1;0;1;0;1;0;1;0;0;1;1;0,519933072445;0,516663219761;0,91069690523;0,519644719873;0,661714418293;46,8168086472;0;0;0;0
0;0;0;0;0;0;1;1;0;0;1;1;0;1;1;0;0;1;0;0;0;1;0;1;0;0;0;0;0;1;1;0;0;0;0;0;0;1;0;1;1;0;1;0;1;1;0;0;1;1;1;0;0;0;1;0;0;0;0;0;0;0;0;0;1;0;0;0;0;0;0;1;0;1;0;1;0;1;0;0;0;0;0;0;0;0;1;0;0;0;0;0;0;1;0;1;0;0;0;1;0;1;1;0;0;1;0;0;1;1;0;1;1;1;1;0;0;0;0;1;1;0;0;0;0;0;0;0;0;0;0;0;0;0;0;0;0;0;1;1;0;1;0;1;0;1;0;0;1;1;0,519933072445;0,516663219761;0,91069690523;0,519644719873;0,661714418293;46,8168086472;0;0;0;0
0;0;0;0;0;0;1;1;0;0;1;1;0;1;1;0;0;1;0;0;0;1;0;1;0;0;0;0;0;1;1;0;0;0;0;0;0;1;0;1;1;0;1;0;1;1;0;0;1;1;1;0;0;0;1;0;0;0;0;0;0;0;0;0;1;0;0;0;0;0;0;1;0;1;0;1;0;1;0;0;0;0;0;0;0;0;1;0;0;0;0;0;0;1;0;1;0;0;0;1;0;1;1;0;0;1;0;0;1;1;0;1;1;1;1;0;0;0;0;1;1;0;0;0;0;0;0;0;0;0;0;0;0;0;0;0;0;0;1;1;0;1;0;1;0;1;0;0;1;1;0,519933072445;0,516663219761;0,91069690523;0,519644719873;0,661714418293;46,8168086472;0;0;0;0
0;0;0;0;0;0;1;1;0;0;1;1;0;1;1;0;0;1;0;0;0;1;0;1;0;0;0;0;0;1;1;0;0;0;0;0;0;1;0;1;1;0;1;0;1;1;0;0;1;1;1;0;0;0;1;0;0;0;0;0;0;0;0;0;1;0;0;0;0;0;0;1;0;1;0;1;0;1;0;0;0;0;0;0;0;0;1;0;0;0;0;0;0;1;0;1;0;0;0;1;0;1;1;0;0;1;0;0;1;1;0;1;1;1;1;0;0;0;0;1;1;0;0;0;0;0;0;0;0;0;0;0;0;0;0;0;0;0;1;1;0;1;0;1;0;1;0;0;1;1;0,519933072445;0,516663219761;0,91069690523;0,519644719873;0,661714418293;46,8168086472;0;0;0;0
0;0;0;0;0;0;1;1;0;0;1;1;0;1;1;0;0;1;0;0;0;1;0;1;0;0;0;0;0;1;1;0;0;0;0;0;0;1;0;1;1;0;1;0;1;1;0;0;1;1;1;0;0;0;1;0;0;0;0;0;0;0;0;0;1;0;0;0;0;0;0;1;0;1;0;1;0;1;0;0;0;0;0;0;0;0;1;0;0;0;0;0;0;1;0;1;0;0;0;1;0;1;1;0;0;1;0;0;1;1;0;1;1;1;1;0;0;0;0;1;1;0;0;0;0;0;0;0;0;0;0;0;0;0;0;0;0;0;1;1;0;1;0;1;0;1;0;0;1;1;0,519933072445;0,516663219761;0,91069690523;0,519644719873;0,661714418293;46,8168086472;0;0;0;0
0;0;0;0;0;0;1;1;0;0;1;1;0;1;1;0;0;1;0;0;0;1;0;1;0;0;0;0;0;1;1;0;0;0;0;0;0;1;0;1;1;0;1;0;1;1;0;0;1;1;1;0;0;0;1;0;0;0;0;0;0;0;0;0;1;0;0;0;0;0;0;1;0;1;0;1;0;1;0;0;0;0;0;0;0;0;1;0;0;0;0;0;0;1;0;1;0;0;0;1;0;1;1;0;0;1;0;0;1;1;0;1;1;1;1;0;0;0;0;1;1;0;0;0;0;0;0;0;0;0;0;0;0;0;0;0;0;0;1;1;0;1;0;1;0;1;0;0;1;1;0,519933072445;0,516663219761;0,91069690523;0,519644719873;0,661714418293;46,8168086472;0;0;0;0
0;0;0;0;0;0;1;1;0;0;1;1;0;1;1;0;0;1;0;0;0;1;0;1;0;0;0;0;0;1;1;0;0;0;0;0;0;1;0;1;1;0;1;0;1;1;0;0;1;1;1;0;0;0;1;0;0;0;0;0;0;0;0;0;1;0;0;0;0;0;0;1;0;1;0;1;0;1;0;0;0;0;0;0;0;0;1;0;0;0;0;0;0;1;0;1;0;0;0;1;0;1;1;0;0;1;0;0;1;1;0;1;1;1;1;0;0;0;0;1;1;0;0;0;0;0;0;0;0;0;0;0;0;0;0;0;0;0;1;1;0;1;0;1;0;1;0;0;1;1;0,519933072445;0,516663219761;0,91069690523;0,519644719873;0,661714418293;46,8168086472;0;0;0;0
0;0;0;0;0;0;1;1;0;0;1;1;0;1;1;0;0;1;0;0;0;1;0;1;0;0;0;0;0;1;1;0;0;0;0;0;0;1;0;1;1;0;1;0;1;1;0;0;1;1;1;0;0;0;1;0;0;0;0;0;0;0;0;0;1;0;0;0;0;0;0;1;0;1;0;1;0;1;0;0;0;0;0;0;0;0;1;0;0;0;0;0;0;1;0;1;0;0;0;1;0;1;1;0;0;1;0;0;1;1;0;1;1;1;1;0;0;0;0;1;1;0;0;0;0;0;0;0;0;0;0;0;0;0;0;0;0;0;1;1;0;1;0;1;0;1;0;0;1;1;0,519933072445;0,516663219761;0,91069690523;0,519644719873;0,661714418293;46,8168086472;0;0;0;0
0;0;0;0;0;0;1;1;0;0;1;1;0;1;1;0;0;1;0;0;0;1;0;1;0;0;0;0;0;1;1;0;0;0;0;0;0;1;0;1;1;0;1;0;1;1;0;0;1;1;1;0;0;0;1;0;0;0;0;0;0;0;0;0;1;0;0;0;0;0;0;1;0;1;0;1;0;1;0;0;0;0;0;0;0;0;1;0;0;0;0;0;0;1;0;1;0;0;0;1;0;1;1;0;0;1;0;0;1;1;0;1;1;1;1;0;0;0;0;1;1;0;0;0;0;0;0;0;0;0;0;0;0;0;0;0;0;0;1;1;0;1;0;1;0;1;0;0;1;1;0,519933072445;0,516663219761;0,91069690523;0,519644719873;0,661714418293;46,8168086472;0;0;0;0
0;0;0;0;0;0;1;1;0;0;1;1;0;1;1;0;0;1;0;0;0;1;0;1;0;0;0;0;0;1;1;0;0;0;0;0;0;1;0;1;1;0;1;0;1;1;0;0;1;1;1;0;0;0;1;0;0;0;0;0;0;0;0;0;1;0;0;0;0;0;0;1;0;1;0;1;0;1;0;0;0;0;0;0;0;0;1;0;0;0;0;0;0;1;0;1;0;0;0;1;0;1;1;0;0;1;0;0;1;1;0;1;1;1;1;0;0;0;0;1;1;0;0;0;0;0;0;0;0;0;0;0;0;0;0;0;0;0;1;1;0;1;0;1;0;1;0;0;1;1;0,519933072445;0,516663219761;0,91069690523;0,519644719873;0,661714418293;46,8168086472;0;0;0;0
