10;40;30;db;Minkowski_2;4;4
1;3;0;0;3;0;1;0;0;1;0;3;3;2;0;3;3;3;0;0;2;0;0;0;0;3;3;0;0;0;0;0;2;2;2;0;3;3;0;1;0;0;3;3;2;0;3;0;0;3;3;0;0;0;0;3;2;3;0;2;2;3;1;2;0;3;3;0;3;0;3;3;2;3;2;0;2;0;0;0;0;3;0;0;1;0;3;2;0;0;0;3;0;3;3;3;0;0;0;0;3;1;3;0;2;0;0;0;1;0;2;3;1;3;2;0;2;3;0;0;2;3;0;0;3;0;0;1;0;3;0;0;0;0;3;0;3;3;0;0;3;3;2;1;0;3;3;0;3;3;0,502154277722;0,582044320163;0,589469956169;0,63255217519;0,610251636882;1,00240768069;0;0;0;0
1;3;0;0;3;0;1;0;0;1;0;3;3;2;0;3;3;3;0;0;2;0;0;0;0;3;3;0;0;0;0;0;2;2;2;0;3;3;0;1;0;0;3;3;2;0;3;0;0;3;3;0;0;0;0;3;2;3;0;2;2;3;1;2;0;3;3;0;3;0;3;3;2;3;2;0;2;0;0;0;0;3;0;0;1;0;3;2;0;0;0;3;0;3;3;3;0;0;0;0;3;1;3;0;2;0;0;0;1;0;2;3;1;3;2;0;2;3;0;0;2;3;0;0;3;0;0;1;0;3;0;0;0;0;3;0;3;3;0;0;3;3;2;1;0;3;3;0;3;3;0,502154277722;0,582044320163;0,589469956169;0,63255217519;0,610251636882;1,00240768069;0;0;0;0
1;3;0;0;3;0;1;0;0;1;0;3;3;2;0;3;3;3;0;0;2;0;0;0;0;3;3;0;0;0;0;0;2;2;2;0;3;3;0;1;0;0;3;3;2;0;3;0;0;3;3;0;0;0;0;3;2;3;0;2;2;3;1;2;0;3;3;0;3;0;3;3;2;3;2;0;2;0;0;0;0;3;0;0;1;0;3;2;0;0;0;3;0;3;3;3;0;0;0;0;3;1;3;0;2;0;0;0;1;0;2;3;1;3;2;0;2;3;0;0;2;3;0;0;3;0;0;1;0;3;0;0;0;0;3;0;3;3;0;0;3;3;2;1;0;3;3;0;3;3;0,502154277722;0,582044320163;0,589469956169;0,63255217519;0,610251636882;1,00240768069;0;0;0;0
0;1;0;0;1;0;0;0;0;0;0;1;1;0;0;1;1;1;0;0;0;0;0;0;0;1;1;0;0;0;0;0;0;0;0;0;1;1;0;0;0;0;1;1;1;0;1;0;0;1;1;0;0;0;0;1;0;1;0;0;0;1;0;0;0;1;1;0;1;0;1;1;0;1;1;0;0;0;0;0;0;1;0;0;0;0;1;0;0;0;0;1;0;1;1;1;0;0;0;0;1;0;1;0;1;0;0;0;0;0;0;1;0;1;0;0;0;1;0;0;0;1;0;0;1;0;0;0;0;1;0;0;0;0;1;0;1;1;0;0;1;1;1;0;0;1;1;0;1;1;0,485035051142;0,448493041913;0,769268622032;0,451892098371;0,569337689975;1,33989766478;0;0;0;0
0;1;0;0;1;0;0;0;0;0;0;1;1;0;0;1;1;1;0;0;0;0;0;0;0;1;1;0;0;0;0;0;0;0;0;0;1;1;0;0;0;0;1;1;1;0;1;0;0;1;1;0;0;0;0;1;0;1;0;0;0;1;0;0;0;1;1;0;1;0;1;1;0;1;1;0;0;0;0;0;0;1;0;0;0;0;1;0;0;0;0;1;0;1;1;1;0;0;0;0;1;0;1;0;1;0;0;0;0;0;0;1;0;1;0;0;0;1;0;0;0;1;0;0;1;0;0;0;0;1;0;0;0;0;1;0;1;1;0;0;1;1;1;0;0;1;1;0;1;1;0,485035051142;0,448493041913;0,769268622032;0,451892098371;0,569337689975;1,33989766478;0;0;0;0
0;1;0;0;1;0;0;0;0;0;0;1;1;0;0;1;1;1;0;0;0;0;0;0;0;1;1;0;0;0;0;0;0;0;0;0;1;1;0;0;0;0;1;1;0;0;1;0;0;1;1;0;0;0;0;1;0;1;0;0;0;1;0;0;0;1;1;0;1;0;1;1;0;1;0;0;0;0;0;0;0;1;0;0;0;0;1;0;0;0;0;1;0;1;1;1;0;0;0;0;1;0;1;0;0;0;0;0;0;0;0;1;0;1;0;0;0;1;0;0;0;1;0;0;1;0;0;0;0;1;0;0;0;0;1;0;1;0;0;0;1;1;0;0;0;1;1;0;1;1;0,496663829572;0,493946446581;0,878316304317;0,497068867493;0,634852984656;1,48023646906;0;0;0;0
0;1;0;0;1;0;0;0;0;0;0;1;1;0;0;1;1;1;0;0;0;0;0;0;0;1;1;0;0;0;0;0;0;0;0;0;1;1;0;0;0;0;1;1;0;0;1;0;0;1;1;0;0;0;0;1;0;1;0;0;0;1;0;0;0;1;1;0;1;0;1;1;0;1;0;0;0;0;0;0;0;1;0;0;0;0;1;0;0;0;0;1;0;1;1;1;0;0;0;0;1;0;1;0;0;0;0;0;0;0;0;1;0;1;0;0;0;1;0;0;0;1;0;0;1;0;0;0;0;1;0;0;0;0;1;0;1;0;0;0;1;1;0;0;0;1;1;0;1;1;0,496663829572;0,493946446581;0,878316304317;0,497068867493;0,634852984656;1,48023646906;0;0;0;0
0;1;0;0;1;0;0;0;0;0;0;1;1;0;0;1;1;1;0;0;0;0;0;0;0;1;1;0;0;0;0;0;0;0;0;0;1;1;0;0;0;0;1;1;0;0;1;0;0;1;1;0;0;0;0;1;0;1;0;0;0;1;0;0;0;1;1;0;1;0;1;1;0;1;0;0;0;0;0;0;0;1;0;0;0;0;1;0;0;0;0;1;0;1;1;1;0;0;0;0;1;0;1;0;0;0;0;0;0;0;0;1;0;1;0;0;0;1;0;0;0;1;0;0;1;0;0;0;0;1;0;0;0;0;1;0;1;1;0;0;1;1;0;0;0;1;1;0;1;1;0,519933072445;0,516663219761;0,91069690523;0,519644719873;0,661714418293;1,61694162535;0;0;0;0
0;1;0;0;1;0;0;0;0;0;0;1;1;0;0;1;1;1;0;0;0;0;0;0;0;1;1;0;0;0;0;0;0;0;0;0;1;1;0;0;0;0;1;1;0;0;1;0;0;1;1;0;0;0;0;1;0;1;0;0;0;1;0;0;0;1;1;0;1;0;1;1;0;1;0;0;0;0;0;0;0;1;0;0;0;0;1;0;0;0;0;1;0;1;1;1;0;0;0;0;1;0;1;0;0;0;0;0;0;0;0;1;0;1;0;0;0;1;0;0;0;1;0;0;1;0;0;0;0;1;0;0;0;0;1;0;1;1;0;0;1;1;0;0;0;1;1;0;1;1;0,519933072445;0,516663219761;0,91069690523;0,519644719873;0,661714418293;1,61694162535;0;0;0;0
0;1;0;0;1;0;0;0;0;0;0;1;1;0;0;1;1;1;0;0;0;0;0;0;0;1;1;0;0;0;0;0;0;0;0;0;1;1;0;0;0;0;1;1;0;0;1;0;0;1;1;0;0;0;0;1;0;1;0;0;0;1;0;0;0;1;1;0;1;0;1;1;0;1;0;0;0;0;0;0;0;1;0;0;0;0;1;0;0;0;0;1;0;1;1;1;0;0;0;0;1;0;1;0;0;0;0;0;0;0;0;1;0;1;0;0;0;1;0;0;0;1;0;0;1;0;0;0;0;1;0;0;0;0;1;0;1;1;0;0;1;1;0;0;0;1;1;0;1;1;0,519933072445;0,516663219761;0,91069690523;0,519644719873;0,661714418293;1,61694162535;0;0;0;0
0;1;0;0;1;0;0;0;0;0;0;1;1;0;0;1;1;1;0;0;0;0;0;0;0;1;1;0;0;0;0;0;0;0;0;0;1;1;0;0;0;0;1;1;0;0;1;0;0;1;1;0;0;0;0;1;0;1;0;0;0;1;0;0;0;1;1;0;1;0;1;1;0;1;0;0;0;0;0;0;0;1;0;0;0;0;1;0;0;0;0;1;0;1;1;1;0;0;0;0;1;0;1;0;0;0;0;0;0;0;0;1;0;1;0;0;0;1;0;0;0;1;0;0;1;0;0;0;0;1;0;0;0;0;1;0;1;1;0;0;1;1;0;0;0;1;1;0;1;1;0,519933072445;0,516663219761;0,91069690523;0,519644719873;0,661714418293;1,61694162535;0;0;0;0
0;1;0;0;1;0;0;0;0;0;0;1;1;0;0;1;1;1;0;0;0;0;0;0;0;1;1;0;0;0;0;0;0;0;0;0;1;1;0;0;0;0;1;1;0;0;1;0;0;1;1;0;0;0;0;1;0;1;0;0;0;1;0;0;0;1;1;0;1;0;1;1;0;1;0;0;0;0;0;0;0;1;0;0;0;0;1;0;0;0;0;1;0;1;1;1;0;0;0;0;1;0;1;0;0;0;0;0;0;0;0;1;0;1;0;0;0;1;0;0;0;1;0;0;1;0;0;0;0;1;0;0;0;0;1;0;1;1;0;0;1;1;0;0;0;1;1;0;1;1;0,519933072445;0,516663219761;0,91069690523;0,519644719873;0,661714418293;1,61694162535;0;0;0;0
0;1;0;0;1;0;0;0;0;0;0;1;1;0;0;1;1;1;0;0;0;0;0;0;0;1;1;0;0;0;0;0;0;0;0;0;1;1;0;0;0;0;1;1;0;0;1;0;0;1;1;0;0;0;0;1;0;1;0;0;0;1;0;0;0;1;1;0;1;0;1;1;0;1;0;0;0;0;0;0;0;1;0;0;0;0;1;0;0;0;0;1;0;1;1;1;0;0;0;0;1;0;1;0;0;0;0;0;0;0;0;1;0;1;0;0;0;1;0;0;0;1;0;0;1;0;0;0;0;1;0;0;0;0;1;0;1;1;0;0;1;1;0;0;0;1;1;0;1;1;0,519933072445;0,516663219761;0,91069690523;0,519644719873;0,661714418293;1,61694162535;0;0;0;0
0;1;0;0;1;0;0;0;0;0;0;1;1;0;0;1;1;1;0;0;0;0;0;0;0;1;1;0;0;0;0;0;0;0;0;0;1;1;0;0;0;0;1;1;0;0;1;0;0;1;1;0;0;0;0;1;0;1;0;0;0;1;0;0;0;1;1;0;1;0;1;1;0;1;0;0;0;0;0;0;0;1;0;0;0;0;1;0;0;0;0;1;0;1;1;1;0;0;0;0;1;0;1;0;0;0;0;0;0;0;0;1;0;1;0;0;0;1;0;0;0;1;0;0;1;0;0;0;0;1;0;0;0;0;1;0;1;1;0;0;1;1;0;0;0;1;1;0;1;1;0,519933072445;0,516663219761;0,91069690523;0,519644719873;0,661714418293;1,61694162535;0;0;0;0
0;1;0;0;1;0;0;0;0;0;0;1;1;0;0;1;1;1;0;0;0;0;0;0;0;1;1;0;0;0;0;0;0;0;0;0;1;1;0;0;0;0;1;1;0;0;1;0;0;1;1;0;0;0;0;1;0;1;0;0;0;1;0;0;0;1;1;0;1;0;1;1;0;1;0;0;0;0;0;0;0;1;0;0;0;0;1;0;0;0;0;1;0;1;1;1;0;0;0;0;1;0;1;0;0;0;0;0;0;0;0;1;0;1;0;0;0;1;0;0;0;1;0;0;1;0;0;0;0;1;0;0;0;0;1;0;1;1;0;0;1;1;0;0;0;1;1;0;1;1;0,519933072445;0,516663219761;0,91069690523;0,519644719873;0,661714418293;1,61694162535;0;0;0;0
0;1;0;0;1;0;0;0;0;0;0;1;1;0;0;1;1;1;0;0;0;0;0;0;0;1;1;0;0;0;0;0;0;0;0;0;1;1;0;0;0;0;1;1;0;0;1;0;0;1;1;0;0;0;0;1;0;1;0;0;0;1;0;0;0;1;1;0;1;0;1;1;0;1;0;0;0;0;0;0;0;1;0;0;0;0;1;0;0;0;0;1;0;1;1;1;0;0;0;0;1;0;1;0;0;0;0;0;0;0;0;1;0;1;0;0;0;1;0;0;0;1;0;0;1;0;0;0;0;1;0;0;0;0;1;0;1;1;0;0;1;1;0;0;0;1;1;0;1;1;0,519933072445;0,516663219761;0,91069690523;0,519644719873;0,661714418293;1,61694162535;0;0;0;0
0;1;0;0;1;0;0;0;0;0;0;1;1;0;0;1;1;1;0;0;0;0;0;0;0;1;1;0;0;0;0;0;0;0;0;0;1;1;0;0;0;0;1;1;0;0;1;0;0;1;1;0;0;0;0;1;0;1;0;0;0;1;0;0;0;1;1;0;1;0;1;1;0;1;0;0;0;0;0;0;0;1;0;0;0;0;1;0;0;0;0;1;0;1;1;1;0;0;0;0;1;0;1;0;0;0;0;0;0;0;0;1;0;1;0;0;0;1;0;0;0;1;0;0;1;0;0;0;0;1;0;0;0;0;1;0;1;1;0;0;1;1;0;0;0;1;1;0;1;1;0,519933072445;0,516663219761;0,91069690523;0,519644719873;0,661714418293;1,61694162535;0;0;0;0
0;1;0;0;1;0;0;0;0;0;0;1;1;0;0;1;1;1;0;0;0;0;0;0;0;1;1;0;0;0;0;0;0;0;0;0;1;1;0;0;0;0;1;1;0;0;1;0;0;1;1;0;0;0;0;1;0;1;0;0;0;1;0;0;0;1;1;0;1;0;1;1;0;1;0;0;0;0;0;0;0;1;0;0;0;0;1;0;0;0;0;1;0;1;1;1;0;0;0;0;1;0;1;0;0;0;0;0;0;0;0;1;0;1;0;0;0;1;0;0;0;1;0;0;1;0;0;0;0;1;0;0;0;0;1;0;1;1;0;0;1;1;0;0;0;1;1;0;1;1;0,519933072445;0,516663219761;0,91069690523;0,519644719873;0,661714418293;1,61694162535;0;0;0;0
0;1;0;0;1;0;0;0;0;0;0;1;1;0;0;1;1;1;0;0;0;0;0;0;0;1;1;0;0;0;0;0;0;0;0;0;1;1;0;0;0;0;1;1;0;0;1;0;0;1;1;0;0;0;0;1;0;1;0;0;0;1;0;0;0;1;1;0;1;0;1;1;0;1;0;0;0;0;0;0;0;1;0;0;0;0;1;0;0;0;0;1;0;1;1;1;0;0;0;0;1;0;1;0;0;0;0;0;0;0;0;1;0;1;0;0;0;1;0;0;0;1;0;0;1;0;0;0;0;1;0;0;0;0;1;0;1;1;0;0;1;1;0;0;0;1;1;0;1;1;0,519933072445;0,516663219761;0,91069690523;0,519644719873;0,661714418293;1,61694162535;0;0;0;0
0;1;0;0;1;0;0;0;0;0;0;1;1;0;0;1;1;1;0;0;0;0;0;0;0;1;1;0;0;0;0;0;0;0;0;0;1;1;0;0;0;0;1;1;0;0;1;0;0;1;1;0;0;0;0;1;0;1;0;0;0;1;0;0;0;1;1;0;1;0;1;1;0;1;0;0;0;0;0;0;0;1;0;0;0;0;1;0;0;0;0;1;0;1;1;1;0;0;0;0;1;0;1;0;0;0;0;0;0;0;0;1;0;1;0;0;0;1;0;0;0;1;0;0;1;0;0;0;0;1;0;0;0;0;1;0;1;1;0;0;1;1;0;0;0;1;1;0;1;1;0,519933072445;0,516663219761;0,91069690523;0,519644719873;0,661714418293;1,61694162535;0;0;0;0
0;1;0;0;1;0;0;0;0;0;0;1;1;0;0;1;1;1;0;0;0;0;0;0;0;1;1;0;0;0;0;0;0;0;0;0;1;1;0;0;0;0;1;1;0;0;1;0;0;1;1;0;0;0;0;1;0;1;0;0;0;1;0;0;0;1;1;0;1;0;1;1;0;1;0;0;0;0;0;0;0;1;0;0;0;0;1;0;0;0;0;1;0;1;1;1;0;0;0;0;1;0;1;0;0;0;0;0;0;0;0;1;0;1;0;0;0;1;0;0;0;1;0;0;1;0;0;0;0;1;0;0;0;0;1;0;1;1;0;0;1;1;0;0;0;1;1;0;1;1;0,519933072445;0,516663219761;0,91069690523;0,519644719873;0,661714418293;1,61694162535;0;0;0;0
0;1;0;0;1;0;0;0;0;0;0;1;1;0;0;1;1;1;0;0;0;0;0;0;0;1;1;0;0;0;0;0;0;0;0;0;1;1;0;0;0;0;1;1;0;0;1;0;0;1;1;0;0;0;0;1;0;1;0;0;0;1;0;0;0;1;1;0;1;0;1;1;0;1;0;0;0;0;0;0;0;1;0;0;0;0;1;0;0;0;0;1;0;1;1;1;0;0;0;0;1;0;1;0;0;0;0;0;0;0;0;1;0;1;0;0;0;1;0;0;0;1;0;0;1;0;0;0;0;1;0;0;0;0;1;0;1;1;0;0;1;1;0;0;0;1;1;0;1;1;0,519933072445;0,516663219761;0,91069690523;0,519644719873;0,661714418293;1,61694162535;0;0;0;0
0;1;0;0;1;0;0;0;0;0;0;1;1;0;0;1;1;1;0;0;0;0;0;0;0;1;1;0;0;0;0;0;0;0;0;0;1;1;0;0;0;0;1;1;0;0;1;0;0;1;1;0;0;0;0;1;0;1;0;0;0;1;0;0;0;1;1;0;1;0;1;1;0;1;0;0;0;0;0;0;0;1;0;0;0;0;1;0;0;0;0;1;0;1;1;1;0;0;0;0;1;0;1;0;0;0;0;0;0;0;0;1;0;1;0;0;0;1;0;0;0;1;0;0;1;0;0;0;0;1;0;0;0;0;1;0;1;1;0;0;1;1;0;0;0;1;1;0;1;1;0,519933072445;0,516663219761;0,91069690523;0,519644719873;0,661714418293;1,61694162535;0;0;0;0
0;1;0;0;1;0;0;0;0;0;0;1;1;0;0;1;1;1;0;0;0;0;0;0;0;1;1;0;0;0;0;0;0;0;0;0;1;1;0;0;0;0;1;1;0;0;1;0;0;1;1;0;0;0;0;1;0;1;0;0;0;1;0;0;0;1;1;0;1;0;1;1;0;1;0;0;0;0;0;0;0;1;0;0;0;0;1;0;0;0;0;1;0;1;1;1;0;0;0;0;1;0;1;0;0;0;0;0;0;0;0;1;0;1;0;0;0;1;0;0;0;1;0;0;1;0;0;0;0;1;0;0;0;0;1;0;1;1;0;0;1;1;0;0;0;1;1;0;1;1;0,519933072445;0,516663219761;0,91069690523;0,519644719873;0,661714418293;1,61694162535;0;0;0;0
0;1;0;0;1;0;0;0;0;0;0;1;1;0;0;1;1;1;0;0;0;0;0;0;0;1;1;0;0;0;0;0;0;0;0;0;1;1;0;0;0;0;1;1;0;0;1;0;0;1;1;0;0;0;0;1;0;1;0;0;0;1;0;0;0;1;1;0;1;0;1;1;0;1;0;0;0;0;0;0;0;1;0;0;0;0;1;0;0;0;0;1;0;1;1;1;0;0;0;0;1;0;1;0;0;0;0;0;0;0;0;1;0;1;0;0;0;1;0;0;0;1;0;0;1;0;0;0;0;1;0;0;0;0;1;0;1;1;0;0;1;1;0;0;0;1;1;0;1;1;0,519933072445;0,516663219761;0,91069690523;0,519644719873;0,661714418293;1,61694162535;0;0;0;0
0;1;0;0;1;0;0;0;0;0;0;1;1;0;0;1;1;1;0;0;0;0;0;0;0;1;1;0;0;0;0;0;0;0;0;0;1;1;0;0;0;0;1;1;0;0;1;0;0;1;1;0;0;0;0;1;0;1;0;0;0;1;0;0;0;1;1;0;1;0;1;1;0;1;0;0;0;0;0;0;0;1;0;0;0;0;1;0;0;0;0;1;0;1;1;1;0;0;0;0;1;0;1;0;0;0;0;0;0;0;0;1;0;1;0;0;0;1;0;0;0;1;0;0;1;0;0;0;0;1;0;0;0;0;1;0;1;1;0;0;1;1;0;0;0;1;1;0;1;1;0,519933072445;0,516663219761;0,91069690523;0,519644719873;0,661714418293;1,61694162535;0;0;0;0
0;1;0;0;1;0;0;0;0;0;0;1;1;0;0;1;1;1;0;0;0;0;0;0;0;1;1;0;0;0;0;0;0;0;0;0;1;1;0;0;0;0;1;1;0;0;1;0;0;1;1;0;0;0;0;1;0;1;0;0;0;1;0;0;0;1;1;0;1;0;1;1;0;1;0;0;0;0;0;0;0;1;0;0;0;0;1;0;0;0;0;1;0;1;1;1;0;0;0;0;1;0;1;0;0;0;0;0;0;0;0;1;0;1;0;0;0;1;0;0;0;1;0;0;1;0;0;0;0;1;0;0;0;0;1;0;1;1;0;0;1;1;0;0;0;1;1;0;1;1;0,519933072445;0,516663219761;0,91069690523;0,519644719873;0,661714418293;1,61694162535;0;0;0;0
0;1;0;0;1;0;0;0;0;0;0;1;1;0;0;1;1;1;0;0;0;0;0;0;0;1;1;0;0;0;0;0;0;0;0;0;1;1;0;0;0;0;1;1;0;0;1;0;0;1;1;0;0;0;0;1;0;1;0;0;0;1;0;0;0;1;1;0;1;0;1;1;0;1;0;0;0;0;0;0;0;1;0;0;0;0;1;0;0;0;0;1;0;1;1;1;0;0;0;0;1;0;1;0;0;0;0;0;0;0;0;1;0;1;0;0;0;1;0;0;0;1;0;0;1;0;0;0;0;1;0;0;0;0;1;0;1;1;0;0;1;1;0;0;0;1;1;0;1;1;0,519933072445;0,516663219761;0,91069690523;0,519644719873;0,661714418293;1,61694162535;0;0;0;0
0;1;0;0;1;0;0;0;0;0;0;1;1;0;0;1;1;1;0;0;0;0;0;0;0;1;1;0;0;0;0;0;0;0;0;0;1;1;0;0;0;0;1;1;0;0;1;0;0;1;1;0;0;0;0;1;0;1;0;0;0;1;0;0;0;1;1;0;1;0;1;1;0;1;0;0;0;0;0;0;0;1;0;0;0;0;1;0;0;0;0;1;0;1;1;1;0;0;0;0;1;0;1;0;0;0;0;0;0;0;0;1;0;1;0;0;0;1;0;0;0;1;0;0;1;0;0;0;0;1;0;0;0;0;1;0;1;1;0;0;1;1;0;0;0;1;1;0;1;1;0,519933072445;0,516663219761;0,91069690523;0,519644719873;0,661714418293;1,61694162535;0;0;0;0
0;1;0;0;1;0;0;0;0;0;0;1;1;0;0;1;1;1;0;0;0;0;0;0;0;1;1;0;0;0;0;0;0;0;0;0;1;1;0;0;0;0;1;1;0;0;1;0;0;1;1;0;0;0;0;1;0;1;0;0;0;1;0;0;0;1;1;0;1;0;1;1;0;1;0;0;0;0;0;0;0;1;0;0;0;0;1;0;0;0;0;1;0;1;1;1;0;0;0;0;1;0;1;0;0;0;0;0;0;0;0;1;0;1;0;0;0;1;0;0;0;1;0;0;1;0;0;0;0;1;0;0;0;0;1;0;1;1;0;0;1;1;0;0;0;1;1;0;1;1;0,519933072445;0,516663219761;0,91069690523;0,519644719873;0,661714418293;1,61694162535;0;0;0;0
