10;40;30;db;Minkowski_2;1;2
3;1;3;1;3;2;2;3;2;3;3;3;3;3;3;3;3;3;3;3;3;2;3;2;2;3;3;3;3;3;2;3;3;3;1;2;3;3;3;3;2;1;3;3;3;3;3;3;2;3;2;3;1;3;3;3;3;2;2;3;0;2;2;3;3;3;3;2;2;2;3;0;3;2;3;3;2;3;0;2;3;3;3;3;3;3;3;3;2;3;2;3;3;2;2;3;2;3;2;2;3;3;2;3;3;3;3;2;2;2;3;3;2;2;0;2;2;3;3;2;3;3;3;3;3;0;3;3;3;3;0;3;3;3;2;3;2;3;2;3;3;3;3;2;3;1;3;3;3;2;0,48743665029;0,564550869049;0,700442772363;0,573535586026;0,63066825787;1,35381619786;0;0;0;0
3;1;3;1;3;2;2;3;2;3;3;3;3;3;3;3;3;3;3;3;3;2;3;2;2;3;3;3;3;3;2;3;3;3;1;2;3;3;3;3;2;1;3;3;3;3;3;3;2;3;2;3;1;3;3;3;3;2;2;3;0;2;2;3;3;3;3;2;2;2;3;0;3;2;3;3;2;3;0;2;3;3;3;3;3;3;3;3;2;3;2;3;3;2;2;3;2;3;2;2;3;3;2;3;3;3;3;2;2;2;3;3;2;2;0;2;2;3;3;2;3;3;3;3;3;0;3;3;3;3;0;3;3;3;2;3;2;3;2;3;3;3;3;2;3;1;3;3;3;2;0,48743665029;0,564550869049;0,700442772363;0,573535586026;0,63066825787;1,35381619786;0;0;0;0
1;0;1;0;1;0;0;1;0;1;1;1;1;1;1;1;1;1;1;1;1;0;1;0;0;1;1;1;1;1;0;1;1;1;0;0;1;1;1;1;0;0;1;1;1;1;1;1;0;1;0;1;0;1;1;1;1;0;0;1;1;0;0;1;1;1;1;0;0;0;1;1;1;0;1;1;0;1;0;0;1;1;1;1;1;1;1;1;0;1;0;1;1;0;0;1;0;1;0;0;1;1;0;1;1;1;1;0;0;0;1;1;0;0;0;0;0;1;1;0;1;1;1;1;1;0;1;1;1;1;1;1;1;1;0;1;0;1;0;1;1;1;1;0;1;0;1;1;1;0;0,558371443754;0,550981342634;0,949020443401;0,553749288743;0,699401091591;2,05041640592;0;0;0;0
1;0;1;0;1;0;0;1;0;1;1;1;1;1;1;1;1;1;1;1;1;0;1;0;0;1;1;1;1;1;0;1;1;1;0;0;1;1;1;1;0;0;1;1;1;1;1;1;0;1;0;1;0;1;1;1;1;0;0;1;1;0;0;1;1;1;1;0;0;0;1;1;1;0;1;1;0;1;0;0;1;1;1;1;1;1;1;1;0;1;0;1;1;0;0;1;0;1;0;0;1;1;0;1;1;1;1;0;0;0;1;1;0;0;0;0;0;1;1;0;1;1;1;1;1;0;1;1;1;1;1;1;1;1;0;1;0;1;0;1;1;1;1;0;1;0;1;1;1;0;0,558371443754;0,550981342634;0,949020443401;0,553749288743;0,699401091591;2,05041640592;0;0;0;0
1;0;1;0;1;0;0;1;0;1;1;1;1;1;1;1;1;1;1;1;1;0;1;0;0;1;1;1;1;1;0;1;1;1;0;0;1;1;1;1;0;0;1;1;1;1;1;1;0;1;0;1;0;1;1;1;1;0;0;1;1;0;0;1;1;1;1;0;0;0;1;1;1;0;1;1;0;1;0;0;1;1;1;1;1;1;1;1;0;1;0;1;1;0;0;1;0;1;0;0;1;1;0;1;1;1;1;0;0;0;1;1;0;0;0;0;0;1;1;0;1;1;1;1;1;0;1;1;1;1;1;1;1;1;0;1;0;1;0;1;1;1;1;0;1;0;1;1;1;0;0,558371443754;0,550981342634;0,949020443401;0,553749288743;0,699401091591;2,05041640592;0;0;0;0
1;0;1;0;1;0;0;1;0;1;1;1;1;1;1;1;1;1;1;1;1;0;1;0;0;1;1;1;1;1;0;1;1;1;0;0;1;1;1;1;0;0;1;1;1;1;1;1;0;1;0;1;0;1;1;1;1;0;0;1;1;0;0;1;1;1;1;0;0;0;1;1;1;0;1;1;0;1;0;0;1;1;1;1;1;1;1;1;0;1;0;1;1;0;0;1;0;1;0;0;1;1;0;1;1;1;1;0;0;0;1;1;0;0;0;0;0;1;1;0;1;1;1;1;1;0;1;1;1;1;1;1;1;1;0;1;0;1;0;1;1;1;1;0;1;0;1;1;1;0;0,558371443754;0,550981342634;0,949020443401;0,553749288743;0,699401091591;2,05041640592;0;0;0;0
1;0;1;0;1;0;0;1;0;1;1;1;1;1;1;1;1;1;1;1;1;0;1;0;0;1;1;1;1;1;0;1;1;1;0;0;1;1;1;1;0;0;1;1;1;1;1;1;0;1;0;1;0;1;1;1;1;0;0;1;1;0;0;1;1;1;1;0;0;0;1;1;1;0;1;1;0;1;0;0;1;1;1;1;1;1;1;1;0;1;0;1;1;0;0;1;0;1;0;0;1;1;0;1;1;1;1;0;0;0;1;1;0;0;0;0;0;1;1;0;1;1;1;1;1;0;1;1;1;1;1;1;1;1;0;1;0;1;0;1;1;1;1;0;1;0;1;1;1;0;0,558371443754;0,550981342634;0,949020443401;0,553749288743;0,699401091591;2,05041640592;0;0;0;0
1;0;1;0;1;0;0;1;0;1;1;1;1;1;1;1;1;1;1;1;1;0;1;0;0;1;1;1;1;1;0;1;1;1;0;0;1;1;1;1;0;0;1;1;1;1;1;1;0;1;0;1;0;1;1;1;1;0;0;1;1;0;0;1;1;1;1;0;0;0;1;1;1;0;1;1;0;1;0;0;1;1;1;1;1;1;1;1;0;1;0;1;1;0;0;1;0;1;0;0;1;1;0;1;1;1;1;0;0;0;1;1;0;0;0;0;0;1;1;0;1;1;1;1;1;0;1;1;1;1;1;1;1;1;0;1;0;1;0;1;1;1;1;0;1;0;1;1;1;0;0,558371443754;0,550981342634;0,949020443401;0,553749288743;0,699401091591;2,05041640592;0;0;0;0
1;0;1;0;1;0;0;1;0;1;1;1;1;1;1;1;1;1;1;1;1;0;1;0;0;1;1;1;1;1;0;1;1;1;0;0;1;1;1;1;0;0;1;1;1;1;1;1;0;1;0;1;0;1;1;1;1;0;0;1;1;0;0;1;1;1;1;0;0;0;1;1;1;0;1;1;0;1;0;0;1;1;1;1;1;1;1;1;0;1;0;1;1;0;0;1;0;1;0;0;1;1;0;1;1;1;1;0;0;0;1;1;0;0;0;0;0;1;1;0;1;1;1;1;1;0;1;1;1;1;1;1;1;1;0;1;0;1;0;1;1;1;1;0;1;0;1;1;1;0;0,558371443754;0,550981342634;0,949020443401;0,553749288743;0,699401091591;2,05041640592;0;0;0;0
1;0;1;0;1;0;0;1;0;1;1;1;1;1;1;1;1;1;1;1;1;0;1;0;0;1;1;1;1;1;0;1;1;1;0;0;1;1;1;1;0;0;1;1;1;1;1;1;0;1;0;1;0;1;1;1;1;0;0;1;1;0;0;1;1;1;1;0;0;0;1;1;1;0;1;1;0;1;0;0;1;1;1;1;1;1;1;1;0;1;0;1;1;0;0;1;0;1;0;0;1;1;0;1;1;1;1;0;0;0;1;1;0;0;0;0;0;1;1;0;1;1;1;1;1;0;1;1;1;1;1;1;1;1;0;1;0;1;0;1;1;1;1;0;1;0;1;1;1;0;0,558371443754;0,550981342634;0,949020443401;0,553749288743;0,699401091591;2,05041640592;0;0;0;0
1;0;1;0;1;0;0;1;0;1;1;1;1;1;1;1;1;1;1;1;1;0;1;0;0;1;1;1;1;1;0;1;1;1;0;0;1;1;1;1;0;0;1;1;1;1;1;1;0;1;0;1;0;1;1;1;1;0;0;1;1;0;0;1;1;1;1;0;0;0;1;1;1;0;1;1;0;1;0;0;1;1;1;1;1;1;1;1;0;1;0;1;1;0;0;1;0;1;0;0;1;1;0;1;1;1;1;0;0;0;1;1;0;0;0;0;0;1;1;0;1;1;1;1;1;0;1;1;1;1;1;1;1;1;0;1;0;1;0;1;1;1;1;0;1;0;1;1;1;0;0,558371443754;0,550981342634;0,949020443401;0,553749288743;0,699401091591;2,05041640592;0;0;0;0
1;0;1;0;1;0;0;1;0;1;1;1;1;1;1;1;1;1;1;1;1;0;1;0;0;1;1;1;1;1;0;1;1;1;0;0;1;1;1;1;0;0;1;1;1;1;1;1;0;1;0;1;0;1;1;1;1;0;0;1;1;0;0;1;1;1;1;0;0;0;1;1;1;0;1;1;0;1;0;0;1;1;1;1;1;1;1;1;0;1;0;1;1;0;0;1;0;1;0;0;1;1;0;1;1;1;1;0;0;0;1;1;0;0;0;0;0;1;1;0;1;1;1;1;1;0;1;1;1;1;1;1;1;1;0;1;0;1;0;1;1;1;1;0;1;0;1;1;1;0;0,558371443754;0,550981342634;0,949020443401;0,553749288743;0,699401091591;2,05041640592;0;0;0;0
1;0;1;0;1;0;0;1;0;1;1;1;1;1;1;1;1;1;1;1;1;0;1;0;0;1;1;1;1;1;0;1;1;1;0;0;1;1;1;1;0;0;1;1;1;1;1;1;0;1;0;1;0;1;1;1;1;0;0;1;1;0;0;1;1;1;1;0;0;0;1;1;1;0;1;1;0;1;0;0;1;1;1;1;1;1;1;1;0;1;0;1;1;0;0;1;0;1;0;0;1;1;0;1;1;1;1;0;0;0;1;1;0;0;0;0;0;1;1;0;1;1;1;1;1;0;1;1;1;1;1;1;1;1;0;1;0;1;0;1;1;1;1;0;1;0;1;1;1;0;0,558371443754;0,550981342634;0,949020443401;0,553749288743;0,699401091591;2,05041640592;0;0;0;0
1;0;1;0;1;0;0;1;0;1;1;1;1;1;1;1;1;1;1;1;1;0;1;0;0;1;1;1;1;1;0;1;1;1;0;0;1;1;1;1;0;0;1;1;1;1;1;1;0;1;0;1;0;1;1;1;1;0;0;1;1;0;0;1;1;1;1;0;0;0;1;1;1;0;1;1;0;1;0;0;1;1;1;1;1;1;1;1;0;1;0;1;1;0;0;1;0;1;0;0;1;1;0;1;1;1;1;0;0;0;1;1;0;0;0;0;0;1;1;0;1;1;1;1;1;0;1;1;1;1;1;1;1;1;0;1;0;1;0;1;1;1;1;0;1;0;1;1;1;0;0,558371443754;0,550981342634;0,949020443401;0,553749288743;0,699401091591;2,05041640592;0;0;0;0
1;0;1;0;1;0;0;1;0;1;1;1;1;1;1;1;1;1;1;1;1;0;1;0;0;1;1;1;1;1;0;1;1;1;0;0;1;1;1;1;0;0;1;1;1;1;1;1;0;1;0;1;0;1;1;1;1;0;0;1;1;0;0;1;1;1;1;0;0;0;1;1;1;0;1;1;0;1;0;0;1;1;1;1;1;1;1;1;0;1;0;1;1;0;0;1;0;1;0;0;1;1;0;1;1;1;1;0;0;0;1;1;0;0;0;0;0;1;1;0;1;1;1;1;1;0;1;1;1;1;1;1;1;1;0;1;0;1;0;1;1;1;1;0;1;0;1;1;1;0;0,558371443754;0,550981342634;0,949020443401;0,553749288743;0,699401091591;2,05041640592;0;0;0;0
1;0;1;0;1;0;0;1;0;1;1;1;1;1;1;1;1;1;1;1;1;0;1;0;0;1;1;1;1;1;0;1;1;1;0;0;1;1;1;1;0;0;1;1;1;1;1;1;0;1;0;1;0;1;1;1;1;0;0;1;1;0;0;1;1;1;1;0;0;0;1;1;1;0;1;1;0;1;0;0;1;1;1;1;1;1;1;1;0;1;0;1;1;0;0;1;0;1;0;0;1;1;0;1;1;1;1;0;0;0;1;1;0;0;0;0;0;1;1;0;1;1;1;1;1;0;1;1;1;1;1;1;1;1;0;1;0;1;0;1;1;1;1;0;1;0;1;1;1;0;0,558371443754;0,550981342634;0,949020443401;0,553749288743;0,699401091591;2,05041640592;0;0;0;0
1;0;1;0;1;0;0;1;0;1;1;1;1;1;1;1;1;1;1;1;1;0;1;0;0;1;1;1;1;1;0;1;1;1;0;0;1;1;1;1;0;0;1;1;1;1;1;1;0;1;0;1;0;1;1;1;1;0;0;1;1;0;0;1;1;1;1;0;0;0;1;1;1;0;1;1;0;1;0;0;1;1;1;1;1;1;1;1;0;1;0;1;1;0;0;1;0;1;0;0;1;1;0;1;1;1;1;0;0;0;1;1;0;0;0;0;0;1;1;0;1;1;1;1;1;0;1;1;1;1;1;1;1;1;0;1;0;1;0;1;1;1;1;0;1;0;1;1;1;0;0,558371443754;0,550981342634;0,949020443401;0,553749288743;0,699401091591;2,05041640592;0;0;0;0
1;0;1;0;1;0;0;1;0;1;1;1;1;1;1;1;1;1;1;1;1;0;1;0;0;1;1;1;1;1;0;1;1;1;0;0;1;1;1;1;0;0;1;1;1;1;1;1;0;1;0;1;0;1;1;1;1;0;0;1;1;0;0;1;1;1;1;0;0;0;1;1;1;0;1;1;0;1;0;0;1;1;1;1;1;1;1;1;0;1;0;1;1;0;0;1;0;1;0;0;1;1;0;1;1;1;1;0;0;0;1;1;0;0;0;0;0;1;1;0;1;1;1;1;1;0;1;1;1;1;1;1;1;1;0;1;0;1;0;1;1;1;1;0;1;0;1;1;1;0;0,558371443754;0,550981342634;0,949020443401;0,553749288743;0,699401091591;2,05041640592;0;0;0;0
1;0;1;0;1;0;0;1;0;1;1;1;1;1;1;1;1;1;1;1;1;0;1;0;0;1;1;1;1;1;0;1;1;1;0;0;1;1;1;1;0;0;1;1;1;1;1;1;0;1;0;1;0;1;1;1;1;0;0;1;1;0;0;1;1;1;1;0;0;0;1;1;1;0;1;1;0;1;0;0;1;1;1;1;1;1;1;1;0;1;0;1;1;0;0;1;0;1;0;0;1;1;0;1;1;1;1;0;0;0;1;1;0;0;0;0;0;1;1;0;1;1;1;1;1;0;1;1;1;1;1;1;1;1;0;1;0;1;0;1;1;1;1;0;1;0;1;1;1;0;0,558371443754;0,550981342634;0,949020443401;0,553749288743;0,699401091591;2,05041640592;0;0;0;0
1;0;1;0;1;0;0;1;0;1;1;1;1;1;1;1;1;1;1;1;1;0;1;0;0;1;1;1;1;1;0;1;1;1;0;0;1;1;1;1;0;0;1;1;1;1;1;1;0;1;0;1;0;1;1;1;1;0;0;1;1;0;0;1;1;1;1;0;0;0;1;1;1;0;1;1;0;1;0;0;1;1;1;1;1;1;1;1;0;1;0;1;1;0;0;1;0;1;0;0;1;1;0;1;1;1;1;0;0;0;1;1;0;0;0;0;0;1;1;0;1;1;1;1;1;0;1;1;1;1;1;1;1;1;0;1;0;1;0;1;1;1;1;0;1;0;1;1;1;0;0,558371443754;0,550981342634;0,949020443401;0,553749288743;0,699401091591;2,05041640592;0;0;0;0
1;0;1;0;1;0;0;1;0;1;1;1;1;1;1;1;1;1;1;1;1;0;1;0;0;1;1;1;1;1;0;1;1;1;0;0;1;1;1;1;0;0;1;1;1;1;1;1;0;1;0;1;0;1;1;1;1;0;0;1;1;0;0;1;1;1;1;0;0;0;1;1;1;0;1;1;0;1;0;0;1;1;1;1;1;1;1;1;0;1;0;1;1;0;0;1;0;1;0;0;1;1;0;1;1;1;1;0;0;0;1;1;0;0;0;0;0;1;1;0;1;1;1;1;1;0;1;1;1;1;1;1;1;1;0;1;0;1;0;1;1;1;1;0;1;0;1;1;1;0;0,558371443754;0,550981342634;0,949020443401;0,553749288743;0,699401091591;2,05041640592;0;0;0;0
1;0;1;0;1;0;0;1;0;1;1;1;1;1;1;1;1;1;1;1;1;0;1;0;0;1;1;1;1;1;0;1;1;1;0;0;1;1;1;1;0;0;1;1;1;1;1;1;0;1;0;1;0;1;1;1;1;0;0;1;1;0;0;1;1;1;1;0;0;0;1;1;1;0;1;1;0;1;0;0;1;1;1;1;1;1;1;1;0;1;0;1;1;0;0;1;0;1;0;0;1;1;0;1;1;1;1;0;0;0;1;1;0;0;0;0;0;1;1;0;1;1;1;1;1;0;1;1;1;1;1;1;1;1;0;1;0;1;0;1;1;1;1;0;1;0;1;1;1;0;0,558371443754;0,550981342634;0,949020443401;0,553749288743;0,699401091591;2,05041640592;0;0;0;0
1;0;1;0;1;0;0;1;0;1;1;1;1;1;1;1;1;1;1;1;1;0;1;0;0;1;1;1;1;1;0;1;1;1;0;0;1;1;1;1;0;0;1;1;1;1;1;1;0;1;0;1;0;1;1;1;1;0;0;1;1;0;0;1;1;1;1;0;0;0;1;1;1;0;1;1;0;1;0;0;1;1;1;1;1;1;1;1;0;1;0;1;1;0;0;1;0;1;0;0;1;1;0;1;1;1;1;0;0;0;1;1;0;0;0;0;0;1;1;0;1;1;1;1;1;0;1;1;1;1;1;1;1;1;0;1;0;1;0;1;1;1;1;0;1;0;1;1;1;0;0,558371443754;0,550981342634;0,949020443401;0,553749288743;0,699401091591;2,05041640592;0;0;0;0
1;0;1;0;1;0;0;1;0;1;1;1;1;1;1;1;1;1;1;1;1;0;1;0;0;1;1;1;1;1;0;1;1;1;0;0;1;1;1;1;0;0;1;1;1;1;1;1;0;1;0;1;0;1;1;1;1;0;0;1;1;0;0;1;1;1;1;0;0;0;1;1;1;0;1;1;0;1;0;0;1;1;1;1;1;1;1;1;0;1;0;1;1;0;0;1;0;1;0;0;1;1;0;1;1;1;1;0;0;0;1;1;0;0;0;0;0;1;1;0;1;1;1;1;1;0;1;1;1;1;1;1;1;1;0;1;0;1;0;1;1;1;1;0;1;0;1;1;1;0;0,558371443754;0,550981342634;0,949020443401;0,553749288743;0,699401091591;2,05041640592;0;0;0;0
1;0;1;0;1;0;0;1;0;1;1;1;1;1;1;1;1;1;1;1;1;0;1;0;0;1;1;1;1;1;0;1;1;1;0;0;1;1;1;1;0;0;1;1;1;1;1;1;0;1;0;1;0;1;1;1;1;0;0;1;1;0;0;1;1;1;1;0;0;0;1;1;1;0;1;1;0;1;0;0;1;1;1;1;1;1;1;1;0;1;0;1;1;0;0;1;0;1;0;0;1;1;0;1;1;1;1;0;0;0;1;1;0;0;0;0;0;1;1;0;1;1;1;1;1;0;1;1;1;1;1;1;1;1;0;1;0;1;0;1;1;1;1;0;1;0;1;1;1;0;0,558371443754;0,550981342634;0,949020443401;0,553749288743;0,699401091591;2,05041640592;0;0;0;0
1;0;1;0;1;0;0;1;0;1;1;1;1;1;1;1;1;1;1;1;1;0;1;0;0;1;1;1;1;1;0;1;1;1;0;0;1;1;1;1;0;0;1;1;1;1;1;1;0;1;0;1;0;1;1;1;1;0;0;1;1;0;0;1;1;1;1;0;0;0;1;1;1;0;1;1;0;1;0;0;1;1;1;1;1;1;1;1;0;1;0;1;1;0;0;1;0;1;0;0;1;1;0;1;1;1;1;0;0;0;1;1;0;0;0;0;0;1;1;0;1;1;1;1;1;0;1;1;1;1;1;1;1;1;0;1;0;1;0;1;1;1;1;0;1;0;1;1;1;0;0,558371443754;0,550981342634;0,949020443401;0,553749288743;0,699401091591;2,05041640592;0;0;0;0
1;0;1;0;1;0;0;1;0;1;1;1;1;1;1;1;1;1;1;1;1;0;1;0;0;1;1;1;1;1;0;1;1;1;0;0;1;1;1;1;0;0;1;1;1;1;1;1;0;1;0;1;0;1;1;1;1;0;0;1;1;0;0;1;1;1;1;0;0;0;1;1;1;0;1;1;0;1;0;0;1;1;1;1;1;1;1;1;0;1;0;1;1;0;0;1;0;1;0;0;1;1;0;1;1;1;1;0;0;0;1;1;0;0;0;0;0;1;1;0;1;1;1;1;1;0;1;1;1;1;1;1;1;1;0;1;0;1;0;1;1;1;1;0;1;0;1;1;1;0;0,558371443754;0,550981342634;0,949020443401;0,553749288743;0,699401091591;2,05041640592;0;0;0;0
1;0;1;0;1;0;0;1;0;1;1;1;1;1;1;1;1;1;1;1;1;0;1;0;0;1;1;1;1;1;0;1;1;1;0;0;1;1;1;1;0;0;1;1;1;1;1;1;0;1;0;1;0;1;1;1;1;0;0;1;1;0;0;1;1;1;1;0;0;0;1;1;1;0;1;1;0;1;0;0;1;1;1;1;1;1;1;1;0;1;0;1;1;0;0;1;0;1;0;0;1;1;0;1;1;1;1;0;0;0;1;1;0;0;0;0;0;1;1;0;1;1;1;1;1;0;1;1;1;1;1;1;1;1;0;1;0;1;0;1;1;1;1;0;1;0;1;1;1;0;0,558371443754;0,550981342634;0,949020443401;0,553749288743;0,699401091591;2,05041640592;0;0;0;0
1;0;1;0;1;0;0;1;0;1;1;1;1;1;1;1;1;1;1;1;1;0;1;0;0;1;1;1;1;1;0;1;1;1;0;0;1;1;1;1;0;0;1;1;1;1;1;1;0;1;0;1;0;1;1;1;1;0;0;1;1;0;0;1;1;1;1;0;0;0;1;1;1;0;1;1;0;1;0;0;1;1;1;1;1;1;1;1;0;1;0;1;1;0;0;1;0;1;0;0;1;1;0;1;1;1;1;0;0;0;1;1;0;0;0;0;0;1;1;0;1;1;1;1;1;0;1;1;1;1;1;1;1;1;0;1;0;1;0;1;1;1;1;0;1;0;1;1;1;0;0,558371443754;0,550981342634;0,949020443401;0,553749288743;0,699401091591;2,05041640592;0;0;0;0
1;0;1;0;1;0;0;1;0;1;1;1;1;1;1;1;1;1;1;1;1;0;1;0;0;1;1;1;1;1;0;1;1;1;0;0;1;1;1;1;0;0;1;1;1;1;1;1;0;1;0;1;0;1;1;1;1;0;0;1;1;0;0;1;1;1;1;0;0;0;1;1;1;0;1;1;0;1;0;0;1;1;1;1;1;1;1;1;0;1;0;1;1;0;0;1;0;1;0;0;1;1;0;1;1;1;1;0;0;0;1;1;0;0;0;0;0;1;1;0;1;1;1;1;1;0;1;1;1;1;1;1;1;1;0;1;0;1;0;1;1;1;1;0;1;0;1;1;1;0;0,558371443754;0,550981342634;0,949020443401;0,553749288743;0,699401091591;2,05041640592;0;0;0;0
