10;40;30;cs;Minkowski_2;1;1
0;0;0;3;0;0;3;0;0;3;0;0;3;0;3;0;0;0;3;0;3;0;0;3;1;0;3;3;0;0;3;3;0;3;3;0;0;3;3;0;3;3;3;0;2;3;0;0;0;0;3;0;0;0;3;3;3;0;0;3;0;0;0;3;3;0;0;0;0;0;0;3;2;0;3;3;0;3;0;2;0;0;0;0;0;0;2;0;0;0;3;3;0;0;0;2;0;3;3;0;3;0;0;3;3;1;2;0;3;0;3;3;0;2;3;0;3;0;3;2;0;2;2;0;0;0;0;0;0;0;3;0;0;2;3;3;0;0;0;0;2;0;0;0;0;0;3;0;0;0;0,509851346442;0,575185185389;0,68450301808;0,583878538243;0,630199358587;1,26828952023;0;0;0;0
0;0;0;3;0;0;3;0;0;3;0;0;3;0;3;0;0;0;3;0;3;0;0;3;1;0;3;3;0;0;3;3;0;3;3;0;0;3;3;0;3;3;3;0;2;3;0;0;0;0;3;0;0;0;3;3;3;0;0;3;0;0;0;3;3;0;0;0;0;0;0;3;2;0;3;3;0;3;0;2;0;0;0;0;0;0;2;0;0;0;3;3;0;0;0;2;0;3;3;0;3;0;0;3;3;1;2;0;3;0;3;3;0;2;3;0;3;0;3;2;0;2;2;0;0;0;0;0;0;0;3;0;0;2;3;3;0;0;0;0;2;0;0;0;0;0;3;0;0;0;0,509851346442;0,575185185389;0,68450301808;0,583878538243;0,630199358587;1,26828952023;0;0;0;0
0;0;0;3;0;0;3;0;0;3;0;0;3;0;3;0;0;0;3;0;3;0;0;3;1;0;3;3;0;0;3;3;0;3;3;0;0;3;3;0;3;3;3;0;2;3;0;0;0;0;3;0;0;0;3;3;3;0;0;3;0;0;0;3;3;0;0;0;0;0;0;3;2;0;3;3;0;3;0;2;0;0;0;0;0;0;2;0;0;0;3;3;0;0;0;2;0;3;3;0;3;0;0;3;3;1;2;0;3;0;3;3;0;2;3;0;3;0;3;2;0;2;2;0;0;0;0;0;0;0;3;0;0;2;3;3;0;0;0;0;2;0;0;0;0;0;3;0;0;0;0,509851346442;0,575185185389;0,68450301808;0,583878538243;0,630199358587;1,26828952023;0;0;0;0
2;0;2;3;0;0;3;0;0;3;0;0;3;0;3;2;0;0;3;0;3;0;2;3;1;0;3;3;0;0;3;3;0;3;3;0;0;3;3;0;3;3;3;2;2;3;0;0;0;0;3;2;2;0;3;3;3;2;2;3;0;0;0;3;3;0;2;2;0;2;2;3;2;0;3;3;0;3;0;2;2;2;0;0;0;0;2;0;0;0;3;3;0;2;0;2;2;3;3;2;3;0;0;3;3;1;2;0;3;2;3;3;0;2;3;0;3;0;3;2;0;2;2;0;0;0;2;2;0;2;3;2;0;2;3;3;2;2;2;0;2;0;0;2;2;0;3;0;0;0;0,75923417174;0,750891132962;0,755721256175;0,784996155094;0,770080582048;1,29680269902;0;0;0;0
2;0;2;3;0;0;3;0;0;3;0;0;3;0;3;2;0;0;3;0;3;0;2;3;1;0;3;3;0;0;3;3;0;3;3;0;0;3;3;0;3;3;3;2;2;3;0;0;0;0;3;2;2;0;3;3;3;2;2;3;0;0;0;3;3;0;2;2;0;2;2;3;2;0;3;3;0;3;0;2;2;2;0;0;0;0;2;0;0;0;3;3;0;2;0;2;2;3;3;2;3;0;0;3;3;1;2;0;3;2;3;3;0;2;3;0;3;0;3;2;0;2;2;0;0;0;2;2;0;2;3;2;0;2;3;3;2;2;2;0;2;0;0;2;2;0;3;0;0;0;0,75923417174;0,750891132962;0,755721256175;0,784996155094;0,770080582048;1,29680269902;0;0;0;0
2;0;2;1;2;2;1;2;2;1;2;2;1;2;1;2;2;2;1;2;1;2;2;1;0;2;1;1;2;2;1;1;2;1;1;2;2;1;1;0;1;1;1;2;2;1;2;2;2;0;1;2;2;2;1;1;1;2;2;1;2;2;2;1;1;2;2;2;0;2;2;1;2;2;1;1;2;1;2;2;2;2;2;2;2;2;2;2;2;2;1;1;0;2;2;2;2;1;1;2;1;2;2;1;1;0;2;2;1;2;1;1;2;2;1;2;1;2;1;2;2;2;2;2;2;2;2;2;2;2;1;2;2;2;1;1;2;2;2;2;2;2;2;2;2;2;1;2;0;0;0,537533464951;0,576012792543;0,769862769599;0,581494132068;0,662549889621;1,36278235162;0;0;0;0
2;0;2;1;2;2;1;2;2;1;2;2;1;2;1;2;2;2;1;2;1;2;2;1;0;2;1;1;2;2;1;1;2;1;1;2;2;1;1;0;1;1;1;2;2;1;2;2;2;0;1;2;2;2;1;1;1;2;2;1;2;2;2;1;1;2;2;2;0;2;2;1;2;2;1;1;2;1;2;2;2;2;2;2;2;2;2;2;2;2;1;1;0;2;2;2;2;1;1;2;1;2;2;1;1;0;2;2;1;2;1;1;2;2;1;2;1;2;1;2;2;2;2;2;2;2;2;2;2;2;1;2;2;2;1;1;2;2;2;2;2;2;2;2;2;2;1;2;0;0;0,537533464951;0,576012792543;0,769862769599;0,581494132068;0,662549889621;1,36278235162;0;0;0;0
2;0;2;1;2;2;1;2;2;1;2;2;1;2;1;2;2;2;1;2;1;2;2;1;0;2;1;1;2;2;1;1;2;1;1;2;2;1;1;0;1;1;1;2;2;1;2;2;2;0;1;2;2;2;1;1;1;2;2;1;2;2;2;1;1;2;2;2;0;2;2;1;2;2;1;1;2;1;2;2;2;2;2;2;2;2;2;2;2;2;1;1;0;2;2;2;2;1;1;2;1;2;2;1;1;0;2;2;1;2;1;1;2;2;1;2;1;2;1;2;2;2;2;2;2;2;2;2;2;2;1;2;2;2;1;1;2;2;2;2;2;2;2;2;2;2;1;2;0;0;0,537533464951;0,576012792543;0,769862769599;0,581494132068;0,662549889621;1,36278235162;0;0;0;0
2;0;2;1;2;2;1;2;2;1;2;2;1;2;1;2;2;2;1;2;1;2;2;1;0;2;1;1;2;2;1;1;2;1;1;2;2;1;1;0;1;1;1;2;2;1;2;2;2;0;1;2;2;2;1;1;1;2;2;1;2;2;2;1;1;2;2;2;0;2;2;1;2;2;1;1;2;1;2;2;2;2;2;2;2;2;2;2;2;2;1;1;0;2;2;2;2;1;1;2;1;2;2;1;1;0;2;2;1;2;1;1;2;2;1;2;1;2;1;2;2;2;2;2;2;2;2;2;2;2;1;2;2;2;1;1;2;2;2;2;2;2;2;2;2;2;1;2;0;0;0,537533464951;0,576012792543;0,769862769599;0,581494132068;0,662549889621;1,36278235162;0;0;0;0
2;0;2;1;2;2;1;2;2;1;2;2;1;2;1;2;2;2;1;2;1;2;2;1;0;2;1;1;2;2;1;1;2;1;1;2;2;1;1;0;1;1;1;2;2;1;2;2;2;0;1;2;2;2;1;1;1;2;2;1;2;2;2;1;1;2;2;2;0;2;2;1;2;2;1;1;2;1;2;2;2;2;2;2;2;2;2;2;2;2;1;1;0;2;2;2;2;1;1;2;1;2;2;1;1;0;2;2;1;2;1;1;2;2;1;2;1;2;1;2;2;2;2;2;2;2;2;2;2;2;1;2;2;2;1;1;2;2;2;2;2;2;2;2;2;2;1;2;0;0;0,537533464951;0,576012792543;0,769862769599;0,581494132068;0,662549889621;1,36278235162;0;0;0;0
2;0;2;1;2;2;1;2;2;1;2;2;1;2;1;2;2;2;1;2;1;2;2;1;0;2;1;1;2;2;1;1;2;1;1;2;2;1;1;0;1;1;1;2;2;1;2;2;2;0;1;2;2;2;1;1;1;2;2;1;2;2;2;1;1;2;2;2;0;2;2;1;2;2;1;1;2;1;2;2;2;2;2;2;2;2;2;2;2;2;1;1;0;2;2;2;2;1;1;2;1;2;2;1;1;0;2;2;1;2;1;1;2;2;1;2;1;2;1;2;2;2;2;2;2;2;2;2;2;2;1;2;2;2;1;1;2;2;2;2;2;2;2;2;2;2;1;2;0;0;0,537533464951;0,576012792543;0,769862769599;0,581494132068;0,662549889621;1,36278235162;0;0;0;0
2;2;2;1;2;2;1;2;2;1;2;2;1;2;1;2;2;2;1;2;1;2;2;1;0;2;1;1;2;2;1;1;2;1;1;2;2;1;1;2;1;1;1;2;2;1;2;2;2;0;1;2;2;2;1;1;1;2;2;1;2;2;2;1;1;2;2;2;2;2;2;1;2;2;1;1;2;1;2;2;2;2;2;2;2;2;2;2;2;2;1;1;0;2;2;2;2;1;1;2;1;2;2;1;1;0;2;2;1;2;1;1;2;2;1;2;1;2;1;2;2;2;2;2;2;2;2;2;2;2;1;2;2;2;1;1;2;2;2;2;2;2;2;2;2;2;1;2;0;0;0,540077382912;0,567745293771;0,808851172375;0,573535586026;0,671165183457;1,44171979266;0;0;0;0
2;2;2;1;2;2;1;2;2;1;2;2;1;2;1;2;2;2;1;2;1;2;2;1;0;2;1;1;2;2;1;1;2;1;1;2;2;1;1;2;1;1;1;2;2;1;2;2;2;0;1;2;2;2;1;1;1;2;2;1;2;2;2;1;1;2;2;2;2;2;2;1;2;2;1;1;2;1;2;2;2;2;2;2;2;2;2;2;2;2;1;1;0;2;2;2;2;1;1;2;1;2;2;1;1;0;2;2;1;2;1;1;2;2;1;2;1;2;1;2;2;2;2;2;2;2;2;2;2;2;1;2;2;2;1;1;2;2;2;2;2;2;2;2;2;2;1;2;0;0;0,540077382912;0,567745293771;0,808851172375;0,573535586026;0,671165183457;1,44171979266;0;0;0;0
2;2;2;1;2;2;1;2;2;1;2;2;1;2;1;2;2;2;1;2;1;2;2;1;0;2;1;1;2;2;1;1;2;1;1;2;2;1;1;2;1;1;1;2;2;1;2;2;2;0;1;2;2;2;1;1;1;2;2;1;2;2;2;1;1;2;2;2;2;2;2;1;2;2;1;1;2;1;2;2;2;2;2;2;2;2;2;2;2;2;1;1;0;2;2;2;2;1;1;2;1;2;2;1;1;0;2;2;1;2;1;1;2;2;1;2;1;2;1;2;2;2;2;2;2;2;2;2;2;2;1;2;2;2;1;1;2;2;2;2;2;2;2;2;2;2;1;2;0;0;0,540077382912;0,567745293771;0,808851172375;0,573535586026;0,671165183457;1,44171979266;0;0;0;0
2;2;2;1;2;2;1;2;2;1;2;2;1;2;1;2;2;2;1;2;1;2;2;1;0;2;1;1;2;2;1;1;2;1;1;2;2;1;1;2;1;1;1;2;2;1;2;2;2;0;1;2;2;2;1;1;1;2;2;1;2;2;2;1;1;2;2;2;2;2;2;1;2;2;1;1;2;1;2;2;2;2;2;2;2;2;2;2;2;2;1;1;0;2;2;2;2;1;1;2;1;2;2;1;1;0;2;2;1;2;1;1;2;2;1;2;1;2;1;2;2;2;2;2;2;2;2;2;2;2;1;2;2;2;1;1;2;2;2;2;2;2;2;2;2;2;1;2;0;0;0,540077382912;0,567745293771;0,808851172375;0,573535586026;0,671165183457;1,44171979266;0;0;0;0
0;0;0;1;0;0;1;0;0;1;0;0;1;0;1;0;0;0;1;0;1;0;0;1;0;0;1;1;0;0;1;1;0;1;1;0;0;1;1;0;1;1;1;0;0;1;0;0;0;0;1;0;0;0;1;1;1;0;0;1;0;0;0;1;1;0;0;0;0;0;0;1;0;0;1;1;0;1;0;0;0;0;0;0;0;0;0;0;0;0;1;1;0;0;0;0;0;1;1;0;1;0;0;1;1;0;0;0;1;0;1;1;0;1;1;0;1;0;1;0;0;0;0;0;0;0;0;0;0;0;1;0;0;0;1;1;0;0;0;0;0;0;0;0;0;0;1;0;0;0;0,5106825677;0,491242270091;0,859667472992;0,494379834728;0,627750981514;1,44272105208;0;0;0;0
0;0;0;1;0;0;1;0;0;1;0;0;1;0;1;0;0;0;1;0;1;0;0;1;0;0;1;1;0;0;1;1;0;1;1;0;0;1;1;0;1;1;1;0;0;1;0;0;0;0;1;0;0;0;1;1;1;0;0;1;0;0;0;1;1;0;0;0;0;0;0;1;0;0;1;1;0;1;0;0;0;0;0;0;0;0;0;0;0;0;1;1;0;0;0;0;0;1;1;0;1;0;0;1;1;0;0;0;1;0;1;1;0;1;1;0;1;0;1;0;0;0;0;0;0;0;0;0;0;0;1;0;0;0;1;1;0;0;0;0;0;0;0;0;0;0;1;0;0;0;0,5106825677;0,491242270091;0,859667472992;0,494379834728;0,627750981514;1,44272105208;0;0;0;0
0;0;0;1;0;0;1;0;0;1;0;0;1;0;1;0;0;0;1;0;1;0;0;1;0;0;1;1;0;0;1;1;0;1;1;0;0;1;1;0;1;1;1;0;0;1;0;0;0;0;1;0;0;0;1;1;1;0;0;1;0;0;0;1;1;0;0;0;0;0;0;1;0;0;1;1;0;1;0;0;0;0;0;0;0;0;0;0;0;0;1;1;0;0;0;0;0;1;1;0;1;0;0;1;1;0;0;0;1;0;1;1;0;1;1;0;1;0;1;0;0;0;0;0;0;0;0;0;0;0;1;0;0;0;1;1;0;0;0;0;0;0;0;0;0;0;1;0;0;0;0,5106825677;0,491242270091;0,859667472992;0,494379834728;0,627750981514;1,44272105208;0;0;0;0
0;0;0;1;0;0;1;0;0;1;0;0;1;0;1;0;0;0;1;0;1;0;0;1;0;0;1;1;0;0;1;1;0;1;1;0;0;1;1;0;1;1;1;0;0;1;0;0;0;0;1;0;0;0;1;1;1;0;0;1;0;0;0;1;1;0;0;0;0;0;0;1;0;0;1;1;0;1;0;0;0;0;0;0;0;0;0;0;0;0;1;1;0;0;0;0;0;1;1;0;1;0;0;1;1;0;0;0;1;0;1;1;0;1;1;0;1;0;1;0;0;0;0;0;0;0;0;0;0;0;1;0;0;0;1;1;0;0;0;0;0;0;0;0;0;0;1;0;0;0;0,5106825677;0,491242270091;0,859667472992;0,494379834728;0,627750981514;1,44272105208;0;0;0;0
0;0;0;1;0;0;1;0;0;1;0;0;1;0;1;0;0;0;1;0;1;0;0;1;0;0;1;1;0;0;1;1;0;1;1;0;0;1;1;0;1;1;1;0;0;1;0;0;0;0;1;0;0;0;1;1;1;0;0;1;0;0;0;1;1;0;0;0;0;0;0;1;0;0;1;1;0;1;0;0;0;0;0;0;0;0;0;0;0;0;1;1;0;0;0;0;0;1;1;0;1;0;0;1;1;0;0;0;1;0;1;1;0;1;1;0;1;0;1;0;0;0;0;0;0;0;0;0;0;0;1;0;0;0;1;1;0;0;0;0;0;0;0;0;0;0;1;0;0;0;0,5106825677;0,491242270091;0,859667472992;0,494379834728;0,627750981514;1,44272105208;0;0;0;0
0;0;0;1;0;0;1;0;0;1;0;0;1;0;1;0;0;0;1;0;1;0;0;1;0;0;1;1;0;0;1;1;0;1;1;0;0;1;1;0;1;1;1;0;0;1;0;0;0;0;1;0;0;0;1;1;1;0;0;1;0;0;0;1;1;0;0;0;0;0;0;1;0;0;1;1;0;1;0;0;0;0;0;0;0;0;0;0;0;0;1;1;0;0;0;0;0;1;1;0;1;0;0;1;1;0;0;0;1;0;1;1;0;1;1;0;1;0;1;0;0;0;0;0;0;0;0;0;0;0;1;0;0;0;1;1;0;0;0;0;0;0;0;0;0;0;1;0;0;0;0,5106825677;0,491242270091;0,859667472992;0,494379834728;0,627750981514;1,44272105208;0;0;0;0
0;0;0;1;0;0;1;0;0;1;0;0;1;0;1;0;0;0;1;0;1;0;0;1;0;0;1;1;0;0;1;1;0;1;1;0;0;1;1;0;1;1;1;0;0;1;0;0;0;0;1;0;0;0;1;1;1;0;0;1;0;0;0;1;1;0;0;0;0;0;0;1;0;0;1;1;0;1;0;0;0;0;0;0;0;0;0;0;0;0;1;1;0;0;0;0;0;1;1;0;1;0;0;1;1;0;0;0;1;0;1;1;0;1;1;0;1;0;1;0;0;0;0;0;0;0;0;0;0;0;1;0;0;0;1;1;0;0;0;0;0;0;0;0;0;0;1;0;0;0;0,5106825677;0,491242270091;0,859667472992;0,494379834728;0,627750981514;1,44272105208;0;0;0;0
0;0;0;1;0;0;1;0;0;1;0;0;1;0;1;0;0;0;1;0;1;0;0;1;0;0;1;1;0;0;1;1;0;1;1;0;0;1;1;0;1;1;1;0;0;1;0;0;0;0;1;0;0;0;1;1;1;0;0;1;0;0;0;1;1;0;0;0;0;0;0;1;0;0;1;1;0;1;0;0;0;0;0;0;0;0;0;0;0;0;1;1;0;0;0;0;0;1;1;0;1;0;0;1;1;0;0;0;1;0;1;1;0;1;1;0;1;0;1;0;0;0;0;0;0;0;0;0;0;0;1;0;0;0;1;1;0;0;0;0;0;0;0;0;0;0;1;0;0;0;0,5106825677;0,491242270091;0,859667472992;0,494379834728;0,627750981514;1,44272105208;0;0;0;0
0;0;0;1;0;0;1;0;0;1;0;0;1;0;1;0;0;0;1;0;1;0;0;1;0;0;1;1;0;0;1;1;0;1;1;0;0;1;1;0;1;1;1;0;0;1;0;0;0;0;1;0;0;0;1;1;1;0;0;1;0;0;0;1;1;0;0;0;0;0;0;1;0;0;1;1;0;1;0;0;0;0;0;0;0;0;0;0;0;0;1;1;0;0;0;0;0;1;1;0;1;0;0;1;1;0;0;0;1;0;1;1;0;1;1;0;1;0;1;0;0;0;0;0;0;0;0;0;0;0;1;0;0;0;1;1;0;0;0;0;0;0;0;0;0;0;1;0;0;0;0,5106825677;0,491242270091;0,859667472992;0,494379834728;0,627750981514;1,44272105208;0;0;0;0
0;0;0;1;0;0;1;0;0;1;0;0;1;0;1;0;0;0;1;0;1;0;0;1;0;0;1;1;0;0;1;1;0;1;1;0;0;1;1;0;1;1;1;0;0;1;0;0;0;0;1;0;0;0;1;1;1;0;0;1;0;0;0;1;1;0;0;0;0;0;0;1;0;0;1;1;0;1;0;0;0;0;0;0;0;0;0;0;0;0;1;1;0;0;0;0;0;1;1;0;1;0;0;1;1;0;0;0;1;0;1;1;0;1;1;0;1;0;1;0;0;0;0;0;0;0;0;0;0;0;1;0;0;0;1;1;0;0;0;0;0;0;0;0;0;0;1;0;0;0;0,5106825677;0,491242270091;0,859667472992;0,494379834728;0,627750981514;1,44272105208;0;0;0;0
0;0;0;1;0;0;1;0;0;1;0;0;1;0;1;0;0;0;1;0;1;0;0;1;0;0;1;1;0;0;1;1;0;1;1;0;0;1;1;0;1;1;1;0;0;1;0;0;0;0;1;0;0;0;1;1;1;0;0;1;0;0;0;1;1;0;0;0;0;0;0;1;0;0;1;1;0;1;0;0;0;0;0;0;0;0;0;0;0;0;1;1;0;0;0;0;0;1;1;0;1;0;0;1;1;0;0;0;1;0;1;1;0;1;1;0;1;0;1;0;0;0;0;0;0;0;0;0;0;0;1;0;0;0;1;1;0;0;0;0;0;0;0;0;0;0;1;0;0;0;0,5106825677;0,491242270091;0,859667472992;0,494379834728;0,627750981514;1,44272105208;0;0;0;0
0;0;0;1;0;0;1;0;0;1;0;0;1;0;1;0;0;0;1;0;1;0;0;1;0;0;1;1;0;0;1;1;0;1;1;0;0;1;1;0;1;1;1;0;0;1;0;0;0;0;1;0;0;0;1;1;1;0;0;1;0;0;0;1;1;0;0;0;0;0;0;1;0;0;1;1;0;1;0;0;0;0;0;0;0;0;0;0;0;0;1;1;0;0;0;0;0;1;1;0;1;0;0;1;1;0;0;0;1;0;1;1;0;0;1;0;1;0;1;0;0;0;0;0;0;0;0;0;0;0;1;0;0;0;1;1;0;0;0;0;0;0;0;0;0;0;1;0;0;0;0,519933072445;0,516663219761;0,91069690523;0,519644719873;0,661714418293;1,66829210832;0;0;0;0
0;0;0;1;0;0;1;0;0;1;0;0;1;0;1;0;0;0;1;0;1;0;0;1;0;0;1;1;0;0;1;1;0;1;1;0;0;1;1;0;1;1;1;0;0;1;0;0;0;0;1;0;0;0;1;1;1;0;0;1;0;0;0;1;1;0;0;0;0;0;0;1;0;0;1;1;0;1;0;0;0;0;0;0;0;0;0;0;0;0;1;1;0;0;0;0;0;1;1;0;1;0;0;1;1;0;0;0;1;0;1;1;0;0;1;0;1;0;1;0;0;0;0;0;0;0;0;0;0;0;1;0;0;0;1;1;0;0;0;0;0;0;0;0;0;0;1;0;0;0;0,519933072445;0,516663219761;0,91069690523;0,519644719873;0,661714418293;1,66829210832;0;0;0;0
0;0;0;1;0;0;1;0;0;1;0;0;1;0;1;0;0;0;1;0;1;0;0;1;0;0;1;1;0;0;1;1;0;1;1;0;0;1;1;0;1;1;1;0;0;1;0;0;0;0;1;0;0;0;1;1;1;0;0;1;0;0;0;1;1;0;0;0;0;0;0;1;0;0;1;1;0;1;0;0;0;0;0;0;0;0;0;0;0;0;1;1;0;0;0;0;0;1;1;0;1;0;0;1;1;0;0;0;1;0;1;1;0;0;1;0;1;0;1;0;0;0;0;0;0;0;0;0;0;0;1;0;0;0;1;1;0;0;0;0;0;0;0;0;0;0;1;0;0;0;0,519933072445;0,516663219761;0,91069690523;0,519644719873;0,661714418293;1,66829210832;0;0;0;0
0;0;0;1;0;0;1;0;0;1;0;0;1;0;1;0;0;0;1;0;1;0;0;1;0;0;1;1;0;0;1;1;0;1;1;0;0;1;1;0;1;1;1;0;0;1;0;0;0;0;1;0;0;0;1;1;1;0;0;1;0;0;0;1;1;0;0;0;0;0;0;1;0;0;1;1;0;1;0;0;0;0;0;0;0;0;0;0;0;0;1;1;0;0;0;0;0;1;1;0;1;0;0;1;1;0;0;0;1;0;1;1;0;0;1;0;1;0;1;0;0;0;0;0;0;0;0;0;0;0;1;0;0;0;1;1;0;0;0;0;0;0;0;0;0;0;1;0;0;0;0,519933072445;0,516663219761;0,91069690523;0,519644719873;0,661714418293;1,66829210832;0;0;0;0
