25;40;30;db;Minkowski_2;4;2
5;4;5;2;5;5;4;4;5;5;5;5;5;4;5;5;5;5;4;4;4;4;4;5;5;0;5;4;3;3;5;5;5;5;5;4;5;5;5;5;5;5;5;5;5;5;5;5;5;5;4;5;4;5;5;5;2;5;5;5;5;5;4;4;5;5;2;5;5;5;1;5;5;5;5;5;5;5;4;5;5;5;5;5;4;4;5;5;4;5;5;5;5;5;5;5;5;5;5;4;5;5;5;4;4;5;5;5;0;5;5;0;5;4;5;5;5;5;4;5;5;5;5;5;4;2;5;5;4;5;5;5;4;5;5;5;5;4;4;5;5;5;4;5;5;5;5;5;5;1;2;4;5;5;5;5;5;4;5;5;5;5;5;5;5;5;2;5;5;4;5;4;4;4;5;5;4;5;4;5;5;5;5;4;5;5;2;4;0;5;4;5;5;4;5;5;5;5;4;2;5;5;5;5;4;5;5;5;5;4;5;4;5;5;0,241255792293;0,253599526511;0,494180713916;0,281058606974;0,358324814813;0,771460076657;0;0;0;0
5;4;5;2;5;5;4;4;5;5;5;5;5;4;5;5;5;5;4;4;4;4;4;5;5;0;5;4;3;3;5;5;5;5;5;4;5;5;5;5;5;5;5;5;5;5;5;5;5;5;4;5;4;5;5;5;2;5;5;5;5;5;4;4;5;5;2;5;5;5;1;5;5;5;5;5;5;5;4;5;5;5;5;5;4;4;5;5;4;5;5;5;5;5;5;5;5;5;5;4;5;5;5;4;4;5;5;5;0;5;5;0;5;4;5;5;5;5;4;5;5;5;5;5;4;2;5;5;4;5;5;5;4;5;5;5;5;4;4;5;5;5;4;5;5;5;5;5;5;1;2;4;5;5;5;5;5;4;5;5;5;5;5;5;5;5;2;5;5;4;5;4;4;4;5;5;4;5;4;5;5;5;5;4;5;5;2;4;0;5;4;5;5;4;5;5;5;5;4;2;5;5;5;5;4;5;5;5;5;4;5;4;5;5;0,241255792293;0,253599526511;0,494180713916;0,281058606974;0,358324814813;0,771460076657;0;0;0;0
5;4;5;2;5;5;4;4;5;5;5;5;5;4;5;5;5;5;4;4;4;4;4;5;5;0;5;4;3;3;5;5;5;5;5;4;5;5;5;5;5;5;5;5;5;5;5;5;5;5;4;5;4;5;5;5;2;5;5;5;5;5;4;4;5;5;2;5;5;5;1;5;5;5;5;5;5;5;4;5;5;5;5;5;4;4;5;5;4;5;5;5;5;5;5;5;5;5;5;4;5;5;5;4;4;5;5;5;0;5;5;0;5;4;5;5;5;5;4;5;5;5;5;5;4;2;5;5;4;5;5;5;4;5;5;5;5;4;4;5;5;5;4;5;5;5;5;5;5;1;2;4;5;5;5;5;5;4;5;5;5;5;5;5;5;5;2;5;5;4;5;4;4;4;5;5;4;5;4;5;5;5;5;4;5;5;2;4;0;5;4;5;5;4;5;5;5;5;4;2;5;5;5;5;4;5;5;5;5;4;5;4;5;5;0,241255792293;0,253599526511;0,494180713916;0,281058606974;0,358324814813;0,771460076657;0;0;0;0
5;4;5;2;5;5;4;4;5;5;5;5;5;4;5;5;5;5;4;4;4;4;4;5;5;0;5;4;3;3;5;5;5;5;5;5;5;5;5;5;5;5;5;5;5;5;5;5;5;5;4;5;4;5;5;5;5;5;5;5;5;5;4;4;5;2;2;5;5;5;1;5;5;5;5;5;5;5;4;5;5;5;5;5;4;4;5;5;4;5;5;5;5;5;5;5;5;5;5;4;5;5;5;4;4;5;5;5;0;5;5;0;5;4;5;5;5;5;4;5;5;5;5;5;5;2;5;5;4;5;5;5;4;5;5;5;5;4;4;5;5;5;4;5;5;5;5;5;5;1;2;4;5;5;5;5;5;4;5;5;5;5;5;5;5;5;2;5;5;4;5;4;4;4;5;5;5;5;5;5;5;5;5;4;5;5;2;4;4;5;4;5;5;4;5;5;5;5;4;2;5;5;5;5;4;5;5;5;5;2;5;5;5;5;0,252233634207;0,264621552471;0,533432957018;0,291437285365;0,376937474356;0,89503961021;0;0;0;0
1;3;1;4;1;1;3;3;1;1;1;1;3;3;1;1;1;1;3;3;3;3;3;1;1;0;1;3;2;3;1;1;1;1;1;1;1;1;1;1;1;1;1;1;1;1;1;1;1;1;1;1;3;1;1;1;1;1;1;1;1;1;3;3;1;1;4;1;1;1;3;1;1;1;1;1;1;1;3;1;1;1;1;1;3;3;1;1;1;1;1;1;1;1;1;1;1;1;1;1;1;1;1;3;1;1;1;1;0;1;1;0;1;3;1;1;1;1;3;1;1;1;1;1;1;4;1;1;1;1;1;1;3;1;1;1;1;2;3;1;1;1;3;1;1;1;1;1;1;1;1;3;1;1;1;1;1;1;1;1;1;1;1;1;1;1;4;1;1;1;1;1;3;1;1;1;1;1;1;1;1;1;1;3;1;1;4;1;3;1;3;1;1;1;1;1;1;1;3;1;1;1;1;1;1;1;1;1;1;1;1;1;1;1;0,204580317358;0,232944085813;0,600029341333;0,255763342364;0,35865113778;0,940750174759;0;0;0;0
1;3;1;4;1;1;3;3;1;1;1;1;3;3;1;1;1;1;3;3;3;3;3;1;1;0;1;3;2;3;1;1;1;1;1;1;1;1;1;1;1;1;1;1;1;1;1;1;1;1;1;1;3;1;1;1;1;1;1;1;1;1;3;3;1;1;4;1;1;1;3;1;1;1;1;1;1;1;3;1;1;1;1;1;3;3;1;1;1;1;1;1;1;1;1;1;1;1;1;1;1;1;1;3;1;1;1;1;0;1;1;0;1;3;1;1;1;1;3;1;1;1;1;1;1;4;1;1;1;1;1;1;3;1;1;1;1;2;3;1;1;1;3;1;1;1;1;1;1;1;1;3;1;1;1;1;1;1;1;1;1;1;1;1;1;1;4;1;1;1;1;1;3;1;1;1;1;1;1;1;1;1;1;3;1;1;4;1;3;1;3;1;1;1;1;1;1;1;3;1;1;1;1;1;1;1;1;1;1;1;1;1;1;1;0,204580317358;0,232944085813;0,600029341333;0,255763342364;0,35865113778;0,940750174759;0;0;0;0
1;3;1;4;1;1;3;3;1;1;1;1;3;3;1;1;1;1;3;3;3;3;3;1;1;0;1;3;2;3;1;1;1;1;1;1;1;1;1;1;1;1;1;1;1;1;1;1;1;1;1;1;3;1;1;1;1;1;1;1;1;1;3;3;1;1;4;1;1;1;3;1;1;1;1;1;1;1;3;1;1;1;1;1;3;3;1;1;1;1;1;1;1;1;1;1;1;1;1;1;1;1;1;3;1;1;1;1;0;1;1;0;1;3;1;1;1;1;3;1;1;1;1;1;1;4;1;1;1;1;1;1;3;1;1;1;1;2;3;1;1;1;3;1;1;1;1;1;1;1;1;3;1;1;1;1;1;1;1;1;1;1;1;1;1;1;4;1;1;1;1;1;3;1;1;1;1;1;1;1;1;1;1;3;1;1;4;1;3;1;3;1;1;1;1;1;1;1;3;1;1;1;1;1;1;1;1;1;1;1;1;1;1;1;0,204580317358;0,232944085813;0,600029341333;0,255763342364;0,35865113778;0,940750174759;0;0;0;0
1;3;1;1;1;1;3;3;1;1;1;1;3;3;1;1;1;1;3;3;3;3;3;1;1;0;1;3;2;2;1;1;1;1;1;1;1;1;1;1;1;1;1;1;1;1;1;1;1;1;1;1;3;1;1;1;1;1;1;1;1;1;3;3;1;1;4;1;1;1;1;1;1;1;1;1;1;1;3;1;1;1;1;1;3;3;1;1;1;1;1;1;1;1;1;1;1;1;1;1;1;1;1;3;1;1;1;1;0;1;1;0;1;3;1;1;1;1;3;1;1;1;1;1;1;4;1;1;1;1;1;1;3;1;1;1;1;1;3;1;1;1;3;1;1;1;1;1;1;1;3;3;1;1;1;1;1;1;1;1;1;1;1;1;1;1;4;1;1;1;1;1;3;1;1;1;1;1;1;1;1;1;1;3;1;1;4;1;3;1;3;1;1;1;1;1;1;1;3;4;1;1;1;1;1;1;1;1;1;4;1;1;1;1;0,192948084748;0,225839842546;0,57713964408;0,249071127316;0,347971308888;1,02537743961;0;0;0;0
1;3;1;1;1;1;3;3;1;1;1;1;3;3;1;1;1;1;3;3;3;3;3;1;1;0;1;3;2;2;1;1;1;1;1;1;1;1;1;1;1;1;1;1;1;1;1;1;1;1;1;1;3;1;1;1;1;1;1;1;1;1;3;3;1;1;4;1;1;1;1;1;1;1;1;1;1;1;3;1;1;1;1;1;3;3;1;1;1;1;1;1;1;1;1;1;1;1;1;1;1;1;1;3;1;1;1;1;0;1;1;0;1;3;1;1;1;1;3;1;1;1;1;1;1;4;1;1;1;1;1;1;3;1;1;1;1;1;3;1;1;1;3;1;1;1;1;1;1;1;3;3;1;1;1;1;1;1;1;1;1;1;1;1;1;1;4;1;1;1;1;1;3;1;1;1;1;1;1;1;1;1;1;3;1;1;4;1;3;1;3;1;1;1;1;1;1;1;3;4;1;1;1;1;1;1;1;1;1;4;1;1;1;1;0,192948084748;0,225839842546;0,57713964408;0,249071127316;0,347971308888;1,02537743961;0;0;0;0
1;3;1;1;1;1;3;3;1;1;1;1;3;3;1;1;1;1;3;3;3;3;3;1;1;0;1;3;2;2;1;1;1;1;1;1;1;1;1;1;1;1;1;1;1;1;1;1;1;1;1;1;3;1;1;1;1;1;1;1;1;1;3;3;1;1;4;1;1;1;1;1;1;1;1;1;1;1;3;1;1;1;1;1;3;3;1;1;1;1;1;1;1;1;1;1;1;1;1;1;1;1;1;3;1;1;1;1;0;1;1;0;1;3;1;1;1;1;3;1;1;1;1;1;1;4;1;1;1;1;1;1;3;1;1;1;1;1;3;1;1;1;3;1;1;1;1;1;1;1;3;3;1;1;1;1;1;1;1;1;1;1;1;1;1;1;4;1;1;1;1;1;3;1;1;1;1;1;1;1;1;1;1;3;1;1;4;1;3;1;3;1;1;1;1;1;1;1;3;4;1;1;1;1;1;1;1;1;1;4;1;1;1;1;0,192948084748;0,225839842546;0,57713964408;0,249071127316;0,347971308888;1,02537743961;0;0;0;0
1;3;1;1;1;1;3;3;1;1;1;1;1;3;1;1;1;1;3;3;3;3;3;1;1;0;1;3;2;2;1;1;1;1;1;1;1;1;1;1;1;1;1;1;1;1;1;1;1;1;1;1;3;1;1;1;1;1;1;1;1;1;3;3;1;1;4;1;1;1;1;1;1;1;1;1;1;1;3;1;1;1;1;1;3;3;1;1;1;1;1;1;1;1;1;1;1;1;1;1;1;1;1;1;1;1;1;1;0;1;1;0;1;3;1;1;1;1;1;1;1;1;1;1;1;4;1;1;1;1;1;1;3;1;1;1;1;1;3;1;1;1;3;1;1;1;1;1;1;1;1;3;1;1;1;1;1;1;1;1;1;1;1;1;1;1;1;1;1;1;1;1;3;1;1;1;1;1;1;1;1;1;1;3;1;1;4;1;3;1;3;1;1;1;1;1;1;1;3;4;1;1;1;1;1;1;1;1;1;4;1;1;1;1;0,167651922931;0,20891673183;0,584124876956;0,232528943019;0,332640188309;1,08970463834;0;0;0;0
1;3;1;1;1;1;3;3;1;1;1;1;1;3;1;1;1;1;3;3;3;3;3;1;1;0;1;3;2;2;1;1;1;1;1;1;1;1;1;1;1;1;1;1;1;1;1;1;1;1;1;1;3;1;1;1;1;1;1;1;1;1;3;3;1;1;4;1;1;1;1;1;1;1;1;1;1;1;3;1;1;1;1;1;3;3;1;1;1;1;1;1;1;1;1;1;1;1;1;1;1;1;1;1;1;1;1;1;0;1;1;0;1;3;1;1;1;1;1;1;1;1;1;1;1;4;1;1;1;1;1;1;3;1;1;1;1;1;3;1;1;1;3;1;1;1;1;1;1;1;1;3;1;1;1;1;1;1;1;1;1;1;1;1;1;1;1;1;1;1;1;1;3;1;1;1;1;1;1;1;1;1;1;3;1;1;4;1;3;1;3;1;1;1;1;1;1;1;3;4;1;1;1;1;1;1;1;1;1;4;1;1;1;1;0,167651922931;0,20891673183;0,584124876956;0,232528943019;0,332640188309;1,08970463834;0;0;0;0
1;3;1;1;1;1;3;3;1;1;1;1;1;3;1;1;1;1;3;3;3;3;3;1;1;0;1;3;2;2;1;1;1;1;1;1;1;1;1;1;1;1;1;1;1;1;1;1;1;1;1;1;3;1;1;1;1;1;1;1;1;1;3;3;1;1;4;1;1;1;1;1;1;1;1;1;1;1;3;1;1;1;1;1;3;3;1;1;1;1;1;1;1;1;1;1;1;1;1;1;1;1;1;1;1;1;1;1;0;1;1;0;1;3;1;1;1;1;1;1;1;1;1;1;1;4;1;1;1;1;1;1;3;1;1;1;1;1;3;1;1;1;3;1;1;1;1;1;1;1;1;3;1;1;1;1;1;1;1;1;1;1;1;1;1;1;1;1;1;1;1;1;3;1;1;1;1;1;1;1;1;1;1;3;1;1;4;1;3;1;3;1;1;1;1;1;1;1;3;4;1;1;1;1;1;1;1;1;1;4;1;1;1;1;0,167651922931;0,20891673183;0,584124876956;0,232528943019;0,332640188309;1,08970463834;0;0;0;0
1;3;1;1;1;1;3;3;1;1;1;1;1;3;1;1;1;1;3;3;3;3;3;1;1;0;1;3;2;2;1;1;1;1;1;1;1;1;1;1;1;1;1;1;1;1;1;1;1;1;1;1;3;1;1;1;1;1;1;1;1;1;3;3;1;1;4;1;1;1;1;1;1;1;1;1;1;1;3;1;1;1;1;1;3;3;1;1;1;1;1;1;1;1;1;1;1;1;1;1;1;1;1;1;1;1;1;1;0;1;1;0;1;3;1;1;1;1;1;1;1;1;1;1;1;4;1;1;1;1;1;1;3;1;1;1;1;1;3;1;1;1;3;1;1;1;1;1;1;1;1;3;1;1;1;1;1;1;1;1;1;1;1;1;1;1;1;1;1;1;1;1;3;1;1;1;1;1;1;1;1;1;1;3;1;1;1;1;3;1;3;1;1;1;1;1;1;1;3;1;1;1;1;1;1;1;1;1;1;1;1;1;1;1;0,174636981918;0,201586893741;0,620456875864;0,224104223589;0,329276369764;1,14249738332;0;0;0;0
1;3;1;1;1;1;3;3;1;1;1;1;1;3;1;1;1;1;3;3;3;3;3;1;1;0;1;3;2;2;1;1;1;1;1;1;1;1;1;1;1;1;1;1;1;1;1;1;1;1;1;1;3;1;1;1;1;1;1;1;1;1;3;3;1;1;4;1;1;1;1;1;1;1;1;1;1;1;3;1;1;1;1;1;3;3;1;1;1;1;1;1;1;1;1;1;1;1;1;1;1;1;1;1;1;1;1;1;0;1;1;0;1;3;1;1;1;1;1;1;1;1;1;1;1;4;1;1;1;1;1;1;3;1;1;1;1;1;3;1;1;1;3;1;1;1;1;1;1;1;1;3;1;1;1;1;1;1;1;1;1;1;1;1;1;1;1;1;1;1;1;1;3;1;1;1;1;1;1;1;1;1;1;3;1;1;1;1;3;1;3;1;1;1;1;1;1;1;3;1;1;1;1;1;1;1;1;1;1;1;1;1;1;1;0,174636981918;0,201586893741;0,620456875864;0,224104223589;0,329276369764;1,14249738332;0;0;0;0
1;3;1;1;1;1;3;3;1;1;1;1;1;3;1;1;1;1;3;3;3;3;3;1;1;0;1;3;2;2;1;1;1;1;1;1;1;1;1;1;1;1;1;1;1;1;1;1;1;1;1;1;3;1;1;1;1;1;1;1;1;1;3;3;1;1;4;1;1;1;1;1;1;1;1;1;1;1;3;1;1;1;1;1;3;3;1;1;1;1;1;1;1;1;1;1;1;1;1;1;1;1;1;1;1;1;1;1;0;1;1;0;1;3;1;1;1;1;1;1;1;1;1;1;1;4;1;1;1;1;1;1;3;1;1;1;1;1;3;1;1;1;3;1;1;1;1;1;1;1;1;3;1;1;1;1;1;1;1;1;1;1;1;1;1;1;1;1;1;1;1;1;3;1;1;1;1;1;1;1;1;1;1;3;1;1;1;1;3;1;3;1;1;1;1;1;1;1;3;1;1;1;1;1;1;1;1;1;1;1;1;1;1;1;0,174636981918;0,201586893741;0,620456875864;0,224104223589;0,329276369764;1,14249738332;0;0;0;0
1;3;1;1;1;1;3;3;1;1;1;1;1;3;1;1;1;1;3;3;3;3;3;1;1;0;1;3;2;2;1;1;1;1;1;1;1;1;1;1;1;1;1;1;1;1;1;1;1;1;1;1;3;1;1;1;1;1;1;1;1;1;3;3;1;1;4;1;1;1;1;1;1;1;1;1;1;1;3;1;1;1;1;1;3;3;1;1;1;1;1;1;1;1;1;1;1;1;1;1;1;1;1;1;1;1;1;1;0;1;1;0;1;3;1;1;1;1;1;1;1;1;1;1;1;4;1;1;1;1;1;1;3;1;1;1;1;1;3;1;1;1;3;1;1;1;1;1;1;1;1;3;1;1;1;1;1;1;1;1;1;1;1;1;1;1;1;1;1;1;1;1;3;1;1;1;1;1;1;1;1;1;1;3;1;1;1;1;3;1;3;1;1;1;1;1;1;1;3;1;1;1;1;1;1;1;1;1;1;1;1;1;1;1;0,174636981918;0,201586893741;0,620456875864;0,224104223589;0,329276369764;1,14249738332;0;0;0;0
1;3;1;1;1;1;3;3;1;1;1;1;1;3;1;1;1;1;3;3;3;3;3;1;1;0;1;3;2;2;1;1;1;1;1;1;1;1;1;1;1;1;1;1;1;1;1;1;1;1;1;1;3;1;1;1;1;1;1;1;1;1;3;3;1;1;4;1;1;1;1;1;1;1;1;1;1;1;3;1;1;1;1;1;3;3;1;1;1;1;1;1;1;1;1;1;1;1;1;1;1;1;1;1;1;1;1;1;0;1;1;0;1;3;1;1;1;1;1;1;1;1;1;1;1;4;1;1;1;1;1;1;3;1;1;1;1;1;3;1;1;1;3;1;1;1;1;1;1;1;1;3;1;1;1;1;1;1;1;1;1;1;1;1;1;1;1;1;1;1;1;1;3;1;1;1;1;1;1;1;1;1;1;3;1;1;1;1;3;1;3;1;1;1;1;1;1;1;3;1;1;1;1;1;1;1;1;1;1;1;1;1;1;1;0,174636981918;0,201586893741;0,620456875864;0,224104223589;0,329276369764;1,14249738332;0;0;0;0
1;3;1;1;1;1;3;3;1;1;1;1;1;3;1;1;1;1;3;3;3;3;3;1;1;0;1;3;2;2;1;1;1;1;1;1;1;1;1;1;1;1;1;1;1;1;1;1;1;1;1;1;3;1;1;1;1;1;1;1;1;1;3;3;1;1;4;1;1;1;1;1;1;1;1;1;1;1;3;1;1;1;1;1;3;3;1;1;1;1;1;1;1;1;1;1;1;1;1;1;1;1;1;1;1;1;1;1;0;1;1;0;1;3;1;1;1;1;1;1;1;1;1;1;1;4;1;1;1;1;1;1;3;1;1;1;1;1;3;1;1;1;3;1;1;1;1;1;1;1;1;3;1;1;1;1;1;1;1;1;1;1;1;1;1;1;1;1;1;1;1;1;3;1;1;1;1;1;1;1;1;1;1;3;1;1;1;1;3;1;3;1;1;1;1;1;1;1;3;1;1;1;1;1;1;1;1;1;1;1;1;1;1;1;0,174636981918;0,201586893741;0,620456875864;0,224104223589;0,329276369764;1,14249738332;0;0;0;0
1;3;1;1;1;1;3;3;1;1;1;1;1;3;1;1;1;1;3;3;3;3;3;1;1;0;1;3;2;2;1;1;1;1;1;1;1;1;1;1;1;1;1;1;1;1;1;1;1;1;1;1;3;1;1;1;1;1;1;1;1;1;3;3;1;1;4;1;1;1;1;1;1;1;1;1;1;1;3;1;1;1;1;1;3;3;1;1;1;1;1;1;1;1;1;1;1;1;1;1;1;1;1;1;1;1;1;1;0;1;1;0;1;3;1;1;1;1;1;1;1;1;1;1;1;4;1;1;1;1;1;1;3;1;1;1;1;1;3;1;1;1;3;1;1;1;1;1;1;1;1;3;1;1;1;1;1;1;1;1;1;1;1;1;1;1;1;1;1;1;1;1;3;1;1;1;1;1;1;1;1;1;1;3;1;1;1;1;1;1;3;1;1;1;1;1;1;1;3;1;1;1;1;1;1;1;1;1;1;1;1;1;1;1;0,165184839709;0,190040808886;0,599525053657;0,212899266494;0,31421620698;1,17364379314;0;0;0;0
1;3;1;1;1;1;3;3;1;1;1;1;1;3;1;1;1;1;3;3;3;3;3;1;1;0;1;3;2;2;1;1;1;1;1;1;1;1;1;1;1;1;1;1;1;1;1;1;1;1;1;1;3;1;1;1;1;1;1;1;1;1;3;3;1;1;4;1;1;1;1;1;1;1;1;1;1;1;3;1;1;1;1;1;3;3;1;1;1;1;1;1;1;1;1;1;1;1;1;1;1;1;1;1;1;1;1;1;0;1;1;0;1;3;1;1;1;1;1;1;1;1;1;1;1;4;1;1;1;1;1;1;3;1;1;1;1;1;3;1;1;1;3;1;1;1;1;1;1;1;1;3;1;1;1;1;1;1;1;1;1;1;1;1;1;1;1;1;1;1;1;1;3;1;1;1;1;1;1;1;1;1;1;3;1;1;1;1;1;1;3;1;1;1;1;1;1;1;3;1;1;1;1;1;1;1;1;1;1;1;1;1;1;1;0,165184839709;0,190040808886;0,599525053657;0,212899266494;0,31421620698;1,17364379314;0;0;0;0
1;3;1;1;1;1;3;3;1;1;1;1;1;3;1;1;1;1;3;3;3;3;3;1;1;0;1;3;2;2;1;1;1;1;1;1;1;1;1;1;1;1;1;1;1;1;1;1;1;1;1;1;3;1;1;1;1;1;1;1;1;1;3;3;1;1;4;1;1;1;1;1;1;1;1;1;1;1;3;1;1;1;1;1;3;3;1;1;1;1;1;1;1;1;1;1;1;1;1;1;1;1;1;1;1;1;1;1;0;1;1;0;1;3;1;1;1;1;1;1;1;1;1;1;1;4;1;1;1;1;1;1;3;1;1;1;1;1;3;1;1;1;3;1;1;1;1;1;1;1;1;3;1;1;1;1;1;1;1;1;1;1;1;1;1;1;1;1;1;1;1;1;3;1;1;1;1;1;1;1;1;1;1;3;1;1;1;1;1;1;3;1;1;1;1;1;1;1;3;1;1;1;1;1;1;1;1;1;1;1;1;1;1;1;0,165184839709;0,190040808886;0,599525053657;0,212899266494;0,31421620698;1,17364379314;0;0;0;0
1;3;1;1;1;1;3;3;1;1;1;1;1;3;1;1;1;1;3;3;3;3;3;1;1;0;1;3;2;2;1;1;1;1;1;1;1;1;1;1;1;1;1;1;1;1;1;1;1;1;1;1;3;1;1;1;1;1;1;1;1;1;3;3;1;1;4;1;1;1;1;1;1;1;1;1;1;1;3;1;1;1;1;1;3;3;1;1;1;1;1;1;1;1;1;1;1;1;1;1;1;1;1;1;1;1;1;1;0;1;1;0;1;3;1;1;1;1;1;1;1;1;1;1;1;4;1;1;1;1;1;1;3;1;1;1;1;1;3;1;1;1;3;1;1;1;1;1;1;1;1;3;1;1;1;1;1;1;1;1;1;1;1;1;1;1;1;1;1;1;1;1;3;1;1;1;1;1;1;1;1;1;1;3;1;1;1;1;1;1;3;1;1;1;1;1;1;1;3;1;1;1;1;1;1;1;1;1;1;1;1;1;1;1;0,165184839709;0,190040808886;0,599525053657;0,212899266494;0,31421620698;1,17364379314;0;0;0;0
1;3;1;1;1;1;3;3;1;1;1;1;1;3;1;1;1;1;3;3;3;3;3;1;1;0;1;3;2;2;1;1;1;1;1;1;1;1;1;1;1;1;1;1;1;1;1;1;1;1;1;1;3;1;1;1;1;1;1;1;1;1;3;3;1;1;4;1;1;1;1;1;1;1;1;1;1;1;3;1;1;1;1;1;3;3;1;1;1;1;1;1;1;1;1;1;1;1;1;1;1;1;1;1;1;1;1;1;0;1;1;0;1;3;1;1;1;1;1;1;1;1;1;1;1;4;1;1;1;1;1;1;3;1;1;1;1;1;3;1;1;1;3;1;1;1;1;1;1;1;1;3;1;1;1;1;1;1;1;1;1;1;1;1;1;1;1;1;1;1;1;1;3;1;1;1;1;1;1;1;1;1;1;3;1;1;1;1;1;1;3;1;1;1;1;1;1;1;3;1;1;1;1;1;1;1;1;1;1;1;1;1;1;1;0,165184839709;0,190040808886;0,599525053657;0,212899266494;0,31421620698;1,17364379314;0;0;0;0
1;3;1;1;1;1;3;3;1;1;1;1;1;3;1;1;1;1;3;3;3;3;3;1;1;0;1;3;2;2;1;1;1;1;1;1;1;1;1;1;1;1;1;1;1;1;1;1;1;1;1;1;3;1;1;1;1;1;1;1;1;1;3;3;1;1;4;1;1;1;1;1;1;1;1;1;1;1;3;1;1;1;1;1;3;3;1;1;1;1;1;1;1;1;1;1;1;1;1;1;1;1;1;1;1;1;1;1;0;1;1;0;1;3;1;1;1;1;1;1;1;1;1;1;1;4;1;1;1;1;1;1;3;1;1;1;1;1;3;1;1;1;3;1;1;1;1;1;1;1;1;3;1;1;1;1;1;1;1;1;1;1;1;1;1;1;1;1;1;1;1;1;3;1;1;1;1;1;1;1;1;1;1;3;1;1;1;1;1;1;3;1;1;1;1;1;1;1;3;1;1;1;1;1;1;1;1;1;1;1;1;1;1;1;0,165184839709;0,190040808886;0,599525053657;0,212899266494;0,31421620698;1,17364379314;0;0;0;0
1;3;1;1;1;1;3;3;1;1;1;1;1;3;1;1;1;1;3;3;3;3;3;1;1;0;1;3;2;2;1;1;1;1;1;1;1;1;1;1;1;1;1;1;1;1;1;1;1;1;1;1;3;1;1;1;1;1;1;1;1;1;3;3;1;1;4;1;1;1;1;1;1;1;1;1;1;1;3;1;1;1;1;1;3;3;1;1;1;1;1;1;1;1;1;1;1;1;1;1;1;1;1;1;1;1;1;1;0;1;1;0;1;3;1;1;1;1;1;1;1;1;1;1;1;4;1;1;1;1;1;1;3;1;1;1;1;1;3;1;1;1;3;1;1;1;1;1;1;1;1;3;1;1;1;1;1;1;1;1;1;1;1;1;1;1;1;1;1;1;1;1;3;1;1;1;1;1;1;1;1;1;1;3;1;1;1;1;1;1;3;1;1;1;1;1;1;1;3;1;1;1;1;1;1;1;1;1;1;1;1;1;1;1;0,165184839709;0,190040808886;0,599525053657;0,212899266494;0,31421620698;1,17364379314;0;0;0;0
1;3;1;1;1;1;3;3;1;1;1;1;1;3;1;1;1;1;3;3;3;3;3;1;1;0;1;3;2;2;1;1;1;1;1;1;1;1;1;1;1;1;1;1;1;1;1;1;1;1;1;1;3;1;1;1;1;1;1;1;1;1;3;3;1;1;4;1;1;1;1;1;1;1;1;1;1;1;3;1;1;1;1;1;3;3;1;1;1;1;1;1;1;1;1;1;1;1;1;1;1;1;1;1;1;1;1;1;0;1;1;0;1;3;1;1;1;1;1;1;1;1;1;1;1;4;1;1;1;1;1;1;3;1;1;1;1;1;3;1;1;1;3;1;1;1;1;1;1;1;1;3;1;1;1;1;1;1;1;1;1;1;1;1;1;1;1;1;1;1;1;1;3;1;1;1;1;1;1;1;1;1;1;3;1;1;1;1;1;1;3;1;1;1;1;1;1;1;3;1;1;1;1;1;1;1;1;1;1;1;1;1;1;1;0,165184839709;0,190040808886;0,599525053657;0,212899266494;0,31421620698;1,17364379314;0;0;0;0
1;3;1;1;1;1;3;3;1;1;1;1;1;3;1;1;1;1;3;3;3;1;3;1;1;0;1;1;2;2;1;1;1;1;1;1;1;1;1;1;1;1;1;1;1;1;1;1;1;1;1;1;3;1;1;1;1;1;1;1;1;1;3;3;1;1;4;1;1;1;1;1;1;1;1;1;1;1;3;1;1;1;1;1;3;3;1;1;1;1;1;1;1;1;1;1;1;1;1;1;1;1;1;1;1;1;1;1;0;1;1;0;1;3;1;1;1;1;1;1;1;1;1;1;1;4;1;1;1;1;1;1;3;1;1;1;1;1;3;1;1;1;3;1;1;1;1;1;1;1;1;3;1;1;1;1;1;1;1;1;1;1;1;1;1;1;1;1;1;1;1;1;3;1;1;1;1;1;1;1;1;1;1;3;1;1;1;1;1;1;3;1;1;1;1;1;1;1;3;1;1;1;1;1;1;1;1;1;1;1;1;1;1;1;0,150293195242;0,178152339383;0,587912590545;0,201376046595;0,299995483671;1,20359946894;0;0;0;0
1;3;1;1;1;1;3;3;1;1;1;1;1;3;1;1;1;1;3;3;3;1;3;1;1;0;1;1;2;2;1;1;1;1;1;1;1;1;1;1;1;1;1;1;1;1;1;1;1;1;1;1;3;1;1;1;1;1;1;1;1;1;3;3;1;1;4;1;1;1;1;1;1;1;1;1;1;1;3;1;1;1;1;1;3;3;1;1;1;1;1;1;1;1;1;1;1;1;1;1;1;1;1;1;1;1;1;1;0;1;1;0;1;3;1;1;1;1;1;1;1;1;1;1;1;4;1;1;1;1;1;1;3;1;1;1;1;1;3;1;1;1;3;1;1;1;1;1;1;1;1;3;1;1;1;1;1;1;1;1;1;1;1;1;1;1;1;1;1;1;1;1;3;1;1;1;1;1;1;1;1;1;1;3;1;1;1;1;1;1;3;1;1;1;1;1;1;1;3;1;1;1;1;1;1;1;1;1;1;1;1;1;1;1;0,150293195242;0,178152339383;0,587912590545;0,201376046595;0,299995483671;1,20359946894;0;0;0;0
1;3;1;1;1;1;3;3;1;1;1;1;1;3;1;1;1;1;3;3;3;1;3;1;1;0;1;1;2;2;1;1;1;1;1;1;1;1;1;1;1;1;1;1;1;1;1;1;1;1;1;1;3;1;1;1;1;1;1;1;1;1;3;3;1;1;4;1;1;1;1;1;1;1;1;1;1;1;3;1;1;1;1;1;3;3;1;1;1;1;1;1;1;1;1;1;1;1;1;1;1;1;1;1;1;1;1;1;0;1;1;0;1;3;1;1;1;1;1;1;1;1;1;1;1;4;1;1;1;1;1;1;3;1;1;1;1;1;3;1;1;1;3;1;1;1;1;1;1;1;1;3;1;1;1;1;1;1;1;1;1;1;1;1;1;1;1;1;1;1;1;1;3;1;1;1;1;1;1;1;1;1;1;3;1;1;1;1;1;1;3;1;1;1;1;1;1;1;3;1;1;1;1;1;1;1;1;1;1;1;1;1;1;1;0,150293195242;0,178152339383;0,587912590545;0,201376046595;0,299995483671;1,20359946894;0;0;0;0
