10;40;30;db;Cosine;4;1
5;5;5;5;5;5;5;5;5;5;3;3;5;5;5;5;0;5;5;5;5;5;0;5;5;5;5;5;5;3;5;5;5;5;5;5;5;5;5;5;5;5;5;3;5;5;5;5;5;5;5;5;4;5;5;5;5;5;5;5;5;5;5;5;5;5;5;5;5;5;5;5;5;5;5;5;1;5;5;5;5;5;0;5;5;5;3;5;5;5;4;5;5;5;5;5;5;5;5;3;5;5;5;5;5;3;5;5;2;5;5;5;5;5;1;5;5;5;5;5;5;5;5;5;5;5;5;5;5;5;0;6;5;5;5;5;5;2;5;5;5;5;5;5;5;5;5;5;5;5;5;5;5;5;5;5;5;5;5;3;5;5;5;5;3;5;5;5;5;5;5;5;5;0;5;5;0;5;5;3;1;5;5;5;5;5;0;5;5;5;5;5;5;3;5;0;5;5;5;5;5;5;6;5;5;5;5;5;5;0;5;5;0;5;0,0659375772767;0,0904901623523;0,317343205805;0,129662084364;0,184102436496;7,41634858132;0;0;0;0
5;5;5;5;5;5;5;5;5;5;3;3;5;5;5;5;0;5;5;5;5;5;0;5;5;5;5;5;5;3;5;5;5;5;5;5;5;5;5;5;5;5;5;3;5;5;5;5;5;5;5;5;4;5;5;5;5;5;5;5;5;5;5;5;5;5;5;5;5;5;5;5;5;5;5;5;1;5;5;5;5;5;0;5;5;5;3;5;5;5;4;5;5;5;5;5;5;5;5;3;5;5;5;5;5;3;5;5;2;5;5;5;5;5;1;5;5;5;5;5;5;5;5;5;5;5;5;5;5;5;0;6;5;5;5;5;5;2;5;5;5;5;5;5;5;5;5;5;5;5;5;5;5;5;5;5;5;5;5;3;5;5;5;5;3;5;5;5;5;5;5;5;5;0;5;5;0;5;5;3;1;5;5;5;5;5;0;5;5;5;5;5;5;3;5;0;5;5;5;5;5;5;6;5;5;5;5;5;5;0;5;5;0;5;0,0659375772767;0,0904901623523;0,317343205805;0,129662084364;0,184102436496;7,41634858132;0;0;0;0
5;5;5;5;5;5;5;5;5;5;3;3;5;5;5;5;0;5;5;5;5;5;0;5;5;5;5;5;5;3;5;5;5;5;5;5;5;5;5;5;5;5;5;3;5;5;5;5;5;5;5;5;4;5;5;5;5;5;5;5;5;5;5;5;5;5;5;5;5;5;5;5;5;5;5;5;1;5;5;5;5;5;0;5;5;5;3;5;5;5;4;5;5;5;5;5;5;5;5;3;5;5;5;5;5;3;5;5;2;5;5;5;5;5;1;5;5;5;5;5;5;5;5;5;5;5;5;5;5;5;0;6;5;5;5;5;5;2;5;5;5;5;5;5;5;5;5;5;5;5;5;5;5;5;5;5;5;5;5;3;5;5;5;5;3;5;5;5;5;5;5;5;5;0;5;5;0;5;5;3;1;5;5;5;5;5;0;5;5;5;5;5;5;3;5;0;5;5;5;5;5;5;6;5;5;5;5;5;5;0;5;5;0;5;0,0659375772767;0,0904901623523;0,317343205805;0,129662084364;0,184102436496;7,41634858132;0;0;0;0
5;5;5;5;2;5;5;5;5;5;0;4;5;5;5;5;3;5;3;5;5;5;3;5;5;3;5;3;5;5;5;5;5;5;5;3;5;5;5;5;5;5;5;0;5;5;5;5;3;5;5;5;5;5;5;5;5;5;5;5;5;5;5;5;5;5;5;5;5;5;5;5;5;5;5;5;2;5;5;3;5;5;3;5;5;5;3;5;4;5;2;5;5;5;5;5;5;5;5;0;5;5;3;5;5;5;3;5;0;5;5;5;5;5;2;5;5;3;5;5;5;5;5;3;5;5;3;5;5;5;3;1;5;3;5;5;3;0;5;5;5;3;4;5;5;5;5;5;5;5;3;5;5;5;5;4;3;5;3;4;5;5;5;5;0;5;5;5;5;5;5;5;3;3;3;5;3;5;3;5;2;5;5;5;5;5;3;5;3;3;5;5;5;4;5;3;5;5;5;5;5;3;1;5;3;5;5;5;5;3;5;5;0;5;0,217536038242;0,231235109876;0,461976223585;0,261270554363;0,333774826846;7,57336660213;0;0;0;0
5;5;5;5;2;5;5;5;5;5;0;4;5;5;5;5;3;5;3;5;5;5;3;5;5;3;5;3;5;5;5;5;5;5;5;3;5;5;5;5;5;5;5;0;5;5;5;5;3;5;5;5;5;5;5;5;5;5;5;5;5;5;5;5;5;5;5;5;5;5;5;5;5;5;5;5;2;5;5;3;5;5;3;5;5;5;3;5;4;5;2;5;5;5;5;5;5;5;5;0;5;5;3;5;5;5;3;5;0;5;5;5;5;5;2;5;5;3;5;5;5;5;5;3;5;5;3;5;5;5;3;1;5;3;5;5;3;0;5;5;5;3;4;5;5;5;5;5;5;5;3;5;5;5;5;4;3;5;3;4;5;5;5;5;0;5;5;5;5;5;5;5;3;3;3;5;3;5;3;5;2;5;5;5;5;5;3;5;3;3;5;5;5;4;5;3;5;5;5;5;5;3;1;5;3;5;5;5;5;3;5;5;0;5;0,217536038242;0,231235109876;0,461976223585;0,261270554363;0,333774826846;7,57336660213;0;0;0;0
3;3;3;3;3;3;3;3;3;3;3;3;3;3;3;3;3;3;3;3;3;3;0;3;3;3;3;3;3;3;3;3;3;3;3;3;3;3;3;3;3;3;3;3;3;3;3;3;3;3;3;3;3;3;3;3;3;3;3;3;3;3;3;3;3;3;3;3;3;3;3;3;3;3;3;3;1;3;3;3;3;3;0;3;3;3;3;3;3;3;3;3;3;3;3;3;3;3;3;3;3;3;3;3;3;3;3;3;2;3;3;3;3;3;1;3;3;3;3;3;3;3;3;3;3;3;3;3;3;3;0;1;3;3;3;3;3;2;3;3;3;3;3;3;3;3;3;3;3;3;3;3;3;3;3;3;3;3;3;3;3;3;3;3;3;3;3;3;3;3;3;3;3;0;3;3;0;3;3;3;1;3;3;3;3;3;3;3;3;3;3;3;3;3;3;0;3;3;3;3;3;3;1;3;3;3;3;3;3;0;3;3;0;3;0,0456543696856;0,0549976194335;0,357716962298;0,0763206037252;0,125800975134;8,42552667333;0;0;0;0
2;2;2;2;2;2;2;2;2;2;2;2;2;2;2;2;2;2;2;2;2;2;0;2;2;2;2;2;2;2;2;2;2;2;2;2;2;2;2;2;2;2;2;2;2;2;2;2;2;2;2;2;2;2;2;2;2;2;2;2;2;2;2;2;2;2;2;2;2;2;2;2;2;2;2;2;0;2;2;2;2;2;2;2;2;2;2;2;2;2;2;2;2;2;2;2;2;2;2;2;2;2;2;2;2;2;2;2;1;2;2;2;2;2;0;2;2;2;2;2;2;2;2;2;2;2;2;2;2;2;2;3;2;2;2;2;2;1;2;2;2;2;2;2;2;2;2;2;2;2;2;2;2;2;2;2;2;2;2;2;2;2;2;2;2;2;2;2;2;2;2;2;2;2;2;2;2;2;2;2;1;2;2;2;2;2;2;2;2;2;2;2;2;2;2;2;2;2;2;2;2;2;3;2;2;2;2;2;2;2;2;2;0;2;0,0196701420748;0,0163480425396;0,253818126277;0,0368514611476;0,0643587717719;9,48948480188;0;0;0;0
2;2;2;2;2;2;2;2;2;2;2;2;2;2;2;2;2;2;2;2;2;2;0;2;2;2;2;2;2;2;2;2;2;2;2;2;2;2;2;2;2;2;2;2;2;2;2;2;2;2;2;2;2;2;2;2;2;2;2;2;2;2;2;2;2;2;2;2;2;2;2;2;2;2;2;2;0;2;2;2;2;2;2;2;2;2;2;2;2;2;2;2;2;2;2;2;2;2;2;2;2;2;2;2;2;2;2;2;1;2;2;2;2;2;0;2;2;2;2;2;2;2;2;2;2;2;2;2;2;2;2;3;2;2;2;2;2;1;2;2;2;2;2;2;2;2;2;2;2;2;2;2;2;2;2;2;2;2;2;2;2;2;2;2;2;2;2;2;2;2;2;2;2;2;2;2;2;2;2;2;1;2;2;2;2;2;2;2;2;2;2;2;2;2;2;2;2;2;2;2;2;2;3;2;2;2;2;2;2;2;2;2;0;2;0,0196701420748;0,0163480425396;0,253818126277;0,0368514611476;0,0643587717719;9,48948480188;0;0;0;0
2;2;2;2;2;2;2;2;2;2;2;2;2;2;2;2;2;2;2;2;2;2;0;2;2;2;2;2;2;2;2;2;2;2;2;2;2;2;2;2;2;2;2;2;2;2;2;2;2;2;2;2;2;2;2;2;2;2;2;2;2;2;2;2;2;2;2;2;2;2;2;2;2;2;2;2;0;2;2;2;2;2;2;2;2;2;2;2;2;2;2;2;2;2;2;2;2;2;2;2;2;2;2;2;2;2;2;2;1;2;2;2;2;2;0;2;2;2;2;2;2;2;2;2;2;2;2;2;2;2;2;3;2;2;2;2;2;1;2;2;2;2;2;2;2;2;2;2;2;2;2;2;2;2;2;2;2;2;2;2;2;2;2;2;2;2;2;2;2;2;2;2;2;2;2;2;2;2;2;2;1;2;2;2;2;2;2;2;2;2;2;2;2;2;2;2;2;2;2;2;2;2;3;2;2;2;2;2;2;2;2;2;0;2;0,0196701420748;0,0163480425396;0,253818126277;0,0368514611476;0,0643587717719;9,48948480188;0;0;0;0
2;2;2;2;2;2;2;2;2;2;2;2;2;2;2;2;2;2;2;2;2;2;0;2;2;2;2;2;2;2;2;2;2;2;2;2;2;2;2;2;2;2;2;2;2;2;2;2;2;2;2;2;2;2;2;2;2;2;2;2;2;2;2;2;2;2;2;2;2;2;2;2;2;2;2;2;0;2;2;2;2;2;2;2;2;2;2;2;2;2;2;2;2;2;2;2;2;2;2;2;2;2;2;2;2;2;2;2;1;2;2;2;2;2;0;2;2;2;2;2;2;2;2;2;2;2;2;2;2;2;2;3;2;2;2;2;2;1;2;2;2;2;2;2;2;2;2;2;2;2;2;2;2;2;2;2;2;2;2;2;2;2;2;2;2;2;2;2;2;2;2;2;2;2;2;2;2;2;2;2;1;2;2;2;2;2;2;2;2;2;2;2;2;2;2;2;2;2;2;2;2;2;3;2;2;2;2;2;2;2;2;2;0;2;0,0196701420748;0,0163480425396;0,253818126277;0,0368514611476;0,0643587717719;9,48948480188;0;0;0;0
2;2;2;2;2;2;2;2;2;2;2;2;2;2;2;2;2;2;2;2;2;2;0;2;2;2;2;2;2;2;2;2;2;2;2;2;2;2;2;2;2;2;2;2;2;2;2;2;2;2;2;2;2;2;2;2;2;2;2;2;2;2;2;2;2;2;2;2;2;2;2;2;2;2;2;2;0;2;2;2;2;2;2;2;2;2;2;2;2;2;2;2;2;2;2;2;2;2;2;2;2;2;2;2;2;2;2;2;1;2;2;2;2;2;0;2;2;2;2;2;2;2;2;2;2;2;2;2;2;2;2;3;2;2;2;2;2;1;2;2;2;2;2;2;2;2;2;2;2;2;2;2;2;2;2;2;2;2;2;2;2;2;2;2;2;2;2;2;2;2;2;2;2;2;2;2;2;2;2;2;1;2;2;2;2;2;2;2;2;2;2;2;2;2;2;2;2;2;2;2;2;2;3;2;2;2;2;2;2;2;2;2;0;2;0,0196701420748;0,0163480425396;0,253818126277;0,0368514611476;0,0643587717719;9,48948480188;0;0;0;0
2;2;2;2;2;2;2;2;2;2;2;2;2;2;2;2;2;2;2;2;2;2;0;2;2;2;2;2;2;2;2;2;2;2;2;2;2;2;2;2;2;2;2;2;2;2;2;2;2;2;2;2;2;2;2;2;2;2;2;2;2;2;2;2;2;2;2;2;2;2;2;2;2;2;2;2;0;2;2;2;2;2;2;2;2;2;2;2;2;2;2;2;2;2;2;2;2;2;2;2;2;2;2;2;2;2;2;2;1;2;2;2;2;2;0;2;2;2;2;2;2;2;2;2;2;2;2;2;2;2;2;3;2;2;2;2;2;1;2;2;2;2;2;2;2;2;2;2;2;2;2;2;2;2;2;2;2;2;2;2;2;2;2;2;2;2;2;2;2;2;2;2;2;2;2;2;2;2;2;2;1;2;2;2;2;2;2;2;2;2;2;2;2;2;2;2;2;2;2;2;2;2;3;2;2;2;2;2;2;2;2;2;0;2;0,0196701420748;0,0163480425396;0,253818126277;0,0368514611476;0,0643587717719;9,48948480188;0;0;0;0
2;2;2;2;2;2;2;2;2;2;2;2;2;2;2;2;2;2;2;2;2;2;0;2;2;2;2;2;2;2;2;2;2;2;2;2;2;2;2;2;2;2;2;2;2;2;2;2;2;2;2;2;2;2;2;2;2;2;2;2;2;2;2;2;2;2;2;2;2;2;2;2;2;2;2;2;0;2;2;2;2;2;2;2;2;2;2;2;2;2;2;2;2;2;2;2;2;2;2;2;2;2;2;2;2;2;2;2;1;2;2;2;2;2;0;2;2;2;2;2;2;2;2;2;2;2;2;2;2;2;2;3;2;2;2;2;2;1;2;2;2;2;2;2;2;2;2;2;2;2;2;2;2;2;2;2;2;2;2;2;2;2;2;2;2;2;2;2;2;2;2;2;2;2;2;2;2;2;2;2;0;2;2;2;2;2;2;2;2;2;2;2;2;2;2;2;2;2;2;2;2;2;3;2;2;2;2;2;2;2;2;2;0;2;0,0198543329796;0,0209899137886;0,285524859978;0,0409309440999;0,0715980658755;10,3861955948;0;0;0;0
2;2;2;2;2;2;2;2;2;2;2;2;2;2;2;2;2;2;2;2;2;2;0;2;2;2;2;2;2;2;2;2;2;2;2;2;2;2;2;2;2;2;2;2;2;2;2;2;2;2;2;2;2;2;2;2;2;2;2;2;2;2;2;2;2;2;2;2;2;2;2;2;2;2;2;2;0;2;2;2;2;2;2;2;2;2;2;2;2;2;2;2;2;2;2;2;2;2;2;2;2;2;2;2;2;2;2;2;1;2;2;2;2;2;0;2;2;2;2;2;2;2;2;2;2;2;2;2;2;2;2;3;2;2;2;2;2;1;2;2;2;2;2;2;2;2;2;2;2;2;2;2;2;2;2;2;2;2;2;2;2;2;2;2;2;2;2;2;2;2;2;2;2;2;2;2;2;2;2;2;0;2;2;2;2;2;2;2;2;2;2;2;2;2;2;2;2;2;2;2;2;2;3;2;2;2;2;2;2;2;2;2;0;2;0,0198543329796;0,0209899137886;0,285524859978;0,0409309440999;0,0715980658755;10,3861955948;0;0;0;0
2;2;2;2;2;2;2;2;2;2;2;2;2;2;2;2;2;2;2;2;2;2;0;2;2;2;2;2;2;2;2;2;2;2;2;2;2;2;2;2;2;2;2;2;2;2;2;2;2;2;2;2;2;2;2;2;2;2;2;2;2;2;2;2;2;2;2;2;2;2;2;2;2;2;2;2;0;2;2;2;2;2;2;2;2;2;2;2;2;2;2;2;2;2;2;2;2;2;2;2;2;2;2;2;2;2;2;2;1;2;2;2;2;2;0;2;2;2;2;2;2;2;2;2;2;2;2;2;2;2;2;3;2;2;2;2;2;1;2;2;2;2;2;2;2;2;2;2;2;2;2;2;2;2;2;2;2;2;2;2;2;2;2;2;2;2;2;2;2;2;2;2;2;2;2;2;2;2;2;2;0;2;2;2;2;2;2;2;2;2;2;2;2;2;2;2;2;2;2;2;2;2;3;2;2;2;2;2;2;2;2;2;0;2;0,0198543329796;0,0209899137886;0,285524859978;0,0409309440999;0,0715980658755;10,3861955948;0;0;0;0
2;2;2;2;2;2;2;2;2;2;2;2;2;2;2;2;2;2;2;2;2;2;0;2;2;2;2;2;2;2;2;2;2;2;2;2;2;2;2;2;2;2;2;2;2;2;2;2;2;2;2;2;2;2;2;2;2;2;2;2;2;2;2;2;2;2;2;2;2;2;2;2;2;2;2;2;0;2;2;2;2;2;2;2;2;2;2;2;2;2;2;2;2;2;2;2;2;2;2;2;2;2;2;2;2;2;2;2;1;2;2;2;2;2;0;2;2;2;2;2;2;2;2;2;2;2;2;2;2;2;2;3;2;2;2;2;2;1;2;2;2;2;2;2;2;2;2;2;2;2;2;2;2;2;2;2;2;2;2;2;2;2;2;2;2;2;2;2;2;2;2;2;2;2;2;2;2;2;2;2;0;2;2;2;2;2;2;2;2;2;2;2;2;2;2;2;2;2;2;2;2;2;3;2;2;2;2;2;2;2;2;2;0;2;0,0198543329796;0,0209899137886;0,285524859978;0,0409309440999;0,0715980658755;10,3861955948;0;0;0;0
2;2;2;2;2;2;2;2;2;2;2;2;2;2;2;2;2;2;2;2;2;2;0;2;2;2;2;2;2;2;2;2;2;2;2;2;2;2;2;2;2;2;2;2;2;2;2;2;2;2;2;2;2;2;2;2;2;2;2;2;2;2;2;2;2;2;2;2;2;2;2;2;2;2;2;2;0;2;2;2;2;2;2;2;2;2;2;2;2;2;2;2;2;2;2;2;2;2;2;2;2;2;2;2;2;2;2;2;1;2;2;2;2;2;0;2;2;2;2;2;2;2;2;2;2;2;2;2;2;2;2;3;2;2;2;2;2;1;2;2;2;2;2;2;2;2;2;2;2;2;2;2;2;2;2;2;2;2;2;2;2;2;2;2;2;2;2;2;2;2;2;2;2;2;2;2;2;2;2;2;0;2;2;2;2;2;2;2;2;2;2;2;2;2;2;2;2;2;2;2;2;2;3;2;2;2;2;2;2;2;2;2;0;2;0,0198543329796;0,0209899137886;0,285524859978;0,0409309440999;0,0715980658755;10,3861955948;0;0;0;0
2;2;2;2;2;2;2;2;2;2;2;2;2;2;2;2;2;2;2;2;2;2;0;2;2;2;2;2;2;2;2;2;2;2;2;2;2;2;2;2;2;2;2;2;2;2;2;2;2;2;2;2;2;2;2;2;2;2;2;2;2;2;2;2;2;2;2;2;2;2;2;2;2;2;2;2;0;2;2;2;2;2;2;2;2;2;2;2;2;2;2;2;2;2;2;2;2;2;2;2;2;2;2;2;2;2;2;2;1;2;2;2;2;2;0;2;2;2;2;2;2;2;2;2;2;2;2;2;2;2;2;3;2;2;2;2;2;1;2;2;2;2;2;2;2;2;2;2;2;2;2;2;2;2;2;2;2;2;2;2;2;2;2;2;2;2;2;2;2;2;2;2;2;2;2;2;2;2;2;2;0;2;2;2;2;2;2;2;2;2;2;2;2;2;2;2;2;2;2;2;2;2;3;2;2;2;2;2;2;2;2;2;0;2;0,0198543329796;0,0209899137886;0,285524859978;0,0409309440999;0,0715980658755;10,3861955948;0;0;0;0
2;2;2;2;2;2;2;2;2;2;2;2;2;2;2;2;2;2;2;2;2;2;0;2;2;2;2;2;2;2;2;2;2;2;2;2;2;2;2;2;2;2;2;2;2;2;2;2;2;2;2;2;2;2;2;2;2;2;2;2;2;2;2;2;2;2;2;2;2;2;2;2;2;2;2;2;0;2;2;2;2;2;2;2;2;2;2;2;2;2;2;2;2;2;2;2;2;2;2;2;2;2;2;2;2;2;2;2;1;2;2;2;2;2;0;2;2;2;2;2;2;2;2;2;2;2;2;2;2;2;2;3;2;2;2;2;2;1;2;2;2;2;2;2;2;2;2;2;2;2;2;2;2;2;2;2;2;2;2;2;2;2;2;2;2;2;2;2;2;2;2;2;2;2;2;2;2;2;2;2;0;2;2;2;2;2;2;2;2;2;2;2;2;2;2;2;2;2;2;2;2;2;3;2;2;2;2;2;2;2;2;2;0;2;0,0198543329796;0,0209899137886;0,285524859978;0,0409309440999;0,0715980658755;10,3861955948;0;0;0;0
2;2;2;2;2;2;2;2;2;2;2;2;2;2;2;2;2;2;2;2;2;2;0;2;2;2;2;2;2;2;2;2;2;2;2;2;2;2;2;2;2;2;2;2;2;2;2;2;2;2;2;2;2;2;2;2;2;2;2;2;2;2;2;2;2;2;2;2;2;2;2;2;2;2;2;2;0;2;2;2;2;2;2;2;2;2;2;2;2;2;2;2;2;2;2;2;2;2;2;2;2;2;2;2;2;2;2;2;1;2;2;2;2;2;0;2;2;2;2;2;2;2;2;2;2;2;2;2;2;2;2;3;2;2;2;2;2;1;2;2;2;2;2;2;2;2;2;2;2;2;2;2;2;2;2;2;2;2;2;2;2;2;2;2;2;2;2;2;2;2;2;2;2;2;2;2;2;2;2;2;0;2;2;2;2;2;2;2;2;2;2;2;2;2;2;2;2;2;2;2;2;2;3;2;2;2;2;2;2;2;2;2;0;2;0,0198543329796;0,0209899137886;0,285524859978;0,0409309440999;0,0715980658755;10,3861955948;0;0;0;0
2;2;2;2;2;2;2;2;2;2;2;2;2;2;2;2;2;2;2;2;2;2;0;2;2;2;2;2;2;2;2;2;2;2;2;2;2;2;2;2;2;2;2;2;2;2;2;2;2;2;2;2;2;2;2;2;2;2;2;2;2;2;2;2;2;2;2;2;2;2;2;2;2;2;2;2;0;2;2;2;2;2;2;2;2;2;2;2;2;2;2;2;2;2;2;2;2;2;2;2;2;2;2;2;2;2;2;2;1;2;2;2;2;2;0;2;2;2;2;2;2;2;2;2;2;2;2;2;2;2;2;3;2;2;2;2;2;1;2;2;2;2;2;2;2;2;2;2;2;2;2;2;2;2;2;2;2;2;2;2;2;2;2;2;2;2;2;2;2;2;2;2;2;2;2;2;2;2;2;2;0;2;2;2;2;2;2;2;2;2;2;2;2;2;2;2;2;2;2;2;2;2;3;2;2;2;2;2;2;2;2;2;0;2;0,0198543329796;0,0209899137886;0,285524859978;0,0409309440999;0,0715980658755;10,3861955948;0;0;0;0
2;2;2;2;2;2;2;2;2;2;2;2;2;2;2;2;2;2;2;2;2;2;0;2;2;2;2;2;2;2;2;2;2;2;2;2;2;2;2;2;2;2;2;2;2;2;2;2;2;2;2;2;2;2;2;2;2;2;2;2;2;2;2;2;2;2;2;2;2;2;2;2;2;2;2;2;0;2;2;2;2;2;2;2;2;2;2;2;2;2;2;2;2;2;2;2;2;2;2;2;2;2;2;2;2;2;2;2;1;2;2;2;2;2;0;2;2;2;2;2;2;2;2;2;2;2;2;2;2;2;2;3;2;2;2;2;2;1;2;2;2;2;2;2;2;2;2;2;2;2;2;2;2;2;2;2;2;2;2;2;2;2;2;2;2;2;2;2;2;2;2;2;2;2;2;2;2;2;2;2;0;2;2;2;2;2;2;2;2;2;2;2;2;2;2;2;2;2;2;2;2;2;3;2;2;2;2;2;2;2;2;2;0;2;0,0198543329796;0,0209899137886;0,285524859978;0,0409309440999;0,0715980658755;10,3861955948;0;0;0;0
2;2;2;2;2;2;2;2;2;2;2;2;2;2;2;2;2;2;2;2;2;2;0;2;2;2;2;2;2;2;2;2;2;2;2;2;2;2;2;2;2;2;2;2;2;2;2;2;2;2;2;2;2;2;2;2;2;2;2;2;2;2;2;2;2;2;2;2;2;2;2;2;2;2;2;2;0;2;2;2;2;2;2;2;2;2;2;2;2;2;2;2;2;2;2;2;2;2;2;2;2;2;2;2;2;2;2;2;1;2;2;2;2;2;0;2;2;2;2;2;2;2;2;2;2;2;2;2;2;2;2;3;2;2;2;2;2;1;2;2;2;2;2;2;2;2;2;2;2;2;2;2;2;2;2;2;2;2;2;2;2;2;2;2;2;2;2;2;2;2;2;2;2;2;2;2;2;2;2;2;0;2;2;2;2;2;2;2;2;2;2;2;2;2;2;2;2;2;2;2;2;2;3;2;2;2;2;2;2;2;2;2;0;2;0,0198543329796;0,0209899137886;0,285524859978;0,0409309440999;0,0715980658755;10,3861955948;0;0;0;0
2;2;2;2;2;2;2;2;2;2;2;2;2;2;2;2;2;2;2;2;2;2;0;2;2;2;2;2;2;2;2;2;2;2;2;2;2;2;2;2;2;2;2;2;2;2;2;2;2;2;2;2;2;2;2;2;2;2;2;2;2;2;2;2;2;2;2;2;2;2;2;2;2;2;2;2;0;2;2;2;2;2;2;2;2;2;2;2;2;2;2;2;2;2;2;2;2;2;2;2;2;2;2;2;2;2;2;2;1;2;2;2;2;2;0;2;2;2;2;2;2;2;2;2;2;2;2;2;2;2;2;3;2;2;2;2;2;1;2;2;2;2;2;2;2;2;2;2;2;2;2;2;2;2;2;2;2;2;2;2;2;2;2;2;2;2;2;2;2;2;2;2;2;2;2;2;2;2;2;2;0;2;2;2;2;2;2;2;2;2;2;2;2;2;2;2;2;2;2;2;2;2;3;2;2;2;2;2;2;2;2;2;0;2;0,0198543329796;0,0209899137886;0,285524859978;0,0409309440999;0,0715980658755;10,3861955948;0;0;0;0
2;2;2;2;2;2;2;2;2;2;2;2;2;2;2;2;2;2;2;2;2;2;0;2;2;2;2;2;2;2;2;2;2;2;2;2;2;2;2;2;2;2;2;2;2;2;2;2;2;2;2;2;2;2;2;2;2;2;2;2;2;2;2;2;2;2;2;2;2;2;2;2;2;2;2;2;0;2;2;2;2;2;2;2;2;2;2;2;2;2;2;2;2;2;2;2;2;2;2;2;2;2;2;2;2;2;2;2;1;2;2;2;2;2;0;2;2;2;2;2;2;2;2;2;2;2;2;2;2;2;2;3;2;2;2;2;2;1;2;2;2;2;2;2;2;2;2;2;2;2;2;2;2;2;2;2;2;2;2;2;2;2;2;2;2;2;2;2;2;2;2;2;2;2;2;2;2;2;2;2;0;2;2;2;2;2;2;2;2;2;2;2;2;2;2;2;2;2;2;2;2;2;3;2;2;2;2;2;2;2;2;2;0;2;0,0198543329796;0,0209899137886;0,285524859978;0,0409309440999;0,0715980658755;10,3861955948;0;0;0;0
2;2;2;2;2;2;2;2;2;2;2;2;2;2;2;2;2;2;2;2;2;2;0;2;2;2;2;2;2;2;2;2;2;2;2;2;2;2;2;2;2;2;2;2;2;2;2;2;2;2;2;2;2;2;2;2;2;2;2;2;2;2;2;2;2;2;2;2;2;2;2;2;2;2;2;2;0;2;2;2;2;2;2;2;2;2;2;2;2;2;2;2;2;2;2;2;2;2;2;2;2;2;2;2;2;2;2;2;1;2;2;2;2;2;0;2;2;2;2;2;2;2;2;2;2;2;2;2;2;2;2;3;2;2;2;2;2;1;2;2;2;2;2;2;2;2;2;2;2;2;2;2;2;2;2;2;2;2;2;2;2;2;2;2;2;2;2;2;2;2;2;2;2;2;2;2;2;2;2;2;0;2;2;2;2;2;2;2;2;2;2;2;2;2;2;2;2;2;2;2;2;2;3;2;2;2;2;2;2;2;2;2;0;2;0,0198543329796;0,0209899137886;0,285524859978;0,0409309440999;0,0715980658755;10,3861955948;0;0;0;0
2;2;2;2;2;2;2;2;2;2;2;2;2;2;2;2;2;2;2;2;2;2;0;2;2;2;2;2;2;2;2;2;2;2;2;2;2;2;2;2;2;2;2;2;2;2;2;2;2;2;2;2;2;2;2;2;2;2;2;2;2;2;2;2;2;2;2;2;2;2;2;2;2;2;2;2;0;2;2;2;2;2;2;2;2;2;2;2;2;2;2;2;2;2;2;2;2;2;2;2;2;2;2;2;2;2;2;2;1;2;2;2;2;2;0;2;2;2;2;2;2;2;2;2;2;2;2;2;2;2;2;3;2;2;2;2;2;1;2;2;2;2;2;2;2;2;2;2;2;2;2;2;2;2;2;2;2;2;2;2;2;2;2;2;2;2;2;2;2;2;2;2;2;2;2;2;2;2;2;2;0;2;2;2;2;2;2;2;2;2;2;2;2;2;2;2;2;2;2;2;2;2;3;2;2;2;2;2;2;2;2;2;0;2;0,0198543329796;0,0209899137886;0,285524859978;0,0409309440999;0,0715980658755;10,3861955948;0;0;0;0
2;2;2;2;2;2;2;2;2;2;2;2;2;2;2;2;2;2;2;2;2;2;0;2;2;2;2;2;2;2;2;2;2;2;2;2;2;2;2;2;2;2;2;2;2;2;2;2;2;2;2;2;2;2;2;2;2;2;2;2;2;2;2;2;2;2;2;2;2;2;2;2;2;2;2;2;0;2;2;2;2;2;2;2;2;2;2;2;2;2;2;2;2;2;2;2;2;2;2;2;2;2;2;2;2;2;2;2;1;2;2;2;2;2;0;2;2;2;2;2;2;2;2;2;2;2;2;2;2;2;2;3;2;2;2;2;2;1;2;2;2;2;2;2;2;2;2;2;2;2;2;2;2;2;2;2;2;2;2;2;2;2;2;2;2;2;2;2;2;2;2;2;2;2;2;2;2;2;2;2;0;2;2;2;2;2;2;2;2;2;2;2;2;2;2;2;2;2;2;2;2;2;3;2;2;2;2;2;2;2;2;2;0;2;0,0198543329796;0,0209899137886;0,285524859978;0,0409309440999;0,0715980658755;10,3861955948;0;0;0;0
2;2;2;2;2;2;2;2;2;2;2;2;2;2;2;2;2;2;2;2;2;2;0;2;2;2;2;2;2;2;2;2;2;2;2;2;2;2;2;2;2;2;2;2;2;2;2;2;2;2;2;2;2;2;2;2;2;2;2;2;2;2;2;2;2;2;2;2;2;2;2;2;2;2;2;2;0;2;2;2;2;2;2;2;2;2;2;2;2;2;2;2;2;2;2;2;2;2;2;2;2;2;2;2;2;2;2;2;1;2;2;2;2;2;0;2;2;2;2;2;2;2;2;2;2;2;2;2;2;2;2;3;2;2;2;2;2;1;2;2;2;2;2;2;2;2;2;2;2;2;2;2;2;2;2;2;2;2;2;2;2;2;2;2;2;2;2;2;2;2;2;2;2;2;2;2;2;2;2;2;0;2;2;2;2;2;2;2;2;2;2;2;2;2;2;2;2;2;2;2;2;2;3;2;2;2;2;2;2;2;2;2;0;2;0,0198543329796;0,0209899137886;0,285524859978;0,0409309440999;0,0715980658755;10,3861955948;0;0;0;0
2;2;2;2;2;2;2;2;2;2;2;2;2;2;2;2;2;2;2;2;2;2;0;2;2;2;2;2;2;2;2;2;2;2;2;2;2;2;2;2;2;2;2;2;2;2;2;2;2;2;2;2;2;2;2;2;2;2;2;2;2;2;2;2;2;2;2;2;2;2;2;2;2;2;2;2;0;2;2;2;2;2;2;2;2;2;2;2;2;2;2;2;2;2;2;2;2;2;2;2;2;2;2;2;2;2;2;2;1;2;2;2;2;2;0;2;2;2;2;2;2;2;2;2;2;2;2;2;2;2;2;3;2;2;2;2;2;1;2;2;2;2;2;2;2;2;2;2;2;2;2;2;2;2;2;2;2;2;2;2;2;2;2;2;2;2;2;2;2;2;2;2;2;2;2;2;2;2;2;2;0;2;2;2;2;2;2;2;2;2;2;2;2;2;2;2;2;2;2;2;2;2;3;2;2;2;2;2;2;2;2;2;0;2;0,0198543329796;0,0209899137886;0,285524859978;0,0409309440999;0,0715980658755;10,3861955948;0;0;0;0
