25;40;30;db;Minkowski_2;4;4
0;2;0;2;2;2;2;2;2;2;2;2;2;1;2;2;2;2;2;2;2;0;2;0;2;2;0;2;2;2;2;2;2;2;0;2;2;0;2;2;2;2;2;2;2;2;2;2;0;0;2;2;1;0;2;0;2;2;1;2;2;2;2;2;2;2;0;2;0;2;0;0;2;2;2;0;2;2;0;2;2;2;2;2;2;2;1;2;2;1;2;0;2;2;0;2;2;0;1;2;2;2;2;4;2;2;2;2;0;0;2;0;0;2;2;2;2;2;2;2;2;2;2;2;0;2;2;2;2;2;1;0;2;2;0;2;2;2;2;0;0;2;2;2;2;2;2;2;2;2;2;2;2;2;2;2;1;2;2;2;2;2;0;2;2;2;2;2;2;0;2;0;0;2;4;2;2;0;0;2;2;2;0;2;2;2;2;0;2;2;0;2;2;2;2;2;2;0;2;2;2;0;2;0;3;2;2;4;2;2;2;3;2;2;0,223300817511;0,231174323127;0,504629709486;0,25433193257;0,338207999282;1,20155938067;0;0;0;0
0;2;0;2;2;2;2;2;2;2;2;2;2;1;2;2;2;2;2;2;2;0;2;0;2;2;0;2;2;2;2;2;2;2;0;2;2;0;2;2;2;2;2;2;2;2;2;2;0;0;2;2;1;0;2;0;2;2;1;2;2;2;2;2;2;2;0;2;0;2;0;0;2;2;2;0;2;2;0;2;2;2;2;2;2;2;1;2;2;1;2;0;2;2;0;2;2;0;1;2;2;2;2;4;2;2;2;2;0;0;2;0;0;2;2;2;2;2;2;2;2;2;2;2;0;2;2;2;2;2;1;0;2;2;0;2;2;2;2;0;0;2;2;2;2;2;2;2;2;2;2;2;2;2;2;2;1;2;2;2;2;2;0;2;2;2;2;2;2;0;2;0;0;2;4;2;2;0;0;2;2;2;0;2;2;2;2;0;2;2;0;2;2;2;2;2;2;0;2;2;2;0;2;0;3;2;2;4;2;2;2;3;2;2;0,223300817511;0,231174323127;0,504629709486;0,25433193257;0,338207999282;1,20155938067;0;0;0;0
0;3;0;3;3;3;3;3;3;3;3;3;3;1;3;3;3;3;3;3;3;3;3;3;3;3;0;3;3;3;3;3;3;3;0;3;3;3;3;3;3;3;3;3;3;3;3;3;3;3;3;3;3;0;3;0;3;3;2;3;3;3;3;3;3;3;0;3;3;3;3;0;3;3;3;0;3;3;0;3;3;3;3;3;3;3;3;3;3;2;3;0;3;3;3;3;3;0;1;3;3;0;3;0;3;3;3;3;3;0;3;0;0;3;3;3;3;3;3;3;3;3;3;3;3;3;3;3;3;3;2;3;3;3;3;3;3;3;3;0;3;3;3;3;3;3;3;3;3;3;3;3;3;3;3;3;3;3;3;3;3;3;3;3;3;3;3;3;3;0;3;0;3;3;3;3;3;0;0;3;3;3;0;3;3;3;3;3;3;3;3;3;3;3;3;3;3;0;3;3;3;0;3;3;4;3;3;3;3;3;3;4;3;3;0,152023500535;0,167805882924;0,538678486734;0,191291846774;0,282326000975;1,46056388113;0;0;0;0
1;3;2;3;3;3;3;3;3;2;3;3;3;2;3;3;3;3;3;3;3;2;3;2;3;3;2;3;3;3;3;3;3;3;2;3;3;6;3;3;3;3;3;3;3;3;3;3;2;2;3;3;2;2;3;2;3;3;2;0;3;3;3;3;3;3;2;3;2;3;2;0;3;3;3;2;3;3;2;3;3;3;3;3;3;3;2;3;3;2;3;2;2;3;2;3;3;2;1;3;3;2;3;5;3;3;3;3;2;2;3;2;2;3;3;3;3;3;3;3;3;3;3;3;2;3;3;0;3;3;2;2;3;3;2;3;3;3;3;2;6;3;3;3;3;3;3;3;3;3;3;3;3;3;3;3;2;3;3;3;3;3;2;3;3;3;3;3;3;2;3;2;2;3;5;3;3;2;2;3;3;3;2;3;3;3;3;2;3;3;2;3;3;3;3;3;3;2;3;3;3;2;3;2;4;3;3;5;3;3;3;4;3;3;0,211385890101;0,218719682832;0,463113111586;0,250855556313;0,325433040597;1,82160796126;0;0;0;0
1;3;2;3;3;3;3;3;3;2;3;3;3;2;3;3;3;3;3;3;3;2;3;2;3;3;2;3;3;3;3;3;3;3;2;3;3;6;3;3;3;3;3;3;3;3;3;3;2;2;3;3;2;2;3;2;3;3;2;0;3;3;3;3;3;3;2;3;2;3;2;0;3;3;3;2;3;3;2;3;3;3;3;3;3;3;2;3;3;2;3;2;2;3;2;3;3;2;1;3;3;2;3;5;3;3;3;3;2;2;3;2;2;3;3;3;3;3;3;3;3;3;3;3;2;3;3;0;3;3;2;2;3;3;2;3;3;3;3;2;6;3;3;3;3;3;3;3;3;3;3;3;3;3;3;3;2;3;3;3;3;3;2;3;3;3;3;3;3;2;3;2;2;3;5;3;3;2;2;3;3;3;2;3;3;3;3;2;3;3;2;3;3;3;3;3;3;2;3;3;3;2;3;2;4;3;3;5;3;3;3;4;3;3;0,211385890101;0,218719682832;0,463113111586;0,250855556313;0,325433040597;1,82160796126;0;0;0;0
1;3;2;3;3;3;3;3;3;2;3;3;3;2;3;3;3;3;3;3;3;2;3;2;3;3;2;3;3;3;3;3;3;3;2;3;3;6;3;3;3;3;3;3;3;3;3;3;2;2;3;3;2;2;3;2;3;3;2;0;3;3;3;3;3;3;2;3;2;3;2;0;3;3;3;2;3;3;2;3;3;3;3;3;3;3;2;3;3;2;3;2;2;3;2;3;3;2;1;3;3;2;3;5;3;3;3;3;2;2;3;2;2;3;3;3;3;3;3;3;3;3;3;3;2;3;3;0;3;3;2;2;3;3;2;3;3;3;3;2;6;3;3;3;3;3;3;3;3;3;3;3;3;3;3;3;2;3;3;3;3;3;2;3;3;3;3;3;3;2;3;2;2;3;5;3;3;2;2;3;3;3;2;3;3;3;3;2;3;3;2;3;3;3;3;3;3;2;3;3;3;2;3;2;4;3;3;5;3;3;3;4;3;3;0,211385890101;0,218719682832;0,463113111586;0,250855556313;0,325433040597;1,82160796126;0;0;0;0
1;3;2;3;3;3;3;3;3;2;3;3;3;2;3;3;3;3;3;3;3;2;3;2;3;3;2;3;3;3;3;3;3;3;2;3;3;6;3;3;3;3;3;3;3;3;3;3;2;2;3;3;2;2;3;2;3;3;2;0;3;3;3;3;3;3;2;3;2;3;2;0;3;3;3;2;3;3;2;3;3;3;3;3;3;3;2;3;3;2;3;2;2;3;2;3;3;2;1;3;3;2;3;5;3;3;3;3;2;2;3;2;2;3;3;3;3;3;3;3;3;3;3;3;2;3;3;0;3;3;2;2;3;3;2;3;3;3;3;2;6;3;3;3;3;3;3;3;3;3;3;3;3;3;3;3;2;3;3;3;3;3;2;3;3;3;3;3;3;2;3;2;2;3;5;3;3;2;2;3;3;3;2;3;3;3;3;2;3;3;2;3;3;3;3;3;3;2;3;3;3;2;3;2;4;3;3;5;3;3;3;4;3;3;0,211385890101;0,218719682832;0,463113111586;0,250855556313;0,325433040597;1,82160796126;0;0;0;0
1;3;2;3;3;3;3;3;3;2;3;3;3;2;3;3;3;3;3;3;3;2;3;2;3;3;2;3;3;3;3;3;3;3;2;3;3;6;3;3;3;3;3;3;3;3;3;3;2;2;3;3;2;2;3;2;3;3;2;0;3;3;3;3;3;3;2;3;2;3;2;0;3;3;3;2;3;3;2;3;3;3;3;3;3;3;2;3;3;2;3;2;2;3;2;3;3;2;1;3;3;2;3;5;3;3;3;3;2;2;3;2;2;3;3;3;3;3;3;3;3;3;3;3;2;3;3;0;3;3;2;2;3;3;2;3;3;3;3;2;6;3;3;3;3;3;3;3;3;3;3;3;3;3;3;3;2;3;3;3;3;3;2;3;3;3;3;3;3;2;3;2;2;3;5;3;3;2;2;3;3;3;2;3;3;3;3;2;3;3;2;3;3;3;3;3;3;2;3;3;3;2;3;2;4;3;3;5;3;3;3;4;3;3;0,211385890101;0,218719682832;0,463113111586;0,250855556313;0,325433040597;1,82160796126;0;0;0;0
1;3;2;3;3;3;3;3;3;2;3;3;3;2;3;3;3;3;3;3;3;2;3;2;3;3;2;3;3;3;3;3;3;3;2;3;3;6;3;3;3;3;3;3;3;3;3;3;2;2;3;3;2;2;3;2;3;3;2;0;3;3;3;3;3;3;2;3;2;3;2;0;3;3;3;2;3;3;2;3;3;3;3;3;3;3;2;3;3;2;3;2;2;3;2;3;3;2;1;3;3;2;3;5;3;3;3;3;2;2;3;2;2;3;3;3;3;3;3;3;3;3;3;3;2;3;3;0;3;3;2;2;3;3;2;3;3;3;3;2;6;3;3;3;3;3;3;3;3;3;3;3;3;3;3;3;2;3;3;3;3;3;2;3;3;3;3;3;3;2;3;2;2;3;5;3;3;2;2;3;3;3;2;3;3;3;3;2;3;3;2;3;3;3;3;3;3;2;3;3;3;2;3;2;4;3;3;5;3;3;3;4;3;3;0,211385890101;0,218719682832;0,463113111586;0,250855556313;0,325433040597;1,82160796126;0;0;0;0
1;3;2;3;3;3;3;3;3;2;3;3;3;2;3;3;3;3;3;3;3;2;3;2;3;3;2;3;3;3;3;3;3;3;2;3;3;6;3;3;3;3;3;3;3;3;3;3;2;2;3;3;2;2;3;2;3;3;2;0;3;3;3;3;3;3;2;3;2;3;2;0;3;3;3;2;3;3;2;3;3;3;3;3;3;3;2;3;3;2;3;2;2;3;2;3;3;2;1;3;3;2;3;5;3;3;3;3;2;2;3;2;2;3;3;3;3;3;3;3;3;3;3;3;2;3;3;0;3;3;2;2;3;3;2;3;3;3;3;2;6;3;3;3;3;3;3;3;3;3;3;3;3;3;3;3;2;3;3;3;3;3;2;3;3;3;3;3;3;2;3;2;2;3;5;3;3;2;2;3;3;3;2;2;3;3;3;2;3;3;2;3;3;3;3;3;3;2;3;3;3;2;3;2;4;3;3;5;3;3;3;4;3;3;0,216866445639;0,222540054959;0,466709885877;0,254508864418;0,329391888435;1,83381389503;0;0;0;0
1;3;2;3;3;3;3;3;3;2;3;3;3;2;3;3;3;3;3;3;3;2;3;2;3;3;2;3;3;3;3;3;3;3;2;3;3;6;3;3;3;3;3;3;3;3;3;3;2;2;3;3;2;2;3;2;3;3;2;0;3;3;3;3;3;3;2;3;2;3;2;0;3;3;3;2;3;3;2;3;3;3;3;3;3;3;2;3;3;2;3;2;2;3;2;3;3;2;1;3;3;2;3;5;3;3;3;3;2;2;3;2;2;3;3;3;3;3;3;3;3;3;3;3;2;3;3;0;3;3;2;2;3;3;2;3;3;3;3;2;6;3;3;3;3;3;3;3;3;3;3;3;3;3;3;3;2;3;3;3;3;3;2;3;3;3;3;3;3;2;3;2;2;3;5;3;3;2;2;3;3;3;2;2;3;3;3;2;3;3;2;3;3;3;3;3;3;2;3;3;3;2;3;2;4;3;3;5;3;3;3;4;3;3;0,216866445639;0,222540054959;0,466709885877;0,254508864418;0,329391888435;1,83381389503;0;0;0;0
1;3;2;3;3;3;3;3;3;2;3;3;3;2;3;3;3;3;3;3;3;2;3;2;3;3;2;3;3;3;3;3;3;3;2;3;3;6;3;3;3;3;3;3;3;3;3;3;2;2;3;3;2;2;3;2;3;3;2;0;3;3;3;3;3;3;2;3;2;3;2;0;3;3;3;2;3;3;2;3;3;3;3;3;3;3;2;3;3;2;3;2;2;3;2;3;3;2;1;3;3;2;3;5;3;3;3;3;2;2;3;2;2;3;3;3;3;3;3;3;3;3;3;3;2;3;3;0;3;3;2;2;3;3;2;3;3;3;3;2;6;3;3;3;3;3;3;3;3;3;3;3;3;3;3;3;2;3;3;3;3;3;2;3;3;3;3;3;3;2;3;2;2;3;5;3;3;2;2;3;3;3;2;2;3;3;3;2;3;3;2;3;3;3;3;3;3;2;3;3;3;2;3;2;4;3;3;5;3;3;3;4;3;3;0,216866445639;0,222540054959;0,466709885877;0,254508864418;0,329391888435;1,83381389503;0;0;0;0
1;3;2;3;3;3;3;3;3;2;3;3;3;2;3;3;3;3;3;3;3;2;3;2;3;3;2;3;3;3;3;3;3;3;2;3;3;6;3;3;3;3;3;3;3;3;3;3;2;2;3;3;2;2;3;2;3;3;2;0;3;3;3;3;3;3;2;3;2;3;2;0;3;3;3;2;3;3;2;3;3;3;3;3;3;3;2;3;3;2;3;2;2;3;2;3;3;2;1;3;3;2;3;5;3;3;3;3;2;2;3;2;2;3;3;3;3;3;3;3;3;3;3;3;2;3;3;0;3;3;2;2;3;3;2;3;3;3;3;2;6;3;3;3;3;3;3;3;3;3;3;3;3;3;3;3;2;3;3;3;3;3;2;3;3;3;3;3;3;2;3;2;2;3;5;3;3;2;2;3;3;3;2;2;3;3;3;2;3;3;2;3;3;3;3;3;3;2;3;3;3;2;3;2;4;3;3;5;3;3;3;4;3;3;0,216866445639;0,222540054959;0,466709885877;0,254508864418;0,329391888435;1,83381389503;0;0;0;0
1;3;2;3;3;3;3;3;3;2;3;3;3;2;3;3;3;3;3;3;3;2;3;2;3;3;2;3;3;3;3;3;3;3;2;3;3;6;3;3;3;3;3;3;3;3;3;3;2;2;3;3;2;2;3;2;3;3;2;0;3;3;3;3;3;3;2;3;2;3;2;0;3;3;3;2;3;3;2;3;3;3;3;3;3;3;2;3;3;2;3;2;2;3;2;3;3;2;1;3;3;2;3;5;3;3;3;3;2;2;3;2;2;3;3;3;3;3;3;3;3;3;3;3;2;3;3;0;3;3;2;2;3;3;2;3;3;3;3;2;6;3;3;3;3;3;3;3;3;3;3;3;3;3;3;3;2;3;3;3;3;3;2;3;3;3;3;3;3;2;3;2;2;3;5;3;3;2;2;3;3;3;2;2;3;3;3;2;3;3;2;3;3;3;3;3;3;2;3;3;3;2;3;2;4;3;3;5;3;3;3;4;3;3;0,216866445639;0,222540054959;0,466709885877;0,254508864418;0,329391888435;1,83381389503;0;0;0;0
1;3;2;3;3;3;3;3;3;2;3;3;3;2;3;3;3;3;3;3;3;2;3;2;3;3;2;3;3;3;3;3;3;3;2;3;3;6;3;3;3;3;3;3;3;3;3;3;2;2;3;3;2;2;3;2;3;3;2;0;3;3;3;3;3;3;2;3;2;3;2;0;3;3;3;2;3;3;2;3;3;3;3;3;3;3;2;3;3;2;3;2;2;3;2;3;3;2;1;3;3;2;3;5;3;3;3;3;2;2;3;2;2;3;3;3;3;3;3;3;3;3;3;3;2;3;3;0;2;3;2;2;3;3;2;3;3;3;3;2;6;3;3;3;3;3;3;3;3;3;3;3;3;3;3;3;2;3;3;3;3;3;2;3;3;3;3;3;3;2;3;2;2;3;5;3;3;2;2;3;3;3;2;2;3;3;3;2;3;3;2;3;3;3;3;3;3;2;3;3;3;2;3;2;4;3;3;5;3;3;3;4;3;3;0,225767751787;0,233531132825;0,48285897438;0,265038536589;0,342229340442;1,84363456552;0;0;0;0
1;3;2;3;3;3;3;3;3;2;3;3;3;2;3;3;3;3;3;3;3;2;3;2;3;3;2;3;3;3;3;3;3;3;2;3;3;6;3;3;3;3;3;3;3;3;3;3;2;2;3;3;2;2;3;2;3;3;2;0;3;3;3;3;3;3;2;3;2;3;2;0;3;3;3;2;3;3;2;3;3;3;3;3;3;3;2;3;3;2;3;2;2;3;2;3;3;2;1;3;3;2;3;5;3;3;3;3;2;2;3;2;2;3;3;3;3;3;3;3;3;3;3;3;2;3;3;0;2;3;2;2;3;3;2;3;3;3;3;2;6;3;3;3;3;3;3;3;3;3;3;3;3;3;3;3;2;3;3;3;3;3;2;3;3;3;3;3;3;2;3;2;2;3;5;3;3;2;2;3;3;3;2;2;3;3;3;2;3;3;2;3;3;3;3;3;3;2;3;3;3;2;3;2;4;3;3;5;3;3;3;4;3;3;0,225767751787;0,233531132825;0,48285897438;0,265038536589;0,342229340442;1,84363456552;0;0;0;0
1;3;2;3;3;3;3;3;3;2;3;3;3;2;3;3;3;3;3;3;3;2;3;2;3;3;2;3;3;3;3;3;3;3;2;3;3;6;3;3;3;3;3;3;3;3;3;3;2;2;3;3;2;2;3;2;3;3;2;0;3;3;3;3;3;3;2;3;2;3;2;0;3;3;3;2;3;3;2;3;3;3;3;3;3;3;2;3;3;2;3;2;2;3;2;3;3;2;1;3;3;2;3;5;3;3;3;3;2;2;3;2;2;3;3;3;3;3;3;3;3;3;3;3;2;3;3;0;2;3;2;2;3;3;2;3;3;3;3;2;6;3;3;3;3;3;3;3;3;3;3;3;3;3;3;3;2;3;3;3;3;3;2;3;3;3;3;3;3;2;3;2;2;3;5;3;3;2;2;3;3;3;2;2;3;3;3;2;3;3;2;3;3;3;3;3;3;2;3;3;3;2;3;2;4;3;3;5;3;3;3;4;3;3;0,225767751787;0,233531132825;0,48285897438;0,265038536589;0,342229340442;1,84363456552;0;0;0;0
1;3;2;3;3;3;3;3;3;2;3;3;3;2;3;3;3;3;3;3;3;2;3;2;3;3;2;3;3;3;3;3;3;3;2;3;3;6;3;3;3;3;3;3;3;3;3;3;2;2;3;3;2;2;3;2;3;3;2;0;3;3;3;3;3;3;2;3;2;3;2;0;3;3;3;2;3;3;2;3;3;3;3;3;3;3;2;3;3;2;3;2;2;3;2;3;3;2;1;3;3;2;3;5;3;3;3;3;2;2;3;2;2;3;3;3;3;3;3;3;3;3;3;3;2;3;3;0;2;3;2;2;3;3;2;3;3;3;3;2;6;3;3;3;3;3;3;3;3;3;3;3;3;3;3;3;2;3;3;3;3;3;2;3;3;3;3;3;3;2;3;2;2;3;5;3;3;2;2;3;3;3;2;2;3;3;3;2;3;3;2;3;3;3;3;3;3;2;3;3;3;2;3;2;4;3;3;5;3;3;3;4;3;3;0,225767751787;0,233531132825;0,48285897438;0,265038536589;0,342229340442;1,84363456552;0;0;0;0
0;0;0;0;0;0;0;0;0;0;0;0;0;0;0;0;0;0;0;0;0;0;0;0;0;0;0;0;0;0;0;0;0;0;0;0;0;0;0;0;0;0;0;0;0;0;0;0;0;0;0;0;0;0;0;0;0;0;0;0;0;0;0;0;0;0;0;0;0;0;0;0;0;0;0;0;0;0;0;0;0;0;0;0;0;0;0;0;0;0;0;0;0;0;0;0;0;0;0;0;0;0;0;0;0;0;0;0;0;0;0;0;0;0;0;0;0;0;0;0;0;0;0;0;0;0;0;0;0;0;0;0;0;0;0;0;0;0;0;0;0;0;0;0;0;0;0;0;0;0;0;0;0;0;0;0;0;0;0;0;0;0;0;0;0;0;0;0;0;0;0;0;0;0;0;0;0;0;0;0;0;0;0;0;0;0;0;0;0;0;0;0;0;0;0;0;0;0;0;0;0;0;0;0;1;0;0;0;0;0;0;1;0;0;0,0105786252684;0,0116572573969;0,507669359466;0,0178257137536;0,0344420686111;2,75354961677;0;0;0;0
0;0;0;0;0;0;0;0;0;0;0;0;0;0;0;0;0;0;0;0;0;0;0;0;0;0;0;0;0;0;0;0;0;0;0;0;0;0;0;0;0;0;0;0;0;0;0;0;0;0;0;0;0;0;0;0;0;0;0;0;0;0;0;0;0;0;0;0;0;0;0;0;0;0;0;0;0;0;0;0;0;0;0;0;0;0;0;0;0;0;0;0;0;0;0;0;0;0;0;0;0;0;0;0;0;0;0;0;0;0;0;0;0;0;0;0;0;0;0;0;0;0;0;0;0;0;0;0;0;0;0;0;0;0;0;0;0;0;0;0;0;0;0;0;0;0;0;0;0;0;0;0;0;0;0;0;0;0;0;0;0;0;0;0;0;0;0;0;0;0;0;0;0;0;0;0;0;0;0;0;0;0;0;0;0;0;0;0;0;0;0;0;0;0;0;0;0;0;0;0;0;0;0;0;1;0;0;0;0;0;0;1;0;0;0,0105786252684;0,0116572573969;0,507669359466;0,0178257137536;0,0344420686111;2,75354961677;0;0;0;0
0;0;0;0;0;0;0;0;0;0;0;0;0;0;0;0;0;0;0;0;0;0;0;0;0;0;0;0;0;0;0;0;0;0;0;0;0;0;0;0;0;0;0;0;0;0;0;0;0;0;0;0;0;0;0;0;0;0;0;0;0;0;0;0;0;0;0;0;0;0;0;0;0;0;0;0;0;0;0;0;0;0;0;0;0;0;0;0;0;0;0;0;0;0;0;0;0;0;0;0;0;0;0;0;0;0;0;0;0;0;0;0;0;0;0;0;0;0;0;0;0;0;0;0;0;0;0;0;0;0;0;0;0;0;0;0;0;0;0;0;0;0;0;0;0;0;0;0;0;0;0;0;0;0;0;0;0;0;0;0;0;0;0;0;0;0;0;0;0;0;0;0;0;0;0;0;0;0;0;0;0;0;0;0;0;0;0;0;0;0;0;0;0;0;0;0;0;0;0;0;0;0;0;0;1;0;0;0;0;0;0;1;0;0;0,0105786252684;0,0116572573969;0,507669359466;0,0178257137536;0,0344420686111;2,75354961677;0;0;0;0
0;0;0;0;0;0;0;0;0;0;0;0;0;0;0;0;0;0;0;0;0;0;0;0;0;0;0;0;0;0;0;0;0;0;0;0;0;0;0;0;0;0;0;0;0;0;0;0;0;0;0;0;0;0;0;0;0;0;0;0;0;0;0;0;0;0;0;0;0;0;0;0;0;0;0;0;0;0;0;0;0;0;0;0;0;0;0;0;0;0;0;0;0;0;0;0;0;0;0;0;0;0;0;0;0;0;0;0;0;0;0;0;0;0;0;0;0;0;0;0;0;0;0;0;0;0;0;0;0;0;0;0;0;0;0;0;0;0;0;0;0;0;0;0;0;0;0;0;0;0;0;0;0;0;0;0;0;0;0;0;0;0;0;0;0;0;0;0;0;0;0;0;0;0;0;0;0;0;0;0;0;0;0;0;0;0;0;0;0;0;0;0;0;0;0;0;0;0;0;0;0;0;0;0;1;0;0;0;0;0;0;1;0;0;0,0105786252684;0,0116572573969;0,507669359466;0,0178257137536;0,0344420686111;2,75354961677;0;0;0;0
0;0;0;0;0;0;0;0;0;0;0;0;0;0;0;0;0;0;0;0;0;0;0;0;0;0;0;0;0;0;0;0;0;0;0;0;0;0;0;0;0;0;0;0;0;0;0;0;0;0;0;0;0;0;0;0;0;0;0;0;0;0;0;0;0;0;0;0;0;0;0;0;0;0;0;0;0;0;0;0;0;0;0;0;0;0;0;0;0;0;0;0;0;0;0;0;0;0;0;0;0;0;0;0;0;0;0;0;0;0;0;0;0;0;0;0;0;0;0;0;0;0;0;0;0;0;0;0;0;0;0;0;0;0;0;0;0;0;0;0;0;0;0;0;0;0;0;0;0;0;0;0;0;0;0;0;0;0;0;0;0;0;0;0;0;0;0;0;0;0;0;0;0;0;0;0;0;0;0;0;0;0;0;0;0;0;0;0;0;0;0;0;0;0;0;0;0;0;0;0;0;0;0;0;1;0;0;0;0;0;0;1;0;0;0,0105786252684;0,0116572573969;0,507669359466;0,0178257137536;0,0344420686111;2,75354961677;0;0;0;0
0;0;0;0;0;0;0;0;0;0;0;0;0;0;0;0;0;0;0;0;0;0;0;0;0;0;0;0;0;0;0;0;0;0;0;0;0;0;0;0;0;0;0;0;0;0;0;0;0;0;0;0;0;0;0;0;0;0;0;0;0;0;0;0;0;0;0;0;0;0;0;0;0;0;0;0;0;0;0;0;0;0;0;0;0;0;0;0;0;0;0;0;0;0;0;0;0;0;0;0;0;0;0;0;0;0;0;0;0;0;0;0;0;0;0;0;0;0;0;0;0;0;0;0;0;0;0;0;0;0;0;0;0;0;0;0;0;0;0;0;0;0;0;0;0;0;0;0;0;0;0;0;0;0;0;0;0;0;0;0;0;0;0;0;0;0;0;0;0;0;0;0;0;0;0;0;0;0;0;0;0;0;0;0;0;0;0;0;0;0;0;0;0;0;0;0;0;0;0;0;0;0;0;0;1;0;0;0;0;0;0;1;0;0;0,0105786252684;0,0116572573969;0,507669359466;0,0178257137536;0,0344420686111;2,75354961677;0;0;0;0
0;0;0;0;0;0;0;0;0;0;0;0;0;0;0;0;0;0;0;0;0;0;0;0;0;0;0;0;0;0;0;0;0;0;0;0;0;0;0;0;0;0;0;0;0;0;0;0;0;0;0;0;0;0;0;0;0;0;0;0;0;0;0;0;0;0;0;0;0;0;0;0;0;0;0;0;0;0;0;0;0;0;0;0;0;0;0;0;0;0;0;0;0;0;0;0;0;0;0;0;0;0;0;0;0;0;0;0;0;0;0;0;0;0;0;0;0;0;0;0;0;0;0;0;0;0;0;0;0;0;0;0;0;0;0;0;0;0;0;0;0;0;0;0;0;0;0;0;0;0;0;0;0;0;0;0;0;0;0;0;0;0;0;0;0;0;0;0;0;0;0;0;0;0;0;0;0;0;0;0;0;0;0;0;0;0;0;0;0;0;0;0;0;0;0;0;0;0;0;0;0;0;0;0;1;0;0;0;0;0;0;1;0;0;0,0105786252684;0,0116572573969;0,507669359466;0,0178257137536;0,0344420686111;2,75354961677;0;0;0;0
0;0;0;0;0;0;0;0;0;0;0;0;0;0;0;0;0;0;0;0;0;0;0;0;0;0;0;0;0;0;0;0;0;0;0;0;0;0;0;0;0;0;0;0;0;0;0;0;0;0;0;0;0;0;0;0;0;0;0;0;0;0;0;0;0;0;0;0;0;0;0;0;0;0;0;0;0;0;0;0;0;0;0;0;0;0;0;0;0;0;0;0;0;0;0;0;0;0;0;0;0;0;0;0;0;0;0;0;0;0;0;0;0;0;0;0;0;0;0;0;0;0;0;0;0;0;0;0;0;0;0;0;0;0;0;0;0;0;0;0;0;0;0;0;0;0;0;0;0;0;0;0;0;0;0;0;0;0;0;0;0;0;0;0;0;0;0;0;0;0;0;0;0;0;0;0;0;0;0;0;0;0;0;0;0;0;0;0;0;0;0;0;0;0;0;0;0;0;0;0;0;0;0;0;1;0;0;0;0;0;0;1;0;0;0,0105786252684;0,0116572573969;0,507669359466;0,0178257137536;0,0344420686111;2,75354961677;0;0;0;0
0;0;0;0;0;0;0;0;0;0;0;0;0;0;0;0;0;0;0;0;0;0;0;0;0;0;0;0;0;0;0;0;0;0;0;0;0;0;0;0;0;0;0;0;0;0;0;0;0;0;0;0;0;0;0;0;0;0;0;0;0;0;0;0;0;0;0;0;0;0;0;0;0;0;0;0;0;0;0;0;0;0;0;0;0;0;0;0;0;0;0;0;0;0;0;0;0;0;0;0;0;0;0;0;0;0;0;0;0;0;0;0;0;0;0;0;0;0;0;0;0;0;0;0;0;0;0;0;0;0;0;0;0;0;0;0;0;0;0;0;0;0;0;0;0;0;0;0;0;0;0;0;0;0;0;0;0;0;0;0;0;0;0;0;0;0;0;0;0;0;0;0;0;0;0;0;0;0;0;0;0;0;0;0;0;0;0;0;0;0;0;0;0;0;0;0;0;0;0;0;0;0;0;0;1;0;0;0;0;0;0;1;0;0;0,0105786252684;0,0116572573969;0,507669359466;0,0178257137536;0,0344420686111;2,75354961677;0;0;0;0
0;0;0;0;0;0;0;0;0;0;0;0;0;0;0;0;0;0;0;0;0;0;0;0;0;0;0;0;0;0;0;0;0;0;0;0;0;0;0;0;0;0;0;0;0;0;0;0;0;0;0;0;0;0;0;0;0;0;0;0;0;0;0;0;0;0;0;0;0;0;0;0;0;0;0;0;0;0;0;0;0;0;0;0;0;0;0;0;0;0;0;0;0;0;0;0;0;0;0;0;0;0;0;0;0;0;0;0;0;0;0;0;0;0;0;0;0;0;0;0;0;0;0;0;0;0;0;0;0;0;0;0;0;0;0;0;0;0;0;0;0;0;0;0;0;0;0;0;0;0;0;0;0;0;0;0;0;0;0;0;0;0;0;0;0;0;0;0;0;0;0;0;0;0;0;0;0;0;0;0;0;0;0;0;0;0;0;0;0;0;0;0;0;0;0;0;0;0;0;0;0;0;0;0;1;0;0;0;0;0;0;1;0;0;0,0105786252684;0,0116572573969;0,507669359466;0,0178257137536;0,0344420686111;2,75354961677;0;0;0;0
0;0;0;0;0;0;0;0;0;0;0;0;0;0;0;0;0;0;0;0;0;0;0;0;0;0;0;0;0;0;0;0;0;0;0;0;0;0;0;0;0;0;0;0;0;0;0;0;0;0;0;0;0;0;0;0;0;0;0;0;0;0;0;0;0;0;0;0;0;0;0;0;0;0;0;0;0;0;0;0;0;0;0;0;0;0;0;0;0;0;0;0;0;0;0;0;0;0;0;0;0;0;0;0;0;0;0;0;0;0;0;0;0;0;0;0;0;0;0;0;0;0;0;0;0;0;0;0;0;0;0;0;0;0;0;0;0;0;0;0;0;0;0;0;0;0;0;0;0;0;0;0;0;0;0;0;0;0;0;0;0;0;0;0;0;0;0;0;0;0;0;0;0;0;0;0;0;0;0;0;0;0;0;0;0;0;0;0;0;0;0;0;0;0;0;0;0;0;0;0;0;0;0;0;1;0;0;0;0;0;0;1;0;0;0,0105786252684;0,0116572573969;0,507669359466;0,0178257137536;0,0344420686111;2,75354961677;0;0;0;0
0;0;0;0;0;0;0;0;0;0;0;0;0;0;0;0;0;0;0;0;0;0;0;0;0;0;0;0;0;0;0;0;0;0;0;0;0;0;0;0;0;0;0;0;0;0;0;0;0;0;0;0;0;0;0;0;0;0;0;0;0;0;0;0;0;0;0;0;0;0;0;0;0;0;0;0;0;0;0;0;0;0;0;0;0;0;0;0;0;0;0;0;0;0;0;0;0;0;0;0;0;0;0;0;0;0;0;0;0;0;0;0;0;0;0;0;0;0;0;0;0;0;0;0;0;0;0;0;0;0;0;0;0;0;0;0;0;0;0;0;0;0;0;0;0;0;0;0;0;0;0;0;0;0;0;0;0;0;0;0;0;0;0;0;0;0;0;0;0;0;0;0;0;0;0;0;0;0;0;0;0;0;0;0;0;0;0;0;0;0;0;0;0;0;0;0;0;0;0;0;0;0;0;0;1;0;0;0;0;0;0;1;0;0;0,0105786252684;0,0116572573969;0,507669359466;0,0178257137536;0,0344420686111;2,75354961677;0;0;0;0
