25;40;30;db;Minkowski_2;4;2
0;0;0;0;0;0;0;0;0;0;0;0;0;5;4;0;0;0;0;0;0;5;5;0;5;0;5;0;0;0;0;0;0;0;0;0;4;0;4;0;0;0;0;0;0;3;0;0;0;0;4;5;4;1;0;0;3;0;5;0;0;4;0;0;0;5;0;0;0;0;0;0;0;0;4;0;4;2;5;0;0;0;0;0;0;0;2;0;0;4;4;0;0;4;0;0;0;0;0;0;0;0;0;0;0;0;0;0;0;0;0;0;0;0;0;4;0;0;0;0;0;0;5;0;0;0;4;5;4;0;5;0;5;0;0;0;0;0;0;0;2;0;0;0;0;0;0;0;0;0;1;0;0;0;0;0;0;0;4;0;4;5;0;5;0;0;0;0;0;0;0;4;0;0;0;0;1;0;0;0;3;5;5;5;0;5;5;0;0;0;5;0;0;0;0;0;4;0;0;0;5;0;0;0;5;0;0;0;0;0;0;0;0;0;0,217000529819;0,264718529884;0,531980892575;0,29315155518;0,378002407756;1,69364807211;0;0;0;0
0;0;0;0;0;0;0;0;0;0;0;0;0;5;4;0;0;0;0;0;0;2;5;0;5;0;0;0;0;0;0;0;0;0;0;0;4;0;4;0;0;0;0;0;0;2;0;0;0;0;4;5;4;4;0;0;3;0;5;0;0;4;0;0;0;5;0;0;0;0;0;0;0;0;4;0;4;0;5;0;0;0;0;0;0;0;1;0;0;0;4;0;0;4;0;0;0;0;0;0;0;0;0;0;0;0;0;0;0;0;0;0;0;0;0;4;0;0;0;0;0;0;5;0;0;0;4;5;4;0;5;0;5;0;0;0;0;0;0;0;1;0;0;0;0;0;0;0;0;0;4;0;0;0;0;0;0;0;4;0;4;5;0;2;0;0;0;0;0;0;0;4;0;0;0;0;4;0;0;0;3;5;5;5;0;5;5;0;0;0;5;0;0;0;0;0;4;0;0;0;0;0;0;0;2;0;0;0;0;0;0;0;0;0;0,189947621184;0,235223477077;0,509609633251;0,263971498944;0,347791364518;2,09022261397;0;0;0;0
0;0;0;0;0;0;0;0;0;0;0;0;0;5;4;0;0;0;0;0;0;2;5;0;5;0;0;0;0;0;0;0;0;0;0;0;4;0;4;0;0;0;0;0;0;2;0;0;0;0;4;5;4;4;0;0;3;0;5;0;0;4;0;0;0;5;0;0;0;0;0;0;0;0;4;0;4;0;5;0;0;0;0;0;0;0;1;0;0;0;4;0;0;4;0;0;0;0;0;0;0;0;0;0;0;0;0;0;0;0;0;0;0;0;0;4;0;0;0;0;0;0;5;0;0;0;4;5;4;0;5;0;5;0;0;0;0;0;0;0;1;0;0;0;0;0;0;0;0;0;4;0;0;0;0;0;0;0;4;0;4;5;0;2;0;0;0;0;0;0;0;4;0;0;0;0;4;0;0;0;3;5;5;5;0;5;5;0;0;0;5;0;0;0;0;0;4;0;0;0;0;0;0;0;2;0;0;0;0;0;0;0;0;0;0,189947621184;0,235223477077;0,509609633251;0,263971498944;0,347791364518;2,09022261397;0;0;0;0
0;0;0;0;0;0;0;0;0;0;0;0;0;5;4;0;0;0;0;0;0;2;5;0;5;0;0;0;0;0;0;0;0;0;0;0;4;0;4;0;0;0;0;0;0;2;0;0;0;0;4;5;4;4;0;0;3;0;5;0;0;4;0;0;0;5;0;0;0;0;0;0;0;0;4;0;4;0;5;0;0;0;0;0;0;0;1;0;0;0;4;0;0;4;0;0;0;0;0;0;0;0;0;0;0;0;0;0;0;0;0;0;0;0;0;4;0;0;0;0;0;0;5;0;0;0;4;5;4;0;5;0;5;0;0;0;0;0;0;0;1;0;0;0;0;0;0;0;0;0;4;0;0;0;0;0;0;0;4;0;4;5;0;2;0;0;0;0;0;0;0;4;0;0;0;0;4;0;0;0;3;5;5;5;0;5;5;0;0;0;5;0;0;0;0;0;4;0;0;0;0;0;0;0;2;0;0;0;0;0;0;0;0;0;0,189947621184;0,235223477077;0,509609633251;0,263971498944;0,347791364518;2,09022261397;0;0;0;0
0;0;0;0;0;0;0;0;0;0;0;0;0;5;4;0;0;0;0;0;0;2;5;0;5;0;0;0;0;0;0;0;0;0;0;0;4;0;4;0;0;0;0;0;0;2;0;0;0;0;4;5;4;4;0;0;3;0;5;0;0;4;0;0;0;5;0;0;0;0;0;0;0;0;4;0;4;0;5;0;0;0;0;0;0;0;1;0;0;0;4;0;0;4;0;0;0;0;0;0;0;0;0;0;0;0;0;0;0;0;0;0;0;0;0;4;0;0;0;0;0;0;5;0;0;0;4;5;4;0;5;0;5;0;0;0;0;0;0;0;1;0;0;0;0;0;0;0;0;0;4;0;0;0;0;0;0;0;4;0;4;5;0;2;0;0;0;0;0;0;0;4;0;0;0;0;4;0;0;0;3;5;5;5;0;5;5;0;0;0;5;0;0;0;0;0;4;0;0;0;0;0;0;0;2;0;0;0;0;0;0;0;0;0;0,189947621184;0,235223477077;0,509609633251;0,263971498944;0,347791364518;2,09022261397;0;0;0;0
0;0;0;0;0;0;0;0;0;0;0;0;0;5;4;0;0;0;0;0;0;2;5;0;5;0;0;0;0;0;0;0;0;0;0;0;4;0;4;0;0;0;0;0;0;2;0;0;0;0;4;5;4;4;0;0;3;0;5;0;0;4;0;0;0;5;0;0;0;0;0;0;0;0;4;0;4;0;5;0;0;0;0;0;0;0;1;0;0;0;4;0;0;4;0;0;0;0;0;0;0;0;0;0;0;0;0;0;0;0;0;0;0;0;0;4;0;0;0;0;0;0;5;0;0;0;4;5;4;0;5;0;5;0;0;0;0;0;0;0;1;0;0;0;0;0;0;0;0;0;4;0;0;0;0;0;0;0;4;0;4;5;0;2;0;0;0;0;0;0;0;4;0;0;0;0;4;0;0;0;3;5;5;5;0;5;5;0;0;0;5;0;0;0;0;0;4;0;0;0;0;0;0;0;2;0;0;0;0;0;0;0;0;0;0,189947621184;0,235223477077;0,509609633251;0,263971498944;0,347791364518;2,09022261397;0;0;0;0
0;0;0;0;0;0;0;0;0;0;0;0;0;5;4;0;0;0;0;0;0;2;5;0;5;0;0;0;0;0;0;0;0;0;0;0;4;0;4;0;0;0;0;0;0;2;0;0;0;0;4;5;4;4;0;0;3;0;5;0;0;4;0;0;0;5;0;0;0;0;0;0;0;0;4;0;4;0;5;0;0;0;0;0;0;0;1;0;0;0;4;0;0;4;0;0;0;0;0;0;0;0;0;0;0;0;0;0;0;0;0;0;0;0;0;4;0;0;0;0;0;0;5;0;0;0;4;5;4;0;5;0;5;0;0;0;0;0;0;0;1;0;0;0;0;0;0;0;0;0;4;0;0;0;0;0;0;0;4;0;4;5;0;2;0;0;0;0;0;0;0;4;0;0;0;0;4;0;0;0;3;5;5;5;0;5;5;0;0;0;5;0;0;0;0;0;4;0;0;0;0;0;0;0;2;0;0;0;0;0;0;0;0;0;0,189947621184;0,235223477077;0,509609633251;0,263971498944;0,347791364518;2,09022261397;0;0;0;0
2;2;2;2;1;2;2;2;2;2;2;2;2;4;4;2;2;2;2;2;2;4;4;2;4;2;3;2;2;2;2;3;2;2;2;2;4;2;4;2;2;2;2;2;2;4;2;2;2;2;4;4;4;4;2;2;0;2;4;2;2;4;2;2;2;4;2;2;2;2;2;2;2;2;4;2;4;2;4;2;2;2;2;2;2;2;4;2;2;4;4;2;2;4;2;2;2;2;2;2;2;2;2;2;2;2;2;2;2;2;2;2;2;3;2;4;2;2;2;2;2;2;4;2;2;2;4;4;4;2;4;2;4;2;2;2;2;2;2;2;4;2;2;2;2;2;2;2;2;2;4;2;2;2;2;2;2;2;4;2;4;4;2;4;2;2;2;2;2;2;2;4;2;2;2;2;4;2;1;2;0;4;4;4;2;4;4;2;2;2;4;2;2;2;2;2;4;2;0;2;4;2;2;2;4;2;2;2;2;2;2;2;2;2;0,202626011364;0,185950626564;0,443951768138;0,209282615425;0,284465697142;2,22421170671;0;0;0;0
2;2;2;2;1;2;2;2;2;2;2;2;2;4;4;2;2;2;2;2;2;4;4;2;4;2;3;2;2;2;2;3;2;2;2;2;4;2;4;2;2;2;2;2;2;4;2;2;2;2;4;4;4;4;2;2;0;2;4;2;2;4;2;2;2;4;2;2;2;2;2;2;2;2;4;2;4;2;4;2;2;2;2;2;2;2;4;2;2;4;4;2;2;4;2;2;2;2;2;2;2;2;2;2;2;2;2;2;2;2;2;2;2;3;2;4;2;2;2;2;2;2;4;2;2;2;4;4;4;2;4;2;4;2;2;2;2;2;2;2;4;2;2;2;2;2;2;2;2;2;4;2;2;2;2;2;2;2;4;2;4;4;2;4;2;2;2;2;2;2;2;4;2;2;2;2;4;2;1;2;0;4;4;4;2;4;4;2;2;2;4;2;2;2;2;2;4;2;0;2;4;2;2;2;4;2;2;2;2;2;2;2;2;2;0,202626011364;0,185950626564;0,443951768138;0,209282615425;0,284465697142;2,22421170671;0;0;0;0
0;0;0;0;0;0;0;0;0;0;0;0;0;5;4;0;0;0;0;0;0;5;5;0;5;0;0;0;0;0;0;0;0;0;0;0;4;0;4;0;0;0;0;0;0;1;0;0;0;0;4;5;4;4;0;0;3;0;5;0;0;4;0;0;0;5;0;0;0;0;0;0;0;0;4;0;4;0;5;0;0;0;0;0;0;0;2;0;0;0;4;0;0;4;0;0;0;0;0;0;0;0;0;0;0;0;0;0;0;0;0;0;0;0;0;4;0;0;0;0;0;0;5;0;0;0;4;5;4;0;5;0;5;0;0;0;0;0;0;0;2;0;0;0;0;0;0;0;0;0;4;0;0;0;0;0;0;0;4;0;4;5;0;1;0;0;0;0;0;0;0;4;0;0;0;0;4;0;0;0;3;5;5;5;0;5;5;0;0;0;5;0;0;0;0;0;4;0;0;0;5;0;0;0;4;0;0;0;0;0;0;0;0;0;0,199831090086;0,236586326969;0,515181576541;0,264259209338;0,349331157796;2,31723516513;0;0;0;0
0;0;0;0;0;0;0;0;0;0;0;0;0;5;4;0;0;0;0;0;0;5;5;0;5;0;0;0;0;0;0;0;0;0;0;0;4;0;4;0;0;0;0;0;0;1;0;0;0;0;4;5;4;4;0;0;3;0;5;0;0;4;0;0;0;5;0;0;0;0;0;0;0;0;4;0;4;0;5;0;0;0;0;0;0;0;2;0;0;0;4;0;0;4;0;0;0;0;0;0;0;0;0;0;0;0;0;0;0;0;0;0;0;0;0;4;0;0;0;0;0;0;5;0;0;0;4;5;4;0;5;0;5;0;0;0;0;0;0;0;2;0;0;0;0;0;0;0;0;0;4;0;0;0;0;0;0;0;4;0;4;5;0;1;0;0;0;0;0;0;0;4;0;0;0;0;4;0;0;0;3;5;5;5;0;5;5;0;0;0;5;0;0;0;0;0;4;0;0;0;5;0;0;0;4;0;0;0;0;0;0;0;0;0;0,199831090086;0,236586326969;0,515181576541;0,264259209338;0,349331157796;2,31723516513;0;0;0;0
0;0;0;0;0;0;0;0;0;0;0;0;0;5;4;0;0;0;0;0;0;5;5;0;5;0;0;0;0;0;0;0;0;0;0;0;4;0;4;0;0;0;0;0;0;1;0;0;0;0;4;5;4;4;0;0;3;0;5;0;0;4;0;0;0;5;0;0;0;0;0;0;0;0;4;0;4;0;5;0;0;0;0;0;0;0;2;0;0;0;4;0;0;4;0;0;0;0;0;0;0;0;0;0;0;0;0;0;0;0;0;0;0;0;0;4;0;0;0;0;0;0;5;0;0;0;4;5;4;0;5;0;5;0;0;0;0;0;0;0;2;0;0;0;0;0;0;0;0;0;4;0;0;0;0;0;0;0;4;0;4;5;0;1;0;0;0;0;0;0;0;4;0;0;0;0;4;0;0;0;3;5;5;5;0;5;5;0;0;0;5;0;0;0;0;0;4;0;0;0;5;0;0;0;4;0;0;0;0;0;0;0;0;0;0,199831090086;0,236586326969;0,515181576541;0,264259209338;0,349331157796;2,31723516513;0;0;0;0
0;0;0;0;0;0;0;0;0;0;0;0;0;5;4;0;0;0;0;0;0;5;5;0;5;0;0;0;0;0;0;0;0;0;0;0;4;0;4;0;0;0;0;0;0;1;0;0;0;0;4;5;4;4;0;0;3;0;5;0;0;4;0;0;0;5;0;0;0;0;0;0;0;0;4;0;4;0;5;0;0;0;0;0;0;0;2;0;0;0;4;0;0;4;0;0;0;0;0;0;0;0;0;0;0;0;0;0;0;0;0;0;0;0;0;4;0;0;0;0;0;0;5;0;0;0;4;5;4;0;5;0;5;0;0;0;0;0;0;0;2;0;0;0;0;0;0;0;0;0;4;0;0;0;0;0;0;0;4;0;4;5;0;1;0;0;0;0;0;0;0;4;0;0;0;0;4;0;0;0;3;5;5;5;0;5;5;0;0;0;5;0;0;0;0;0;4;0;0;0;5;0;0;0;4;0;0;0;0;0;0;0;0;0;0,199831090086;0,236586326969;0,515181576541;0,264259209338;0,349331157796;2,31723516513;0;0;0;0
0;0;0;0;0;0;0;0;0;0;0;0;0;5;4;0;0;0;0;0;0;5;5;0;5;0;0;0;0;0;0;0;0;0;0;0;4;0;4;0;0;0;0;0;0;1;0;0;0;0;4;5;4;4;0;0;3;0;5;0;0;4;0;0;0;5;0;0;0;0;0;0;0;0;4;0;4;0;5;0;0;0;0;0;0;0;2;0;0;0;4;0;0;4;0;0;0;0;0;0;0;0;0;0;0;0;0;0;0;0;0;0;0;0;0;4;0;0;0;0;0;0;5;0;0;0;4;5;4;0;5;0;5;0;0;0;0;0;0;0;2;0;0;0;0;0;0;0;0;0;4;0;0;0;0;0;0;0;4;0;4;5;0;1;0;0;0;0;0;0;0;4;0;0;0;0;4;0;0;0;3;5;5;5;0;5;5;0;0;0;5;0;0;0;0;0;4;0;0;0;5;0;0;0;4;0;0;0;0;0;0;0;0;0;0,199831090086;0,236586326969;0,515181576541;0,264259209338;0,349331157796;2,31723516513;0;0;0;0
0;0;0;0;0;0;0;0;0;0;0;0;0;5;4;0;0;0;0;0;0;5;5;0;5;0;0;0;0;0;0;0;0;0;0;0;4;0;4;0;0;0;0;0;0;1;0;0;0;0;4;5;4;4;0;0;3;0;5;0;0;4;0;0;0;5;0;0;0;0;0;0;0;0;4;0;4;0;5;0;0;0;0;0;0;0;2;0;0;0;4;0;0;4;0;0;0;0;0;0;0;0;0;0;0;0;0;0;0;0;0;0;0;0;0;4;0;0;0;0;0;0;5;0;0;0;4;5;4;0;5;0;5;0;0;0;0;0;0;0;2;0;0;0;0;0;0;0;0;0;4;0;0;0;0;0;0;0;4;0;4;5;0;1;0;0;0;0;0;0;0;4;0;0;0;0;4;0;0;0;3;5;5;5;0;5;5;0;0;0;5;0;0;0;0;0;4;0;0;0;5;0;0;0;4;0;0;0;0;0;0;0;0;0;0,199831090086;0,236586326969;0,515181576541;0,264259209338;0,349331157796;2,31723516513;0;0;0;0
0;0;0;0;0;0;0;0;0;0;0;0;0;5;4;0;0;0;0;0;0;5;5;0;5;0;0;0;0;0;0;0;0;0;0;0;4;0;4;0;0;0;0;0;0;1;0;0;0;0;4;5;4;4;0;0;3;0;5;0;0;4;0;0;0;5;0;0;0;0;0;0;0;0;4;0;4;0;5;0;0;0;0;0;0;0;2;0;0;0;4;0;0;4;0;0;0;0;0;0;0;0;0;0;0;0;0;0;0;0;0;0;0;0;0;4;0;0;0;0;0;0;5;0;0;0;4;5;4;0;5;0;5;0;0;0;0;0;0;0;2;0;0;0;0;0;0;0;0;0;4;0;0;0;0;0;0;0;4;0;4;5;0;1;0;0;0;0;0;0;0;4;0;0;0;0;4;0;0;0;3;5;5;5;0;5;5;0;0;0;5;0;0;0;0;0;4;0;0;0;5;0;0;0;4;0;0;0;0;0;0;0;0;0;0,199831090086;0,236586326969;0,515181576541;0,264259209338;0,349331157796;2,31723516513;0;0;0;0
0;0;0;0;0;0;0;0;0;0;0;0;0;5;4;0;0;0;0;0;0;5;5;0;5;0;0;0;0;0;0;0;0;0;0;0;4;0;4;0;0;0;0;0;0;1;0;0;0;0;4;5;4;4;0;0;3;0;5;0;0;4;0;0;0;5;0;0;0;0;0;0;0;0;4;0;4;0;5;0;0;0;0;0;0;0;2;0;0;0;4;0;0;4;0;0;0;0;0;0;0;0;0;0;0;0;0;0;0;0;0;0;0;0;0;4;0;0;0;0;0;0;5;0;0;0;4;5;4;0;5;0;5;0;0;0;0;0;0;0;2;0;0;0;0;0;0;0;0;0;4;0;0;0;0;0;0;0;4;0;4;5;0;1;0;0;0;0;0;0;0;4;0;0;0;0;4;0;0;0;3;5;5;5;0;5;5;0;0;0;5;0;0;0;0;0;4;0;0;0;5;0;0;0;4;0;0;0;0;0;0;0;0;0;0,199831090086;0,236586326969;0,515181576541;0,264259209338;0,349331157796;2,31723516513;0;0;0;0
0;0;0;0;0;0;0;0;0;0;0;0;0;5;4;0;0;0;0;0;0;5;5;0;5;0;0;0;0;0;0;0;0;0;0;0;4;0;4;0;0;0;0;0;0;1;0;0;0;0;4;5;4;4;0;0;3;0;5;0;0;4;0;0;0;5;0;0;0;0;0;0;0;0;4;0;4;0;5;0;0;0;0;0;0;0;2;0;0;0;4;0;0;4;0;0;0;0;0;0;0;0;0;0;0;0;0;0;0;0;0;0;0;0;0;4;0;0;0;0;0;0;5;0;0;0;4;5;4;0;5;0;5;0;0;0;0;0;0;0;2;0;0;0;0;0;0;0;0;0;4;0;0;0;0;0;0;0;4;0;4;5;0;1;0;0;0;0;0;0;0;4;0;0;0;0;4;0;0;0;3;5;5;5;0;5;5;0;0;0;5;0;0;0;0;0;4;0;0;0;5;0;0;0;4;0;0;0;0;0;0;0;0;0;0,199831090086;0,236586326969;0,515181576541;0,264259209338;0,349331157796;2,31723516513;0;0;0;0
3;3;3;3;1;3;3;3;3;3;3;3;3;4;4;3;3;3;3;3;3;4;4;3;4;3;3;3;3;3;3;3;3;3;3;3;4;3;4;3;3;3;3;3;3;2;3;3;3;3;4;4;4;4;3;3;0;3;4;3;3;4;3;3;3;4;3;3;3;3;3;3;3;3;4;3;4;3;4;3;3;3;3;3;3;3;4;3;3;4;4;3;3;4;3;3;3;3;3;3;3;3;3;3;3;3;3;3;3;3;3;3;3;3;3;4;3;3;3;3;3;3;4;3;3;3;4;4;4;3;4;3;4;3;3;3;3;3;3;3;4;3;3;3;3;3;3;3;3;3;4;3;3;3;3;3;3;3;4;3;4;4;3;2;3;4;3;3;3;3;3;4;3;3;3;3;4;3;1;3;0;4;4;4;3;4;4;3;3;3;4;3;3;3;3;3;4;3;0;3;4;3;3;3;4;3;3;3;3;3;3;3;3;3;0,198121909979;0,184099392646;0,455007143359;0,206833698684;0,28439106326;2,49212736279;0;0;0;0
3;3;3;3;1;3;3;3;3;3;3;3;3;4;4;3;3;3;3;3;3;4;4;3;4;3;3;3;3;3;3;3;3;3;3;3;4;3;4;3;3;3;3;3;3;2;3;3;3;3;4;4;4;4;3;3;0;3;4;3;3;4;3;3;3;4;3;3;3;3;3;3;3;3;4;3;4;3;4;3;3;3;3;3;3;3;4;3;3;4;4;3;3;4;3;3;3;3;3;3;3;3;3;3;3;3;3;3;3;3;3;3;3;3;3;4;3;3;3;3;3;3;4;3;3;3;4;4;4;3;4;3;4;3;3;3;3;3;3;3;4;3;3;3;3;3;3;3;3;3;4;3;3;3;3;3;3;3;4;3;4;4;3;2;3;4;3;3;3;3;3;4;3;3;3;3;4;3;1;3;0;4;4;4;3;4;4;3;3;3;4;3;3;3;3;3;4;3;0;3;4;3;3;3;4;3;3;3;3;3;3;3;3;3;0,198121909979;0,184099392646;0,455007143359;0,206833698684;0,28439106326;2,49212736279;0;0;0;0
3;3;3;3;1;3;3;3;3;3;3;3;3;4;4;3;3;3;3;3;3;4;4;3;4;3;3;3;3;3;3;3;3;3;3;3;4;3;4;3;3;3;3;3;3;2;3;3;3;3;4;4;4;4;3;3;0;3;4;3;3;4;3;3;3;4;3;3;3;3;3;3;3;3;4;3;4;3;4;3;3;3;3;3;3;3;4;3;3;4;4;3;3;4;3;3;3;3;3;3;3;3;3;3;3;3;3;3;3;3;3;3;3;3;3;4;3;3;3;3;3;3;4;3;3;3;4;4;4;3;4;3;4;3;3;3;3;3;3;3;4;3;3;3;3;3;3;3;3;3;4;3;3;3;3;3;3;3;4;3;4;4;3;2;3;4;3;3;3;3;3;4;3;3;3;3;4;3;1;3;0;4;4;4;3;4;4;3;3;3;4;3;3;3;3;3;4;3;0;3;4;3;3;3;4;3;3;3;3;3;3;3;3;3;0,198121909979;0,184099392646;0,455007143359;0,206833698684;0,28439106326;2,49212736279;0;0;0;0
3;3;3;3;1;3;3;3;3;3;3;3;3;4;4;3;3;3;3;3;3;4;4;3;4;3;3;3;3;3;3;3;3;3;3;3;4;3;4;3;3;3;3;3;3;2;3;3;3;3;4;4;4;4;3;3;0;3;4;3;3;4;3;3;3;4;3;3;3;3;3;3;3;3;4;3;4;3;4;3;3;3;3;3;3;3;4;3;3;4;4;3;3;4;3;3;3;3;3;3;3;3;3;3;3;3;3;3;3;3;3;3;3;3;3;4;3;3;3;3;3;3;4;3;3;3;4;4;4;3;4;3;4;3;3;3;3;3;3;3;4;3;3;3;3;3;3;3;3;3;4;3;3;3;3;3;3;3;4;3;4;4;3;2;3;4;3;3;3;3;3;4;3;3;3;3;4;3;1;3;0;4;4;4;3;4;4;3;3;3;4;3;3;3;3;3;4;3;0;3;4;3;3;3;4;3;3;3;3;3;3;3;3;3;0,198121909979;0,184099392646;0,455007143359;0,206833698684;0,28439106326;2,49212736279;0;0;0;0
3;3;3;3;1;3;3;3;3;3;3;3;3;4;4;3;3;3;3;3;3;4;4;3;4;3;3;3;3;3;3;3;3;3;3;3;4;3;4;3;3;3;3;3;3;2;3;3;3;3;4;4;4;4;3;3;0;3;4;3;3;4;3;3;3;4;3;3;3;3;3;3;3;3;4;3;4;3;4;3;3;3;3;3;3;3;4;3;3;4;4;3;3;4;3;3;3;3;3;3;3;3;3;3;3;3;3;3;3;3;3;3;3;3;3;4;3;3;3;3;3;3;4;3;3;3;4;4;4;3;4;3;4;3;3;3;3;3;3;3;4;3;3;3;3;3;3;3;3;3;4;3;3;3;3;3;3;3;4;3;4;4;3;2;3;4;3;3;3;3;3;4;3;3;3;3;4;3;1;3;0;4;4;4;3;4;4;3;3;3;4;3;3;3;3;3;4;3;0;3;4;3;3;3;4;3;3;3;3;3;3;3;3;3;0,198121909979;0,184099392646;0,455007143359;0,206833698684;0,28439106326;2,49212736279;0;0;0;0
3;3;3;3;1;3;3;3;3;3;3;3;3;4;4;3;3;3;3;3;3;4;4;3;4;3;3;3;3;3;3;3;3;3;3;3;4;3;4;3;3;3;3;3;3;2;3;3;3;3;4;4;4;4;3;3;0;3;4;3;3;4;3;3;3;4;3;3;3;3;3;3;3;3;4;3;4;3;4;3;3;3;3;3;3;3;4;3;3;4;4;3;3;4;3;3;3;3;3;3;3;3;3;3;3;3;3;3;3;3;3;3;3;3;3;4;3;3;3;3;3;3;4;3;3;3;4;4;4;3;4;3;4;3;3;3;3;3;3;3;4;3;3;3;3;3;3;3;3;3;4;3;3;3;3;3;3;3;4;3;4;4;3;2;3;4;3;3;3;3;3;4;3;3;3;3;4;3;1;3;0;4;4;4;3;4;4;3;3;3;4;3;3;3;3;3;4;3;0;3;4;3;3;3;4;3;3;3;3;3;3;3;3;3;0,198121909979;0,184099392646;0,455007143359;0,206833698684;0,28439106326;2,49212736279;0;0;0;0
3;3;3;3;1;3;3;3;3;3;3;3;3;4;4;3;3;3;3;3;3;4;4;3;4;3;3;3;3;3;3;3;3;3;3;3;4;3;4;3;3;3;3;3;3;2;3;3;3;3;4;4;4;4;3;3;0;3;4;3;3;4;3;3;3;4;3;3;3;3;3;3;3;3;4;3;4;3;4;3;3;3;3;3;3;3;4;3;3;4;4;3;3;4;3;3;3;3;3;3;3;3;3;3;3;3;3;3;3;3;3;3;3;3;3;4;3;3;3;3;3;3;4;3;3;3;4;4;4;3;4;3;4;3;3;3;3;3;3;3;4;3;3;3;3;3;3;3;3;3;4;3;3;3;3;3;3;3;4;3;4;4;3;2;3;4;3;3;3;3;3;4;3;3;3;3;4;3;1;3;0;4;4;4;3;4;4;3;3;3;4;3;3;3;3;3;4;3;0;3;4;3;3;3;4;3;3;3;3;3;3;3;3;3;0,198121909979;0,184099392646;0,455007143359;0,206833698684;0,28439106326;2,49212736279;0;0;0;0
3;3;3;3;1;3;3;3;3;3;3;3;3;4;4;3;3;3;3;3;3;4;4;3;4;3;3;3;3;3;3;3;3;3;3;3;4;3;4;3;3;3;3;3;3;2;3;3;3;3;4;4;4;4;3;3;0;3;4;3;3;4;3;3;3;4;3;3;3;3;3;3;3;3;4;3;4;3;4;3;3;3;3;3;3;3;4;3;3;4;4;3;3;4;3;3;3;3;3;3;3;3;3;3;3;3;3;3;3;3;3;3;3;3;3;4;3;3;3;3;3;3;4;3;3;3;4;4;4;3;4;3;4;3;3;3;3;3;3;3;4;3;3;3;3;3;3;3;3;3;4;3;3;3;3;3;3;3;4;3;4;4;3;2;3;4;3;3;3;3;3;4;3;3;3;3;4;3;1;3;0;4;4;4;3;4;4;3;3;3;4;3;3;3;3;3;4;3;0;3;4;3;3;3;4;3;3;3;3;3;3;3;3;3;0,198121909979;0,184099392646;0,455007143359;0,206833698684;0,28439106326;2,49212736279;0;0;0;0
3;3;3;3;1;3;3;3;3;3;3;3;3;4;4;3;3;3;3;3;3;4;4;3;4;3;3;3;3;3;3;3;3;3;3;3;4;3;4;3;3;3;3;3;3;2;3;3;3;3;4;4;4;4;3;3;0;3;4;3;3;4;3;3;3;4;3;3;3;3;3;3;3;3;4;3;4;3;4;3;3;3;3;3;3;3;4;3;3;4;4;3;3;4;3;3;3;3;3;3;3;3;3;3;3;3;3;3;3;3;3;3;3;3;3;4;3;3;3;3;3;3;4;3;3;3;4;4;4;3;4;3;4;3;3;3;3;3;3;3;4;3;3;3;3;3;3;3;3;3;4;3;3;3;3;3;3;3;4;3;4;4;3;2;3;4;3;3;3;3;3;4;3;3;3;3;4;3;1;3;0;4;4;4;3;4;4;3;3;3;4;3;3;3;3;3;4;3;0;3;4;3;3;3;4;3;3;3;3;3;3;3;3;3;0,198121909979;0,184099392646;0,455007143359;0,206833698684;0,28439106326;2,49212736279;0;0;0;0
3;3;3;3;1;3;3;3;3;3;3;3;3;4;4;3;3;3;3;3;3;4;4;3;4;3;3;3;3;3;3;3;3;3;3;3;4;3;4;3;3;3;3;3;3;2;3;3;3;3;4;4;4;4;3;3;0;3;4;3;3;4;3;3;3;4;3;3;3;3;3;3;3;3;4;3;4;3;4;3;3;3;3;3;3;3;4;3;3;4;4;3;3;4;3;3;3;3;3;3;3;3;3;3;3;3;3;3;3;3;3;3;3;3;3;4;3;3;3;3;3;3;4;3;3;3;4;4;4;3;4;3;4;3;3;3;3;3;3;3;4;3;3;3;3;3;3;3;3;3;4;3;3;3;3;3;3;3;4;3;4;4;3;2;3;4;3;3;3;3;3;4;3;3;3;3;4;3;1;3;0;4;4;4;3;4;4;3;3;3;4;3;3;3;3;3;4;3;0;3;4;3;3;3;4;3;3;3;3;3;3;3;3;3;0,198121909979;0,184099392646;0,455007143359;0,206833698684;0,28439106326;2,49212736279;0;0;0;0
3;3;3;3;1;3;3;3;3;3;3;3;3;4;4;3;3;3;3;3;3;4;4;3;4;3;3;3;3;3;3;3;3;3;3;3;4;3;4;3;3;3;3;3;3;2;3;3;3;3;4;4;4;4;3;3;0;3;4;3;3;4;3;3;3;4;3;3;3;3;3;3;3;3;4;3;4;3;4;3;3;3;3;3;3;3;4;3;3;4;4;3;3;4;3;3;3;3;3;3;3;3;3;3;3;3;3;3;3;3;3;3;3;3;3;4;3;3;3;3;3;3;4;3;3;3;4;4;4;3;4;3;4;3;3;3;3;3;3;3;4;3;3;3;3;3;3;3;3;3;4;3;3;3;3;3;3;3;4;3;4;4;3;2;3;4;3;3;3;3;3;4;3;3;3;3;4;3;1;3;0;4;4;4;3;4;4;3;3;3;4;3;3;3;3;3;4;3;0;3;4;3;3;3;4;3;3;3;3;3;3;3;3;3;0,198121909979;0,184099392646;0,455007143359;0,206833698684;0,28439106326;2,49212736279;0;0;0;0
3;3;3;3;1;3;3;3;3;3;3;3;3;4;4;3;3;3;3;3;3;4;4;3;4;3;3;3;3;3;3;3;3;3;3;3;4;3;4;3;3;3;3;3;3;2;3;3;3;3;4;4;4;4;3;3;0;3;4;3;3;4;3;3;3;4;3;3;3;3;3;3;3;3;4;3;4;3;4;3;3;3;3;3;3;3;4;3;3;4;4;3;3;4;3;3;3;3;3;3;3;3;3;3;3;3;3;3;3;3;3;3;3;3;3;4;3;3;3;3;3;3;4;3;3;3;4;4;4;3;4;3;4;3;3;3;3;3;3;3;4;3;3;3;3;3;3;3;3;3;4;3;3;3;3;3;3;3;4;3;4;4;3;2;3;4;3;3;3;3;3;4;3;3;3;3;4;3;1;3;0;4;4;4;3;4;4;3;3;3;4;3;3;3;3;3;4;3;0;3;4;3;3;3;4;3;3;3;3;3;3;3;3;3;0,198121909979;0,184099392646;0,455007143359;0,206833698684;0,28439106326;2,49212736279;0;0;0;0
