25;40;30;cs;Minkowski_2;1;1
7;4;0;5;4;4;4;4;4;4;4;6;4;5;7;4;4;1;4;4;4;4;7;4;0;6;7;7;4;7;4;4;4;4;4;4;4;4;4;4;4;4;1;1;4;4;4;4;4;4;4;4;7;4;4;7;4;4;4;4;4;4;3;4;4;4;7;7;4;7;4;4;2;4;4;4;7;4;4;4;5;4;4;4;4;4;4;4;7;4;4;4;7;4;4;4;4;4;4;4;4;4;4;7;4;4;7;4;4;4;7;4;4;6;4;4;4;4;7;4;7;4;4;7;4;4;3;4;4;2;4;4;4;4;4;4;3;4;4;7;4;0;1;4;4;4;7;4;1;4;4;4;7;4;4;4;4;4;4;4;7;4;4;4;4;6;4;1;4;0;4;4;7;3;4;4;4;7;4;4;7;7;4;4;4;4;4;4;4;6;4;1;4;4;4;4;1;4;4;7;4;4;4;4;1;4;4;7;4;4;4;4;7;4;0,214342432573;0,222390116446;0,404783472115;0,263909972956;0,319507828188;0,698479830311;0;0;0;0
7;4;0;5;4;4;4;4;4;4;4;6;4;5;7;4;4;1;4;4;4;4;7;4;0;6;7;7;4;7;4;4;4;4;4;4;4;4;4;4;4;4;1;1;4;4;4;4;4;4;4;4;7;4;4;7;4;4;4;4;4;4;3;4;4;4;7;7;4;7;4;4;2;4;4;4;7;4;4;4;5;4;4;4;4;4;4;4;7;4;4;4;7;4;4;4;4;4;4;4;4;4;4;7;4;4;7;4;4;4;7;4;4;6;4;4;4;4;7;4;7;4;4;7;4;4;3;4;4;2;4;4;4;4;4;4;3;4;4;7;4;0;1;4;4;4;7;4;1;4;4;4;7;4;4;4;4;4;4;4;7;4;4;4;4;6;4;1;4;0;4;4;7;3;4;4;4;7;4;4;7;7;4;4;4;4;4;4;4;6;4;1;4;4;4;4;1;4;4;7;4;4;4;4;1;4;4;7;4;4;4;4;7;4;0,214342432573;0,222390116446;0,404783472115;0,263909972956;0,319507828188;0,698479830311;0;0;0;0
3;0;2;2;0;0;0;0;3;0;0;0;0;3;3;0;0;3;0;0;0;0;3;0;2;1;3;3;0;3;0;0;0;0;4;0;0;0;0;0;0;0;3;3;0;0;0;0;0;0;0;0;3;0;0;3;0;0;0;0;3;0;3;0;0;0;3;3;0;3;0;0;3;0;0;0;3;0;0;0;2;0;0;0;0;3;0;0;3;0;0;0;3;0;0;0;0;0;0;3;0;0;0;3;0;0;3;0;0;0;3;0;0;4;0;0;0;0;3;0;3;0;0;3;0;0;4;0;0;3;0;0;0;3;0;0;4;0;0;3;0;0;3;0;0;0;3;0;3;0;0;0;3;0;0;0;0;0;0;0;3;0;3;0;0;1;0;3;0;2;0;0;3;4;0;0;0;3;3;0;3;3;0;0;0;0;0;0;0;4;0;3;0;0;0;0;3;0;0;3;0;0;3;0;3;0;0;3;0;0;0;0;3;0;0,240025392921;0,249688750729;0,496947375066;0,272571539565;0,35204777564;0,752410665046;0;0;0;0
3;0;2;2;0;0;0;0;3;0;0;0;0;3;3;0;0;3;0;0;0;0;3;0;2;1;3;3;0;3;0;0;0;0;4;0;0;0;0;0;0;0;3;3;0;0;0;0;0;0;0;0;3;0;0;3;0;0;0;0;3;0;3;0;0;0;3;3;0;3;0;0;3;0;0;0;3;0;0;0;2;0;0;0;0;3;0;0;3;0;0;0;3;0;0;0;0;0;0;3;0;0;0;3;0;0;3;0;0;0;3;0;0;4;0;0;0;0;3;0;3;0;0;3;0;0;4;0;0;3;0;0;0;3;0;0;4;0;0;3;0;0;3;0;0;0;3;0;3;0;0;0;3;0;0;0;0;0;0;0;3;0;3;0;0;1;0;3;0;2;0;0;3;4;0;0;0;3;3;0;3;3;0;0;0;0;0;0;0;4;0;3;0;0;0;0;3;0;0;3;0;0;3;0;3;0;0;3;0;0;0;0;3;0;0,240025392921;0,249688750729;0,496947375066;0,272571539565;0,35204777564;0,752410665046;0;0;0;0
3;1;3;3;1;1;1;1;3;1;1;1;1;3;3;1;1;3;1;1;1;1;3;1;3;0;3;3;1;3;1;1;1;1;1;1;1;1;1;1;1;1;3;3;1;1;1;1;1;1;1;1;1;1;1;3;1;1;1;1;3;1;3;1;1;1;3;3;1;3;1;1;2;1;1;1;1;1;1;1;3;1;1;1;1;1;1;1;3;1;1;1;3;1;1;1;1;1;1;1;1;1;1;3;1;1;3;1;1;1;3;1;1;1;1;1;1;1;3;1;3;1;1;3;1;1;3;1;1;2;1;1;1;3;1;1;1;1;1;3;1;0;3;1;1;1;3;1;3;1;1;1;3;1;1;1;1;1;1;1;3;1;3;1;1;0;1;3;1;3;1;1;3;1;1;1;1;3;3;1;3;3;1;1;1;1;1;1;1;0;1;3;1;1;1;1;3;1;1;3;1;1;3;1;3;1;1;3;1;1;1;1;3;1;0,218886999479;0,207856476867;0,491019520237;0,225310592381;0,308885238876;0,908075540643;0;0;0;0
3;1;3;3;1;1;1;1;3;1;1;1;1;3;3;1;1;3;1;1;1;1;3;1;3;0;3;3;1;3;1;1;1;1;1;1;1;1;1;1;1;1;3;3;1;1;1;1;1;1;1;1;1;1;1;3;1;1;1;1;3;1;3;1;1;1;3;3;1;3;1;1;2;1;1;1;1;1;1;1;3;1;1;1;1;1;1;1;3;1;1;1;3;1;1;1;1;1;1;1;1;1;1;3;1;1;3;1;1;1;3;1;1;1;1;1;1;1;3;1;3;1;1;3;1;1;3;1;1;2;1;1;1;3;1;1;1;1;1;3;1;0;3;1;1;1;3;1;3;1;1;1;3;1;1;1;1;1;1;1;3;1;3;1;1;0;1;3;1;3;1;1;3;1;1;1;1;3;3;1;3;3;1;1;1;1;1;1;1;0;1;3;1;1;1;1;3;1;1;3;1;1;3;1;3;1;1;3;1;1;1;1;3;1;0,218886999479;0,207856476867;0,491019520237;0,225310592381;0,308885238876;0,908075540643;0;0;0;0
3;1;3;3;1;1;1;1;3;1;1;1;1;3;3;1;1;3;1;1;1;1;3;1;3;0;3;3;1;3;1;1;1;1;1;1;1;1;1;1;1;1;3;3;1;1;1;1;1;1;1;1;1;1;1;3;1;1;1;1;3;1;3;1;1;1;3;3;1;3;1;1;2;1;1;1;1;1;1;1;3;1;1;1;1;1;1;1;3;1;1;1;3;1;1;1;1;1;1;1;1;1;1;3;1;1;3;1;1;1;3;1;1;1;1;1;1;1;3;1;3;1;1;3;1;1;3;1;1;2;1;1;1;3;1;1;1;1;1;3;1;0;3;1;1;1;3;1;3;1;1;1;3;1;1;1;1;1;1;1;3;1;3;1;1;0;1;3;1;3;1;1;3;1;1;1;1;3;3;1;3;3;1;1;1;1;1;1;1;0;1;3;1;1;1;1;3;1;1;3;1;1;3;1;3;1;1;3;1;1;1;1;3;1;0,218886999479;0,207856476867;0,491019520237;0,225310592381;0,308885238876;0,908075540643;0;0;0;0
3;1;3;3;1;1;1;1;3;1;1;1;1;3;3;1;1;3;1;1;1;1;3;1;3;0;3;3;1;3;1;1;1;1;1;1;1;1;1;1;1;1;3;3;1;1;1;1;1;1;1;1;1;1;1;3;1;1;1;1;3;1;3;1;1;1;3;3;1;3;1;1;2;1;1;1;1;1;1;1;3;1;1;1;1;1;1;1;3;1;1;1;3;1;1;1;1;1;1;1;1;1;1;3;1;1;3;1;1;1;3;1;1;1;1;1;1;1;3;1;3;1;1;3;1;1;3;1;1;2;1;1;1;3;1;1;1;1;1;3;1;0;3;1;1;1;3;1;3;1;1;1;3;1;1;1;1;1;1;1;3;1;3;1;1;0;1;3;1;3;1;1;3;1;1;1;1;3;3;1;3;3;1;1;1;1;1;1;1;0;1;3;1;1;1;1;3;1;1;3;1;1;3;1;3;1;1;3;1;1;1;1;3;1;0,218886999479;0,207856476867;0,491019520237;0,225310592381;0,308885238876;0,908075540643;0;0;0;0
3;1;3;3;1;1;1;1;3;1;1;1;1;3;3;1;1;3;1;1;1;1;3;1;3;0;3;3;1;3;1;1;1;1;1;1;1;1;1;1;1;1;3;3;1;1;1;1;1;1;1;1;1;1;1;3;1;1;1;1;3;1;3;1;1;1;3;3;1;3;1;1;2;1;1;1;1;1;1;1;3;1;1;1;1;1;1;1;3;1;1;1;3;1;1;1;1;1;1;1;1;1;1;3;1;1;3;1;1;1;3;1;1;1;1;1;1;1;3;1;3;1;1;3;1;1;3;1;1;2;1;1;1;3;1;1;1;1;1;3;1;0;3;1;1;1;3;1;3;1;1;1;3;1;1;1;1;1;1;1;3;1;3;1;1;0;1;3;1;3;1;1;3;1;1;1;1;3;3;1;3;3;1;1;1;1;1;1;1;0;1;3;1;1;1;1;3;1;1;3;1;1;3;1;3;1;1;3;1;1;1;1;3;1;0,218886999479;0,207856476867;0,491019520237;0,225310592381;0,308885238876;0,908075540643;0;0;0;0
3;1;3;3;1;1;1;1;3;1;1;1;1;3;3;1;1;3;1;1;1;1;3;1;3;0;3;3;1;3;1;1;1;1;1;1;1;1;1;1;1;1;3;3;1;1;1;1;1;1;1;1;1;1;1;3;1;1;1;1;3;1;3;1;1;1;3;3;1;3;1;1;2;1;1;1;1;1;1;1;3;1;1;1;1;1;1;1;3;1;1;1;3;1;1;1;1;1;1;1;1;1;1;3;1;1;3;1;1;1;3;1;1;1;1;1;1;1;3;1;3;1;1;3;1;1;3;1;1;2;1;1;1;3;1;1;1;1;1;3;1;0;3;1;1;1;3;1;3;1;1;1;3;1;1;1;1;1;1;1;3;1;3;1;1;0;1;3;1;3;1;1;3;1;1;1;1;3;3;1;3;3;1;1;1;1;1;1;1;0;1;3;1;1;1;1;3;1;1;3;1;1;3;1;3;1;1;3;1;1;1;1;3;1;0,218886999479;0,207856476867;0,491019520237;0,225310592381;0,308885238876;0,908075540643;0;0;0;0
1;1;1;1;1;1;1;1;1;1;1;1;1;1;1;1;1;1;1;1;1;1;1;1;1;0;1;1;1;1;1;1;1;1;1;1;1;1;1;1;1;1;1;1;1;1;1;1;1;1;1;1;1;1;1;1;1;1;1;1;1;1;1;1;1;1;1;1;1;1;1;1;1;1;1;1;1;1;1;1;1;1;1;1;1;1;1;1;1;1;1;1;1;1;1;1;1;1;1;1;1;1;1;1;1;1;1;1;1;1;1;1;1;1;1;1;1;1;1;1;1;1;1;1;1;1;1;1;1;1;1;1;1;1;1;1;1;1;1;1;1;0;1;1;1;1;1;1;1;1;1;1;1;1;1;1;1;1;1;1;1;1;1;1;1;0;1;1;1;1;1;1;1;1;1;1;1;1;1;1;1;1;1;1;1;1;1;1;1;0;1;1;1;1;1;1;1;1;1;1;1;1;1;1;1;1;1;1;1;1;1;1;1;1;0,00245690358427;-0,0012477018492;0,102508144296;0,00631239655962;0,0118924617044;0,914771648193;0;0;0;0
3;1;3;3;1;1;1;1;1;1;1;1;1;3;3;1;1;3;1;1;1;1;3;1;3;0;3;3;1;3;1;1;1;1;1;1;1;1;1;1;1;1;3;3;1;1;1;1;1;1;1;1;3;1;1;3;1;1;1;1;3;1;3;1;1;1;3;3;1;3;1;1;2;1;1;1;1;1;1;1;3;1;1;1;1;1;1;1;3;1;1;1;3;1;1;1;1;1;1;1;1;1;1;3;1;1;3;1;1;1;3;1;1;1;1;1;1;1;3;1;3;1;1;3;1;1;1;1;1;2;1;1;1;3;1;1;1;1;1;3;1;0;3;1;1;1;3;1;3;1;1;1;3;1;1;1;1;1;1;1;3;1;3;1;1;0;1;3;1;3;1;1;3;1;1;1;1;3;3;1;3;3;1;1;1;1;1;1;1;1;1;3;1;1;1;1;3;1;1;3;1;1;3;1;3;1;1;3;1;1;1;1;3;1;0,203214676282;0,188905269602;0,465222300867;0,206381356638;0,285922235587;1,10471887581;0;0;0;0
3;1;3;3;1;1;1;1;1;1;1;1;1;3;3;1;1;3;1;1;1;1;3;1;3;0;3;3;1;3;1;1;1;1;1;1;1;1;1;1;1;1;3;3;1;1;1;1;1;1;1;1;3;1;1;3;1;1;1;1;3;1;3;1;1;1;3;3;1;3;1;1;2;1;1;1;1;1;1;1;3;1;1;1;1;1;1;1;3;1;1;1;3;1;1;1;1;1;1;1;1;1;1;3;1;1;3;1;1;1;3;1;1;1;1;1;1;1;3;1;3;1;1;3;1;1;1;1;1;2;1;1;1;3;1;1;1;1;1;3;1;0;3;1;1;1;3;1;3;1;1;1;3;1;1;1;1;1;1;1;3;1;3;1;1;0;1;3;1;3;1;1;3;1;1;1;1;3;3;1;3;3;1;1;1;1;1;1;1;1;1;3;1;1;1;1;3;1;1;3;1;1;3;1;3;1;1;3;1;1;1;1;3;1;0,203214676282;0,188905269602;0,465222300867;0,206381356638;0,285922235587;1,10471887581;0;0;0;0
3;1;3;3;1;1;1;1;1;1;1;1;1;3;3;1;1;3;1;1;1;1;3;1;3;0;3;3;1;3;1;1;1;1;1;1;1;1;1;1;1;1;3;3;1;1;1;1;1;1;1;1;1;1;1;3;1;1;1;1;3;1;3;1;1;1;3;3;1;3;1;1;2;1;1;1;1;1;1;1;3;1;1;1;1;1;1;1;3;1;1;1;3;1;1;1;1;1;1;1;1;1;1;3;1;1;3;1;1;1;3;1;1;1;1;1;1;1;3;1;3;1;1;3;1;1;1;1;1;2;1;1;1;3;1;1;1;1;1;3;1;0;3;1;1;1;3;1;3;1;1;1;3;1;1;1;1;1;1;1;3;1;3;1;1;0;1;3;1;3;1;1;3;1;1;1;1;3;3;1;3;3;1;1;1;1;1;1;1;1;1;3;1;1;1;1;3;1;1;3;1;1;3;1;3;1;1;3;1;1;1;1;3;1;0,19694491164;0,181381289656;0,452260411213;0,199028960819;0,276414520269;1,10867225688;0;0;0;0
3;1;3;3;1;1;1;1;1;1;1;1;1;3;3;1;1;3;1;1;1;1;3;1;3;0;3;3;1;3;1;1;1;1;1;1;1;1;1;1;1;1;3;3;1;1;1;1;1;1;1;1;1;1;1;3;1;1;1;1;3;1;3;1;1;1;3;3;1;3;1;1;2;1;1;1;1;1;1;1;3;1;1;1;1;1;1;1;3;1;1;1;3;1;1;1;1;1;1;1;1;1;1;3;1;1;3;1;1;1;3;1;1;1;1;1;1;1;3;1;3;1;1;3;1;1;1;1;1;2;1;1;1;3;1;1;1;1;1;3;1;0;3;1;1;1;3;1;3;1;1;1;3;1;1;1;1;1;1;1;3;1;3;1;1;0;1;3;1;3;1;1;3;1;1;1;1;3;3;1;3;3;1;1;1;1;1;1;1;1;1;3;1;1;1;1;3;1;1;3;1;1;3;1;3;1;1;3;1;1;1;1;3;1;0,19694491164;0,181381289656;0,452260411213;0,199028960819;0,276414520269;1,10867225688;0;0;0;0
3;1;3;3;1;1;1;1;1;1;1;1;1;3;3;1;1;3;1;1;1;1;3;1;3;0;3;3;1;3;1;1;1;1;1;1;1;1;1;1;1;1;3;3;1;1;1;1;1;1;1;1;1;1;1;3;1;1;1;1;3;1;3;1;1;1;3;3;1;3;1;1;2;1;1;1;1;1;1;1;3;1;1;1;1;1;1;1;3;1;1;1;3;1;1;1;1;1;1;1;1;1;1;3;1;1;3;1;1;1;3;1;1;1;1;1;1;1;3;1;3;1;1;3;1;1;1;1;1;2;1;1;1;3;1;1;1;1;1;3;1;0;3;1;1;1;3;1;3;1;1;1;3;1;1;1;1;1;1;1;3;1;3;1;1;0;1;3;1;3;1;1;3;1;1;1;1;3;3;1;3;3;1;1;1;1;1;1;1;1;1;3;1;1;1;1;3;1;1;3;1;1;3;1;3;1;1;3;1;1;1;1;3;1;0,19694491164;0,181381289656;0,452260411213;0,199028960819;0,276414520269;1,10867225688;0;0;0;0
3;1;3;3;1;1;1;1;1;1;1;1;1;3;3;1;1;3;1;1;1;1;3;1;3;0;3;3;1;3;1;1;1;1;1;1;1;1;1;1;1;1;3;3;1;1;1;1;1;1;1;1;1;1;1;3;1;1;1;1;3;1;3;1;1;1;3;3;1;3;1;1;2;1;1;1;1;1;1;1;3;1;1;1;1;1;1;1;3;1;1;1;3;1;1;1;1;1;1;1;1;1;1;3;1;1;3;1;1;1;3;1;1;1;1;1;1;1;3;1;3;1;1;3;1;1;1;1;1;2;1;1;1;3;1;1;1;1;1;3;1;0;3;1;1;1;3;1;3;1;1;1;3;1;1;1;1;1;1;1;3;1;3;1;1;0;1;3;1;3;1;1;3;1;1;1;1;3;3;1;3;3;1;1;1;1;1;1;1;1;1;3;1;1;1;1;3;1;1;3;1;1;3;1;3;1;1;3;1;1;1;1;3;1;0,19694491164;0,181381289656;0,452260411213;0,199028960819;0,276414520269;1,10867225688;0;0;0;0
3;1;3;3;1;1;1;1;1;1;1;1;1;3;3;1;1;3;1;1;1;1;3;1;3;0;3;3;1;3;1;1;1;1;1;1;1;1;1;1;1;1;3;3;1;1;1;1;1;1;1;1;1;1;1;3;1;1;1;1;3;1;3;1;1;1;3;3;1;3;1;1;2;1;1;1;1;1;1;1;3;1;1;1;1;1;1;1;3;1;1;1;3;1;1;1;1;1;1;1;1;1;1;3;1;1;3;1;1;1;3;1;1;1;1;1;1;1;3;1;3;1;1;3;1;1;1;1;1;2;1;1;1;3;1;1;1;1;1;3;1;0;3;1;1;1;3;1;3;1;1;1;3;1;1;1;1;1;1;1;3;1;3;1;1;0;1;3;1;3;1;1;3;1;1;1;1;3;3;1;3;3;1;1;1;1;1;1;1;1;1;3;1;1;1;1;3;1;1;3;1;1;1;1;3;1;1;3;1;1;1;1;3;1;0,188883548535;0,173203351432;0,437705216977;0,191037233384;0,265984883448;1,10997201495;0;0;0;0
3;1;3;3;1;1;1;1;1;1;1;1;1;3;3;1;1;3;1;1;1;1;3;1;3;0;3;3;1;3;1;1;1;1;1;1;1;1;1;1;1;1;3;3;1;1;1;1;1;1;1;1;1;1;1;3;1;1;1;1;1;1;1;1;1;1;3;3;1;3;1;1;2;1;1;1;1;1;1;1;3;1;1;1;1;1;1;1;3;1;1;1;3;1;1;1;1;1;1;1;1;1;1;3;1;1;3;1;1;1;3;1;1;1;1;1;1;1;3;1;3;1;1;3;1;1;1;1;1;2;1;1;1;3;1;1;1;1;1;3;1;0;3;1;1;1;3;1;3;1;1;1;3;1;1;1;1;1;1;1;3;1;1;1;1;0;1;3;1;3;1;1;3;1;1;1;1;3;3;1;3;3;1;1;1;1;1;1;1;1;1;3;1;1;1;1;3;1;1;3;1;1;1;1;3;1;1;3;1;1;1;1;3;1;0,170961902316;0,15464482923;0,406775412497;0,172911637866;0,242669567224;1,11636031727;0;0;0;0
3;1;3;3;1;1;1;1;1;1;1;1;1;3;3;1;1;3;1;1;1;1;3;1;3;0;3;3;1;3;1;1;1;1;1;1;1;1;1;1;1;1;3;3;1;1;1;1;1;1;1;1;1;1;1;3;1;1;1;1;1;1;1;1;1;1;3;3;1;3;1;1;2;1;1;1;1;1;1;1;3;1;1;1;1;1;1;1;3;1;1;1;3;1;1;1;1;1;1;1;1;1;1;3;1;1;3;1;1;1;3;1;1;1;1;1;1;1;3;1;3;1;1;3;1;1;1;1;1;2;1;1;1;3;1;1;1;1;1;3;1;0;3;1;1;1;3;1;3;1;1;1;3;1;1;1;1;1;1;1;3;1;1;1;1;0;1;3;1;3;1;1;3;1;1;1;1;3;3;1;3;3;1;1;1;1;1;1;1;1;1;3;1;1;1;1;3;1;1;3;1;1;1;1;3;1;1;3;1;1;1;1;3;1;0,170961902316;0,15464482923;0,406775412497;0,172911637866;0,242669567224;1,11636031727;0;0;0;0
3;1;3;3;1;1;1;1;1;1;1;1;1;3;3;1;1;3;1;1;1;1;3;1;3;0;3;3;1;3;1;1;1;1;1;1;1;1;1;1;1;1;3;3;1;1;1;1;1;1;1;1;1;1;1;3;1;1;1;1;1;1;1;1;1;1;3;3;1;3;1;1;2;1;1;1;1;1;1;1;3;1;1;1;1;1;1;1;3;1;1;1;3;1;1;1;1;1;1;1;1;1;1;3;1;1;3;1;1;1;3;1;1;1;1;1;1;1;3;1;3;1;1;3;1;1;1;1;1;2;1;1;1;3;1;1;1;1;1;3;1;0;3;1;1;1;3;1;3;1;1;1;3;1;1;1;1;1;1;1;3;1;1;1;1;0;1;3;1;3;1;1;3;1;1;1;1;3;3;1;3;3;1;1;1;1;1;1;1;1;1;3;1;1;1;1;3;1;1;3;1;1;1;1;3;1;1;3;1;1;1;1;3;1;0,170961902316;0,15464482923;0,406775412497;0,172911637866;0,242669567224;1,11636031727;0;0;0;0
3;1;3;3;1;1;1;1;1;1;1;1;1;3;3;1;1;3;1;1;1;1;3;1;3;0;3;3;1;3;1;1;1;1;1;1;1;1;1;1;1;1;3;3;1;1;1;1;1;1;1;1;1;1;1;3;1;1;1;1;1;1;1;1;1;1;3;3;1;3;1;1;2;1;1;1;1;1;1;1;3;1;1;1;1;1;1;1;3;1;1;1;3;1;1;1;1;1;1;1;1;1;1;3;1;1;3;1;1;1;3;1;1;1;1;1;1;1;3;1;3;1;1;3;1;1;1;1;1;2;1;1;1;3;1;1;1;1;1;3;1;0;3;1;1;1;3;1;3;1;1;1;3;1;1;1;1;1;1;1;3;1;1;1;1;0;1;3;1;3;1;1;3;1;1;1;1;3;3;1;3;3;1;1;1;1;1;1;1;1;1;3;1;1;1;1;3;1;1;3;1;1;1;1;3;1;1;3;1;1;1;1;3;1;0,170961902316;0,15464482923;0,406775412497;0,172911637866;0,242669567224;1,11636031727;0;0;0;0
3;1;3;3;1;1;1;1;1;1;1;1;1;3;3;1;1;3;1;1;1;1;3;1;3;0;3;3;1;3;1;1;1;1;1;1;1;1;1;1;1;1;3;3;1;1;1;1;1;1;1;1;1;1;1;3;1;1;1;1;1;1;1;1;1;1;3;3;1;3;1;1;2;1;1;1;1;1;1;1;3;1;1;1;1;1;1;1;3;1;1;1;3;1;1;1;1;1;1;1;1;1;1;3;1;1;3;1;1;1;3;1;1;1;1;1;1;1;3;1;3;1;1;3;1;1;1;1;1;2;1;1;1;3;1;1;1;1;1;3;1;0;3;1;1;1;3;1;3;1;1;1;3;1;1;1;1;1;1;1;3;1;1;1;1;0;1;3;1;3;1;1;3;1;1;1;1;3;3;1;3;3;1;1;1;1;1;1;1;1;1;3;1;1;1;1;3;1;1;3;1;1;1;1;3;1;1;3;1;1;1;1;3;1;0,170961902316;0,15464482923;0,406775412497;0,172911637866;0,242669567224;1,11636031727;0;0;0;0
3;1;3;3;1;1;1;1;1;1;1;1;1;3;3;1;1;3;1;1;1;1;3;1;3;0;3;3;1;3;1;1;1;1;1;1;1;1;1;1;1;1;3;3;1;1;1;1;1;1;1;1;1;1;1;3;1;1;1;1;1;1;1;1;1;1;3;3;1;3;1;1;2;1;1;1;1;1;1;1;3;1;1;1;1;1;1;1;3;1;1;1;3;1;1;1;1;1;1;1;1;1;1;3;1;1;3;1;1;1;3;1;1;1;1;1;1;1;3;1;3;1;1;3;1;1;1;1;1;2;1;1;1;3;1;1;1;1;1;3;1;0;3;1;1;1;3;1;3;1;1;1;3;1;1;1;1;1;1;1;3;1;1;1;1;0;1;3;1;3;1;1;3;1;1;1;1;3;3;1;3;3;1;1;1;1;1;1;1;1;1;3;1;1;1;1;3;1;1;3;1;1;1;1;3;1;1;3;1;1;1;1;3;1;0,170961902316;0,15464482923;0,406775412497;0,172911637866;0,242669567224;1,11636031727;0;0;0;0
3;1;3;3;1;1;1;1;1;1;1;1;1;3;3;1;1;3;1;1;1;1;3;1;3;0;3;3;1;3;1;1;1;1;1;1;1;1;1;1;1;1;3;3;1;1;1;1;1;1;1;1;1;1;1;3;1;1;1;1;1;1;1;1;1;1;3;3;1;3;1;1;2;1;1;1;1;1;1;1;3;1;1;1;1;1;1;1;3;1;1;1;3;1;1;1;1;1;1;1;1;1;1;3;1;1;3;1;1;1;3;1;1;1;1;1;1;1;3;1;3;1;1;3;1;1;1;1;1;2;1;1;1;3;1;1;1;1;1;3;1;0;3;1;1;1;3;1;3;1;1;1;3;1;1;1;1;1;1;1;3;1;1;1;1;0;1;3;1;3;1;1;3;1;1;1;1;3;3;1;3;3;1;1;1;1;1;1;1;1;1;3;1;1;1;1;3;1;1;3;1;1;1;1;3;1;1;3;1;1;1;1;3;1;0,170961902316;0,15464482923;0,406775412497;0,172911637866;0,242669567224;1,11636031727;0;0;0;0
3;1;3;3;1;1;1;1;1;1;1;1;1;3;3;1;1;3;1;1;1;1;3;1;3;0;3;3;1;3;1;1;1;1;1;1;1;1;1;1;1;1;3;3;1;1;1;1;1;1;1;1;1;1;1;3;1;1;1;1;1;1;1;1;1;1;3;3;1;3;1;1;2;1;1;1;1;1;1;1;3;1;1;1;1;1;1;1;3;1;1;1;3;1;1;1;1;1;1;1;1;1;1;3;1;1;3;1;1;1;3;1;1;1;1;1;1;1;3;1;3;1;1;3;1;1;1;1;1;2;1;1;1;3;1;1;1;1;1;3;1;0;3;1;1;1;3;1;3;1;1;1;3;1;1;1;1;1;1;1;3;1;1;1;1;0;1;3;1;3;1;1;3;1;1;1;1;3;3;1;3;3;1;1;1;1;1;1;1;1;1;3;1;1;1;1;3;1;1;3;1;1;1;1;3;1;1;3;1;1;1;1;3;1;0,170961902316;0,15464482923;0,406775412497;0,172911637866;0,242669567224;1,11636031727;0;0;0;0
3;1;3;3;1;1;1;1;1;1;1;1;1;3;3;1;1;3;1;1;1;1;3;1;3;0;3;3;1;3;1;1;1;1;1;1;1;1;1;1;1;1;3;3;1;1;1;1;1;1;1;1;1;1;1;3;1;1;1;1;1;1;1;1;1;1;3;3;1;3;1;1;2;1;1;1;1;1;1;1;3;1;1;1;1;1;1;1;3;1;1;1;3;1;1;1;1;1;1;1;1;1;1;3;1;1;3;1;1;1;3;1;1;1;1;1;1;1;3;1;3;1;1;3;1;1;1;1;1;2;1;1;1;3;1;1;1;1;1;3;1;0;3;1;1;1;3;1;3;1;1;1;3;1;1;1;1;1;1;1;3;1;1;1;1;0;1;3;1;3;1;1;3;1;1;1;1;3;3;1;3;3;1;1;1;1;1;1;1;1;1;3;1;1;1;1;3;1;1;3;1;1;1;1;3;1;1;3;1;1;1;1;3;1;0,170961902316;0,15464482923;0,406775412497;0,172911637866;0,242669567224;1,11636031727;0;0;0;0
3;1;3;3;1;1;1;1;1;1;1;1;1;3;3;1;1;3;1;1;1;1;3;1;3;0;3;3;1;3;1;1;1;1;1;1;1;1;1;1;1;1;3;3;1;1;1;1;1;1;1;1;1;1;1;3;1;1;1;1;1;1;1;1;1;1;3;3;1;3;1;1;2;1;1;1;1;1;1;1;3;1;1;1;1;1;1;1;3;1;1;1;3;1;1;1;1;1;1;1;1;1;1;3;1;1;3;1;1;1;3;1;1;1;1;1;1;1;3;1;3;1;1;3;1;1;1;1;1;2;1;1;1;3;1;1;1;1;1;3;1;0;3;1;1;1;3;1;3;1;1;1;3;1;1;1;1;1;1;1;3;1;1;1;1;0;1;3;1;3;1;1;3;1;1;1;1;3;3;1;3;3;1;1;1;1;1;1;1;1;1;3;1;1;1;1;3;1;1;3;1;1;1;1;3;1;1;3;1;1;1;1;3;1;0,170961902316;0,15464482923;0,406775412497;0,172911637866;0,242669567224;1,11636031727;0;0;0;0
3;1;3;3;1;1;1;1;1;1;1;1;1;3;3;1;1;3;1;1;1;1;3;1;3;0;3;3;1;3;1;1;1;1;1;1;1;1;1;1;1;1;3;3;1;1;1;1;1;1;1;1;1;1;1;3;1;1;1;1;1;1;1;1;1;1;3;3;1;3;1;1;2;1;1;1;1;1;1;1;3;1;1;1;1;1;1;1;3;1;1;1;3;1;1;1;1;1;1;1;1;1;1;3;1;1;3;1;1;1;3;1;1;1;1;1;1;1;3;1;3;1;1;3;1;1;1;1;1;2;1;1;1;3;1;1;1;1;1;3;1;0;3;1;1;1;3;1;3;1;1;1;3;1;1;1;1;1;1;1;3;1;1;1;1;0;1;3;1;3;1;1;3;1;1;1;1;3;3;1;3;3;1;1;1;1;1;1;1;1;1;3;1;1;1;1;3;1;1;3;1;1;1;1;3;1;1;3;1;1;1;1;3;1;0,170961902316;0,15464482923;0,406775412497;0,172911637866;0,242669567224;1,11636031727;0;0;0;0
3;1;3;3;1;1;1;1;1;1;1;1;1;3;3;1;1;3;1;1;1;1;3;1;3;0;3;3;1;3;1;1;1;1;1;1;1;1;1;1;1;1;3;3;1;1;1;1;1;1;1;1;1;1;1;3;1;1;1;1;1;1;1;1;1;1;3;3;1;3;1;1;2;1;1;1;1;1;1;1;3;1;1;1;1;1;1;1;3;1;1;1;3;1;1;1;1;1;1;1;1;1;1;3;1;1;3;1;1;1;3;1;1;1;1;1;1;1;3;1;3;1;1;3;1;1;1;1;1;2;1;1;1;3;1;1;1;1;1;3;1;0;3;1;1;1;3;1;3;1;1;1;3;1;1;1;1;1;1;1;3;1;1;1;1;0;1;3;1;3;1;1;3;1;1;1;1;3;3;1;3;3;1;1;1;1;1;1;1;1;1;3;1;1;1;1;3;1;1;3;1;1;1;1;3;1;1;3;1;1;1;1;3;1;0,170961902316;0,15464482923;0,406775412497;0,172911637866;0,242669567224;1,11636031727;0;0;0;0
