10;40;30;cs;Cosine;1;1
0;0;3;3;0;0;0;3;3;1;3;0;3;3;3;0;0;0;0;0;0;3;0;0;0;0;0;5;0;3;0;0;0;0;3;0;0;0;0;0;3;3;0;0;0;0;3;0;0;0;5;0;0;0;0;0;0;0;0;5;3;0;0;0;3;2;3;0;0;0;5;0;0;0;0;0;3;3;0;0;0;0;0;0;3;0;0;0;0;2;0;3;0;3;1;4;0;0;0;3;0;0;0;0;0;0;0;0;3;3;0;0;0;0;0;2;0;2;0;0;0;0;2;0;3;0;0;0;0;0;0;3;0;0;0;0;0;0;0;0;0;0;0;0;3;3;0;0;3;3;0;0;0;0;0;0;0;5;4;0;0;3;0;3;3;0;0;0;0;0;0;0;0;0;0;0;0;0;0;0;0;3;0;0;0;0;0;3;0;0;0;3;0;0;0;3;3;0;0;3;2;0;0;0;3;0;3;0;0;0;0;0;0;0;0,221548475552;0,231869936903;0,477465996771;0,260190850706;0,33682947378;0,859872680914;0;0;0;0
0;0;3;3;0;0;0;3;3;1;3;0;3;3;3;0;0;0;0;0;0;3;0;0;0;0;0;5;0;3;0;0;0;0;3;0;0;0;0;0;3;3;0;0;0;0;3;0;0;0;5;0;0;0;0;0;0;0;0;5;3;0;0;0;3;2;3;0;0;0;5;0;0;0;0;0;3;3;0;0;0;0;0;0;3;0;0;0;0;2;0;3;0;3;1;4;0;0;0;3;0;0;0;0;0;0;0;0;3;3;0;0;0;0;0;2;0;2;0;0;0;0;2;0;3;0;0;0;0;0;0;3;0;0;0;0;0;0;0;0;0;0;0;0;3;3;0;0;3;3;0;0;0;0;0;0;0;5;4;0;0;3;0;3;3;0;0;0;0;0;0;0;0;0;0;0;0;0;0;0;0;3;0;0;0;0;0;3;0;0;0;3;0;0;0;3;3;0;0;3;2;0;0;0;3;0;3;0;0;0;0;0;0;0;0,221548475552;0,231869936903;0,477465996771;0,260190850706;0,33682947378;0,859872680914;0;0;0;0
0;0;3;3;0;0;0;3;3;1;3;0;3;3;3;0;0;0;0;0;0;3;0;0;0;0;0;5;0;3;0;0;0;0;3;0;0;0;0;0;3;3;0;0;0;0;3;0;0;0;5;0;0;0;0;0;0;0;0;5;3;0;0;0;3;2;3;0;0;0;5;0;0;0;0;0;3;3;0;0;0;0;0;0;3;0;0;0;0;2;0;3;0;3;1;4;0;0;0;3;0;0;0;0;0;0;0;0;3;3;0;0;0;0;0;2;0;2;0;0;0;0;2;0;3;0;0;0;0;0;0;3;0;0;0;0;0;0;0;0;0;0;0;0;3;3;0;0;3;3;0;0;0;0;0;0;0;5;4;0;0;3;0;3;3;0;0;0;0;0;0;0;0;0;0;0;0;0;0;0;0;3;0;0;0;0;0;3;0;0;0;3;0;0;0;3;3;0;0;3;2;0;0;0;3;0;3;0;0;0;0;0;0;0;0,221548475552;0,231869936903;0,477465996771;0,260190850706;0,33682947378;0,859872680914;0;0;0;0
0;0;3;3;0;0;0;3;3;1;3;0;3;3;3;0;0;0;0;0;0;3;0;0;0;0;0;5;0;3;0;0;0;0;3;0;0;0;0;0;3;3;0;0;0;0;3;0;0;0;5;0;0;0;0;0;0;0;0;5;3;0;0;0;3;2;3;0;0;0;5;0;0;0;0;0;3;3;0;0;0;0;0;0;3;0;0;0;0;2;0;3;0;3;1;4;0;0;0;3;0;0;0;0;0;0;0;0;3;3;0;0;0;0;0;2;0;2;0;0;0;0;2;0;3;0;0;0;0;0;0;3;0;0;0;0;0;0;0;0;0;0;0;0;3;3;0;0;3;3;0;0;0;0;0;0;0;5;4;0;0;3;0;3;3;0;0;0;0;0;0;0;0;0;0;0;0;0;0;0;0;3;0;0;0;0;0;3;0;0;0;3;0;0;0;3;3;0;0;3;2;0;0;0;3;0;3;0;0;0;0;0;0;0;0,221548475552;0,231869936903;0,477465996771;0,260190850706;0,33682947378;0,859872680914;0;0;0;0
0;0;3;3;0;0;0;3;3;1;3;0;3;3;3;0;0;0;0;0;0;3;0;0;0;0;0;5;0;3;0;0;0;0;3;0;0;0;0;0;3;3;0;0;0;0;3;0;0;0;5;0;0;0;0;0;0;0;0;5;3;0;0;0;3;2;3;0;0;0;5;0;0;0;0;0;3;3;0;0;0;0;0;0;3;0;0;0;0;2;0;3;0;3;1;4;0;0;0;3;0;0;0;0;0;0;0;0;3;3;0;0;0;0;0;2;0;2;0;0;0;0;2;0;3;0;0;0;0;0;0;3;0;0;0;0;0;0;0;0;0;0;0;0;3;3;0;0;3;3;0;0;0;0;0;0;0;5;4;0;0;3;0;3;3;0;0;0;0;0;0;0;0;0;0;0;0;0;0;0;0;3;0;0;0;0;0;3;0;0;0;3;0;0;0;3;3;0;0;3;2;0;0;0;3;0;3;0;0;0;0;0;0;0;0,221548475552;0,231869936903;0,477465996771;0,260190850706;0,33682947378;0,859872680914;0;0;0;0
0;0;3;3;0;0;0;3;3;1;3;0;3;3;3;0;0;0;0;0;0;3;0;0;0;0;0;5;0;3;0;0;0;0;3;0;0;0;0;0;3;3;0;0;0;0;3;0;0;0;5;0;0;0;0;0;0;0;0;5;3;0;0;0;3;2;3;0;0;0;5;0;0;0;0;0;3;3;0;0;0;0;0;0;3;0;0;0;0;2;0;3;0;3;1;4;0;0;0;3;0;0;0;0;0;0;0;0;3;3;0;0;0;0;0;2;0;2;0;0;0;0;2;0;3;0;0;0;0;0;0;3;0;0;0;0;0;0;0;0;0;0;0;0;3;3;0;0;3;3;0;0;0;0;0;0;0;5;4;0;0;3;0;3;3;0;0;0;0;0;0;0;0;0;0;0;0;0;0;0;0;3;0;0;0;0;0;3;0;0;0;3;0;0;0;3;3;0;0;3;2;0;0;0;3;0;3;0;0;0;0;0;0;0;0,221548475552;0,231869936903;0,477465996771;0,260190850706;0,33682947378;0,859872680914;0;0;0;0
1;1;1;0;1;1;1;1;1;1;1;1;1;0;0;1;1;1;1;1;1;0;1;1;1;1;1;2;1;0;1;1;1;1;1;1;1;1;1;1;0;1;1;1;1;1;0;1;1;1;2;1;1;1;1;1;0;1;1;2;0;1;1;1;1;1;0;1;1;1;1;0;1;1;1;1;0;0;1;1;1;1;1;1;1;1;1;1;1;0;1;0;1;0;0;3;1;1;1;0;1;1;0;1;1;1;1;1;1;0;1;1;1;1;1;0;1;1;1;1;1;1;2;1;0;1;1;1;1;1;1;0;1;1;1;1;1;1;1;1;1;1;1;1;0;1;1;1;0;1;1;1;1;1;1;1;1;1;3;1;1;1;1;1;0;1;1;1;1;1;1;1;1;1;0;1;1;1;1;1;1;0;1;1;1;1;1;1;1;1;1;1;1;1;1;1;1;1;1;1;1;1;1;1;0;1;0;1;1;1;1;1;1;1;0,179635258392;0,206810413539;0,61969531756;0,224562442384;0,329663049954;1,06877029171;0;0;0;0
1;1;1;0;1;1;1;1;1;1;1;1;1;0;0;1;1;1;1;1;1;0;1;1;1;1;1;2;1;0;1;1;1;1;1;1;1;1;1;1;0;1;1;1;1;1;0;1;1;1;2;1;1;1;1;1;0;1;1;2;0;1;1;1;1;1;0;1;1;1;1;0;1;1;1;1;0;0;1;1;1;1;1;1;1;1;1;1;1;0;1;0;1;0;0;3;1;1;1;0;1;1;0;1;1;1;1;1;1;0;1;1;1;1;1;0;1;1;1;1;1;1;2;1;0;1;1;1;1;1;1;0;1;1;1;1;1;1;1;1;1;1;1;1;0;1;1;1;0;1;1;1;1;1;1;1;1;1;3;1;1;1;1;1;0;1;1;1;1;1;1;1;1;1;0;1;1;1;1;1;1;0;1;1;1;1;1;1;1;1;1;1;1;1;1;1;1;1;1;1;1;1;1;1;0;1;0;1;1;1;1;1;1;1;0,179635258392;0,206810413539;0,61969531756;0,224562442384;0,329663049954;1,06877029171;0;0;0;0
1;1;1;0;1;1;1;1;1;1;1;1;1;0;0;1;1;1;1;1;1;0;1;1;1;1;1;2;1;0;1;1;1;1;1;1;1;1;1;1;0;1;1;1;1;1;0;1;1;1;2;1;1;1;1;1;0;1;1;2;0;1;1;1;1;1;0;1;1;1;1;0;1;1;1;1;0;0;1;1;1;1;1;1;1;1;1;1;1;0;1;0;1;0;0;3;1;1;1;0;1;1;0;1;1;1;1;1;1;0;1;1;1;1;1;0;1;1;1;1;1;1;2;1;0;1;1;1;1;1;1;0;1;1;1;1;1;1;1;1;1;1;1;1;0;1;1;1;0;1;1;1;1;1;1;1;1;1;3;1;1;1;1;1;0;1;1;1;1;1;1;1;1;1;0;1;1;1;1;1;1;0;1;1;1;1;1;1;1;1;1;1;1;1;1;1;1;1;1;1;1;1;1;1;0;1;0;1;1;1;1;1;1;1;0,179635258392;0,206810413539;0,61969531756;0,224562442384;0,329663049954;1,06877029171;0;0;0;0
1;1;1;0;1;1;1;1;1;1;1;1;1;0;0;1;1;1;1;1;1;0;1;1;1;1;1;1;1;0;1;1;1;1;1;1;1;1;1;1;0;1;1;1;1;1;0;1;1;1;2;1;1;1;1;1;1;1;1;2;0;1;1;1;1;0;0;1;1;1;1;0;1;1;1;1;0;0;1;1;1;1;1;1;1;1;1;1;1;0;1;0;1;0;1;3;1;1;1;0;1;1;1;1;1;1;1;1;1;0;1;1;1;1;1;0;1;1;1;1;1;1;2;1;0;1;1;1;1;1;1;0;1;1;1;1;1;1;1;1;1;1;1;1;0;1;1;1;0;1;1;1;1;1;1;1;1;1;3;1;1;1;1;1;0;1;1;1;1;1;1;1;1;1;0;1;1;1;1;1;1;0;1;1;1;1;1;1;1;1;1;1;1;1;1;1;1;1;1;1;2;1;1;1;0;1;0;1;1;1;1;1;1;1;0,164484546765;0,194848045366;0,606380655188;0,212899841595;0,315150539876;1,15893351206;0;0;0;0
1;1;1;1;1;1;1;1;1;1;1;1;1;1;1;1;1;1;1;1;1;1;1;1;1;1;1;1;1;1;1;1;1;1;1;1;1;1;1;1;1;1;1;1;1;1;1;1;1;1;1;1;1;1;1;1;1;1;1;2;1;1;1;1;1;1;1;1;1;1;1;1;1;1;1;1;1;1;1;1;1;1;1;1;1;1;1;2;1;1;1;1;1;1;1;0;1;1;1;1;1;1;1;1;1;1;1;1;1;1;1;1;1;1;1;1;1;1;1;1;1;1;2;1;1;1;1;1;1;1;1;1;1;1;1;1;1;1;1;1;1;1;1;1;1;1;1;1;1;1;1;1;1;1;1;1;1;1;0;1;1;1;1;1;1;1;1;1;1;1;1;1;1;1;0;1;1;1;1;1;1;1;1;1;1;1;1;1;1;1;1;1;1;1;1;1;1;1;1;1;1;1;1;1;1;1;1;1;1;1;1;1;1;1;0,00203650032205;0,0110171591716;0,255729176427;0,0249661618658;0,0454911438952;1,3064676076;0;0;0;0
1;1;1;1;1;1;1;1;1;1;1;1;1;1;1;1;1;1;1;1;1;1;1;1;1;1;1;1;1;1;1;1;1;1;1;1;1;1;1;1;1;1;1;1;1;1;1;1;1;1;1;1;1;1;1;1;1;1;1;2;1;1;1;1;1;1;1;1;1;1;1;1;1;1;1;1;1;1;1;1;1;1;1;1;1;1;1;2;1;1;1;1;1;1;1;0;1;1;1;1;1;1;1;1;1;1;1;1;1;1;1;1;1;1;1;1;1;1;1;1;1;1;2;1;1;1;1;1;1;1;1;1;1;1;1;1;1;1;1;1;1;1;1;1;1;1;1;1;1;1;1;1;1;1;1;1;1;1;0;1;1;1;1;1;1;1;1;1;1;1;1;1;1;1;0;1;1;1;1;1;1;1;1;1;1;1;1;1;1;1;1;1;1;1;1;1;1;1;1;1;1;1;1;1;1;1;1;1;1;1;1;1;1;1;0,00203650032205;0,0110171591716;0,255729176427;0,0249661618658;0,0454911438952;1,3064676076;0;0;0;0
1;1;1;1;1;1;1;1;1;1;1;1;1;1;1;1;1;1;1;1;1;1;1;1;1;1;1;1;1;1;1;1;1;1;1;1;1;1;1;1;1;1;1;1;1;1;1;1;1;1;1;1;1;1;1;1;1;1;1;2;1;1;1;1;1;1;1;1;1;1;1;1;1;1;1;1;1;1;1;1;1;1;1;1;1;1;1;2;1;1;1;1;1;1;1;0;1;1;1;1;1;1;1;1;1;1;1;1;1;1;1;1;1;1;1;1;1;1;1;1;1;1;2;1;1;1;1;1;1;1;1;1;1;1;1;1;1;1;1;1;1;1;1;1;1;1;1;1;1;1;1;1;1;1;1;1;1;1;0;1;1;1;1;1;1;1;1;1;1;1;1;1;1;1;0;1;1;1;1;1;1;1;1;1;1;1;1;1;1;1;1;1;1;1;1;1;1;1;1;1;1;1;1;1;1;1;1;1;1;1;1;1;1;1;0,00203650032205;0,0110171591716;0,255729176427;0,0249661618658;0,0454911438952;1,3064676076;0;0;0;0
1;1;1;1;1;1;1;1;1;1;1;1;1;1;1;1;1;1;1;1;1;1;1;1;1;1;1;1;1;1;1;1;1;1;1;1;1;1;1;1;1;1;1;1;1;1;1;1;1;1;1;1;1;1;1;1;1;1;1;2;1;1;1;1;1;1;1;1;1;1;1;1;1;1;1;1;1;1;1;1;1;1;1;1;1;1;1;2;1;1;1;1;1;1;1;0;1;1;1;1;1;1;1;1;1;1;1;1;1;1;1;1;1;1;1;1;1;1;1;1;1;1;2;1;1;1;1;1;1;1;1;1;1;1;1;1;1;1;1;1;1;1;1;1;1;1;1;1;1;1;1;1;1;1;1;1;1;1;0;1;1;1;1;1;1;1;1;1;1;1;1;1;1;1;0;1;1;1;1;1;1;1;1;1;1;1;1;1;1;1;1;1;1;1;1;1;1;1;1;1;1;1;1;1;1;1;1;1;1;1;1;1;1;1;0,00203650032205;0,0110171591716;0,255729176427;0,0249661618658;0,0454911438952;1,3064676076;0;0;0;0
1;1;1;1;1;1;1;1;1;1;1;1;1;1;1;1;1;1;1;1;1;1;1;1;1;1;1;1;1;1;1;1;1;1;1;1;1;1;1;1;1;1;1;1;1;1;1;1;1;1;1;1;1;1;1;1;1;1;1;2;1;1;1;1;1;1;1;1;1;1;1;1;1;1;1;1;1;1;1;1;1;1;1;1;1;1;1;2;1;1;1;1;1;1;1;0;1;1;1;1;1;1;1;1;1;1;1;1;1;1;1;1;1;1;1;1;1;1;1;1;1;1;2;1;1;1;1;1;1;1;1;1;1;1;1;1;1;1;1;1;1;1;1;1;1;1;1;1;1;1;1;1;1;1;1;1;1;1;0;1;1;1;1;1;1;1;1;1;1;1;1;1;1;1;0;1;1;1;1;1;1;1;1;1;1;1;1;1;1;1;1;1;1;1;1;1;1;1;1;1;1;1;1;1;1;1;1;1;1;1;1;1;1;1;0,00203650032205;0,0110171591716;0,255729176427;0,0249661618658;0,0454911438952;1,3064676076;0;0;0;0
1;1;1;1;1;1;1;1;1;1;1;1;1;1;1;1;1;1;1;1;1;1;1;1;1;1;1;1;1;1;1;1;1;1;1;1;1;1;1;1;1;1;1;1;1;1;1;1;1;1;1;1;1;1;1;1;1;1;1;2;1;1;1;1;1;1;1;1;1;1;1;1;1;1;1;1;1;1;1;1;1;1;1;1;1;1;1;2;1;1;1;1;1;1;1;0;1;1;1;1;1;1;1;1;1;1;1;1;1;1;1;1;1;1;1;1;1;1;1;1;1;1;2;1;1;1;1;1;1;1;1;1;1;1;1;1;1;1;1;1;1;1;1;1;1;1;1;1;1;1;1;1;1;1;1;1;1;1;0;1;1;1;1;1;1;1;1;1;1;1;1;1;1;1;0;1;1;1;1;1;1;1;1;1;1;1;1;1;1;1;1;1;1;1;1;1;1;1;1;1;1;1;1;1;1;1;1;1;1;1;1;1;1;1;0,00203650032205;0,0110171591716;0,255729176427;0,0249661618658;0,0454911438952;1,3064676076;0;0;0;0
1;1;1;1;1;1;1;1;1;1;1;1;1;1;1;1;1;1;1;1;1;1;1;1;1;1;1;1;1;1;1;1;1;1;1;1;1;1;1;1;1;1;1;1;1;1;1;1;1;1;1;1;1;1;1;1;1;1;1;2;1;1;1;1;1;1;1;1;1;1;1;1;1;1;1;1;1;1;1;1;1;1;1;1;1;1;1;2;1;1;1;1;1;1;1;0;1;1;1;1;1;1;1;1;1;1;1;1;1;1;1;1;1;1;1;1;1;1;1;1;1;1;2;1;1;1;1;1;1;1;1;1;1;1;1;1;1;1;1;1;1;1;1;1;1;1;1;1;1;1;1;1;1;1;1;1;1;1;0;1;1;1;1;1;1;1;1;1;1;1;1;1;1;1;0;1;1;1;1;1;1;1;1;1;1;1;1;1;1;1;1;1;1;1;1;1;1;1;1;1;1;1;1;1;1;1;1;1;1;1;1;1;1;1;0,00203650032205;0,0110171591716;0,255729176427;0,0249661618658;0,0454911438952;1,3064676076;0;0;0;0
1;1;1;1;1;1;1;1;1;1;1;1;1;1;1;1;1;1;1;1;1;1;1;1;1;1;1;1;1;1;1;1;1;1;1;1;1;1;1;1;1;1;1;1;1;1;1;1;1;1;1;1;1;1;1;1;1;1;1;2;1;1;1;1;1;1;1;1;1;1;1;1;1;1;1;1;1;1;1;1;1;1;1;1;1;1;1;2;1;1;1;1;1;1;1;0;1;1;1;1;1;1;1;1;1;1;1;1;1;1;1;1;1;1;1;1;1;1;1;1;1;1;2;1;1;1;1;1;1;1;1;1;1;1;1;1;1;1;1;1;1;1;1;1;1;1;1;1;1;1;1;1;1;1;1;1;1;1;0;1;1;1;1;1;1;1;1;1;1;1;1;1;1;1;0;1;1;1;1;1;1;1;1;1;1;1;1;1;1;1;1;1;1;1;1;1;1;1;1;1;1;1;1;1;1;1;1;1;1;1;1;1;1;1;0,00203650032205;0,0110171591716;0,255729176427;0,0249661618658;0,0454911438952;1,3064676076;0;0;0;0
1;1;1;1;1;1;1;1;1;1;1;1;1;1;1;1;1;1;1;1;1;1;1;1;1;1;1;1;1;1;1;1;1;1;1;1;1;1;1;1;1;1;1;1;1;1;1;1;1;1;1;1;1;1;1;1;1;1;1;2;1;1;1;1;1;1;1;1;1;1;1;1;1;1;1;1;1;1;1;1;1;1;1;1;1;1;1;2;1;1;1;1;1;1;1;0;1;1;1;1;1;1;1;1;1;1;1;1;1;1;1;1;1;1;1;1;1;1;1;1;1;1;2;1;1;1;1;1;1;1;1;1;1;1;1;1;1;1;1;1;1;1;1;1;1;1;1;1;1;1;1;1;1;1;1;1;1;1;0;1;1;1;1;1;1;1;1;1;1;1;1;1;1;1;0;1;1;1;1;1;1;1;1;1;1;1;1;1;1;1;1;1;1;1;1;1;1;1;1;1;1;1;1;1;1;1;1;1;1;1;1;1;1;1;0,00203650032205;0,0110171591716;0,255729176427;0,0249661618658;0,0454911438952;1,3064676076;0;0;0;0
1;1;1;1;1;1;1;1;1;1;1;1;1;1;1;1;1;1;1;1;1;1;1;1;1;1;1;1;1;1;1;1;1;1;1;1;1;1;1;1;1;1;1;1;1;1;1;1;1;1;1;1;1;1;1;1;1;1;1;2;1;1;1;1;1;1;1;1;1;1;1;1;1;1;1;1;1;1;1;1;1;1;1;1;1;1;1;2;1;1;1;1;1;1;1;0;1;1;1;1;1;1;1;1;1;1;1;1;1;1;1;1;1;1;1;1;1;1;1;1;1;1;2;1;1;1;1;1;1;1;1;1;1;1;1;1;1;1;1;1;1;1;1;1;1;1;1;1;1;1;1;1;1;1;1;1;1;1;0;1;1;1;1;1;1;1;1;1;1;1;1;1;1;1;0;1;1;1;1;1;1;1;1;1;1;1;1;1;1;1;1;1;1;1;1;1;1;1;1;1;1;1;1;1;1;1;1;1;1;1;1;1;1;1;0,00203650032205;0,0110171591716;0,255729176427;0,0249661618658;0,0454911438952;1,3064676076;0;0;0;0
1;1;1;1;1;1;1;1;1;1;1;1;1;1;1;1;1;1;1;1;1;1;1;1;1;1;1;1;1;1;1;1;1;1;1;1;1;1;1;1;1;1;1;1;1;1;1;1;1;1;1;1;1;1;1;1;1;1;1;2;1;1;1;1;1;1;1;1;1;1;1;1;1;1;1;1;1;1;1;1;1;1;1;1;1;1;1;2;1;1;1;1;1;1;1;0;1;1;1;1;1;1;1;1;1;1;1;1;1;1;1;1;1;1;1;1;1;1;1;1;1;1;2;1;1;1;1;1;1;1;1;1;1;1;1;1;1;1;1;1;1;1;1;1;1;1;1;1;1;1;1;1;1;1;1;1;1;1;0;1;1;1;1;1;1;1;1;1;1;1;1;1;1;1;0;1;1;1;1;1;1;1;1;1;1;1;1;1;1;1;1;1;1;1;1;1;1;1;1;1;1;1;1;1;1;1;1;1;1;1;1;1;1;1;0,00203650032205;0,0110171591716;0,255729176427;0,0249661618658;0,0454911438952;1,3064676076;0;0;0;0
1;1;1;1;1;1;1;1;1;1;1;1;1;1;1;1;1;1;1;1;1;1;1;1;1;1;1;1;1;1;1;1;1;1;1;1;1;1;1;1;1;1;1;1;1;1;1;1;1;1;1;1;1;1;1;1;1;1;1;2;1;1;1;1;1;1;1;1;1;1;1;1;1;1;1;1;1;1;1;1;1;1;1;1;1;1;1;2;1;1;1;1;1;1;1;0;1;1;1;1;1;1;1;1;1;1;1;1;1;1;1;1;1;1;1;1;1;1;1;1;1;1;2;1;1;1;1;1;1;1;1;1;1;1;1;1;1;1;1;1;1;1;1;1;1;1;1;1;1;1;1;1;1;1;1;1;1;1;0;1;1;1;1;1;1;1;1;1;1;1;1;1;1;1;0;1;1;1;1;1;1;1;1;1;1;1;1;1;1;1;1;1;1;1;1;1;1;1;1;1;1;1;1;1;1;1;1;1;1;1;1;1;1;1;0,00203650032205;0,0110171591716;0,255729176427;0,0249661618658;0,0454911438952;1,3064676076;0;0;0;0
1;1;1;1;1;1;1;1;1;1;1;1;1;1;1;1;1;1;1;1;1;1;1;1;1;1;1;1;1;1;1;1;1;1;1;1;1;1;1;1;1;1;1;1;1;1;1;1;1;1;1;1;1;1;1;1;1;1;1;2;1;1;1;1;1;1;1;1;1;1;1;1;1;1;1;1;1;1;1;1;1;1;1;1;1;1;1;2;1;1;1;1;1;1;1;0;1;1;1;1;1;1;1;1;1;1;1;1;1;1;1;1;1;1;1;1;1;1;1;1;1;1;2;1;1;1;1;1;1;1;1;1;1;1;1;1;1;1;1;1;1;1;1;1;1;1;1;1;1;1;1;1;1;1;1;1;1;1;0;1;1;1;1;1;1;1;1;1;1;1;1;1;1;1;0;1;1;1;1;1;1;1;1;1;1;1;1;1;1;1;1;1;1;1;1;1;1;1;1;1;1;1;1;1;1;1;1;1;1;1;1;1;1;1;0,00203650032205;0,0110171591716;0,255729176427;0,0249661618658;0,0454911438952;1,3064676076;0;0;0;0
1;1;1;1;1;1;1;1;1;1;1;1;1;1;1;1;1;1;1;1;1;1;1;1;1;1;1;1;1;1;1;1;1;1;1;1;1;1;1;1;1;1;1;1;1;1;1;1;1;1;1;1;1;1;1;1;1;1;1;1;1;1;1;1;1;1;1;1;1;1;1;1;1;1;1;1;1;1;1;1;1;1;1;1;1;1;1;1;1;1;1;1;1;1;1;0;1;1;1;1;1;1;1;1;1;1;1;1;1;1;1;1;1;1;1;1;1;1;1;1;1;1;1;1;1;1;1;1;1;1;1;1;1;1;1;1;1;1;1;1;1;1;1;1;1;1;1;1;1;1;1;1;1;1;1;1;1;1;0;1;1;1;1;1;1;1;1;1;1;1;1;1;1;1;0;1;1;1;1;1;1;1;1;1;1;1;1;1;1;1;1;1;1;1;1;1;1;1;1;1;1;1;1;1;1;1;1;1;1;1;1;1;1;1;0,00886768210805;0,00836503726927;0,314204298019;0,0153582229244;0,0292850026695;1,76006872796;0;0;0;0
1;1;1;1;1;1;1;1;1;1;1;1;1;1;1;1;1;1;1;1;1;1;1;1;1;1;1;1;1;1;1;1;1;1;1;1;1;1;1;1;1;1;1;1;1;1;1;1;1;1;1;1;1;1;1;1;1;1;1;1;1;1;1;1;1;1;1;1;1;1;1;1;1;1;1;1;1;1;1;1;1;1;1;1;1;1;1;1;1;1;1;1;1;1;1;0;1;1;1;1;1;1;1;1;1;1;1;1;1;1;1;1;1;1;1;1;1;1;1;1;1;1;1;1;1;1;1;1;1;1;1;1;1;1;1;1;1;1;1;1;1;1;1;1;1;1;1;1;1;1;1;1;1;1;1;1;1;1;0;1;1;1;1;1;1;1;1;1;1;1;1;1;1;1;0;1;1;1;1;1;1;1;1;1;1;1;1;1;1;1;1;1;1;1;1;1;1;1;1;1;1;1;1;1;1;1;1;1;1;1;1;1;1;1;0,00886768210805;0,00836503726927;0,314204298019;0,0153582229244;0,0292850026695;1,76006872796;0;0;0;0
1;1;1;1;1;1;1;1;1;1;1;1;1;1;1;1;1;1;1;1;1;1;1;1;1;1;1;1;1;1;1;1;1;1;1;1;1;1;1;1;1;1;1;1;1;1;1;1;1;1;1;1;1;1;1;1;1;1;1;1;1;1;1;1;1;1;1;1;1;1;1;1;1;1;1;1;1;1;1;1;1;1;1;1;1;1;1;1;1;1;1;1;1;1;1;0;1;1;1;1;1;1;1;1;1;1;1;1;1;1;1;1;1;1;1;1;1;1;1;1;1;1;1;1;1;1;1;1;1;1;1;1;1;1;1;1;1;1;1;1;1;1;1;1;1;1;1;1;1;1;1;1;1;1;1;1;1;1;0;1;1;1;1;1;1;1;1;1;1;1;1;1;1;1;0;1;1;1;1;1;1;1;1;1;1;1;1;1;1;1;1;1;1;1;1;1;1;1;1;1;1;1;1;1;1;1;1;1;1;1;1;1;1;1;0,00886768210805;0,00836503726927;0,314204298019;0,0153582229244;0,0292850026695;1,76006872796;0;0;0;0
1;1;1;1;1;1;1;1;1;1;1;1;1;1;1;1;1;1;1;1;1;1;1;1;1;1;1;1;1;1;1;1;1;1;1;1;1;1;1;1;1;1;1;1;1;1;1;1;1;1;1;1;1;1;1;1;1;1;1;1;1;1;1;1;1;1;1;1;1;1;1;1;1;1;1;1;1;1;1;1;1;1;1;1;1;1;1;1;1;1;1;1;1;1;1;0;1;1;1;1;1;1;1;1;1;1;1;1;1;1;1;1;1;1;1;1;1;1;1;1;1;1;1;1;1;1;1;1;1;1;1;1;1;1;1;1;1;1;1;1;1;1;1;1;1;1;1;1;1;1;1;1;1;1;1;1;1;1;0;1;1;1;1;1;1;1;1;1;1;1;1;1;1;1;0;1;1;1;1;1;1;1;1;1;1;1;1;1;1;1;1;1;1;1;1;1;1;1;1;1;1;1;1;1;1;1;1;1;1;1;1;1;1;1;0,00886768210805;0,00836503726927;0,314204298019;0,0153582229244;0,0292850026695;1,76006872796;0;0;0;0
1;1;1;1;1;1;1;1;1;1;1;1;1;1;1;1;1;1;1;1;1;1;1;1;1;1;1;1;1;1;1;1;1;1;1;1;1;1;1;1;1;1;1;1;1;1;1;1;1;1;1;1;1;1;1;1;1;1;1;1;1;1;1;1;1;1;1;1;1;1;1;1;1;1;1;1;1;1;1;1;1;1;1;1;1;1;1;1;1;1;1;1;1;1;1;0;1;1;1;1;1;1;1;1;1;1;1;1;1;1;1;1;1;1;1;1;1;1;1;1;1;1;1;1;1;1;1;1;1;1;1;1;1;1;1;1;1;1;1;1;1;1;1;1;1;1;1;1;1;1;1;1;1;1;1;1;1;1;0;1;1;1;1;1;1;1;1;1;1;1;1;1;1;1;0;1;1;1;1;1;1;1;1;1;1;1;1;1;1;1;1;1;1;1;1;1;1;1;1;1;1;1;1;1;1;1;1;1;1;1;1;1;1;1;0,00886768210805;0,00836503726927;0,314204298019;0,0153582229244;0,0292850026695;1,76006872796;0;0;0;0
1;1;1;1;1;1;1;1;1;1;1;1;1;1;1;1;1;1;1;1;1;1;1;1;1;1;1;1;1;1;1;1;1;1;1;1;1;1;1;1;1;1;1;1;1;1;1;1;1;1;1;1;1;1;1;1;1;1;1;1;1;1;1;1;1;1;1;1;1;1;1;1;1;1;1;1;1;1;1;1;1;1;1;1;1;1;1;1;1;1;1;1;1;1;1;0;1;1;1;1;1;1;1;1;1;1;1;1;1;1;1;1;1;1;1;1;1;1;1;1;1;1;1;1;1;1;1;1;1;1;1;1;1;1;1;1;1;1;1;1;1;1;1;1;1;1;1;1;1;1;1;1;1;1;1;1;1;1;0;1;1;1;1;1;1;1;1;1;1;1;1;1;1;1;0;1;1;1;1;1;1;1;1;1;1;1;1;1;1;1;1;1;1;1;1;1;1;1;1;1;1;1;1;1;1;1;1;1;1;1;1;1;1;1;0,00886768210805;0,00836503726927;0,314204298019;0,0153582229244;0,0292850026695;1,76006872796;0;0;0;0
1;1;1;1;1;1;1;1;1;1;1;1;1;1;1;1;1;1;1;1;1;1;1;1;1;1;1;1;1;1;1;1;1;1;1;1;1;1;1;1;1;1;1;1;1;1;1;1;1;1;1;1;1;1;1;1;1;1;1;1;1;1;1;1;1;1;1;1;1;1;1;1;1;1;1;1;1;1;1;1;1;1;1;1;1;1;1;1;1;1;1;1;1;1;1;0;1;1;1;1;1;1;1;1;1;1;1;1;1;1;1;1;1;1;1;1;1;1;1;1;1;1;1;1;1;1;1;1;1;1;1;1;1;1;1;1;1;1;1;1;1;1;1;1;1;1;1;1;1;1;1;1;1;1;1;1;1;1;0;1;1;1;1;1;1;1;1;1;1;1;1;1;1;1;0;1;1;1;1;1;1;1;1;1;1;1;1;1;1;1;1;1;1;1;1;1;1;1;1;1;1;1;1;1;1;1;1;1;1;1;1;1;1;1;0,00886768210805;0,00836503726927;0,314204298019;0,0153582229244;0,0292850026695;1,76006872796;0;0;0;0
