10;40;30;db;Cosine;2;2
3;3;3;3;2;3;5;3;3;3;0;0;3;3;3;3;3;3;3;3;3;3;2;2;3;4;0;3;3;3;2;1;2;3;3;0;3;3;3;3;3;3;3;2;3;3;3;2;3;3;2;3;0;3;3;0;3;3;3;3;3;0;3;3;4;3;0;3;3;2;3;3;3;3;3;3;3;3;3;3;0;4;3;3;3;3;3;3;3;3;0;3;3;4;2;3;3;3;3;3;3;2;0;3;0;2;3;4;3;3;3;3;3;3;3;3;3;3;0;4;3;3;3;3;4;3;3;3;3;3;3;4;4;3;3;3;3;3;3;0;3;3;2;3;0;3;3;3;3;3;3;0;3;3;3;1;0;2;3;3;3;0;0;3;3;5;3;3;3;3;3;2;3;3;3;3;2;3;3;0;3;3;0;2;3;3;3;3;3;3;3;3;3;0;0;1;0;3;0;3;3;3;3;3;3;3;0;2;3;3;3;3;2;3;0,210891696427;0,251785456002;0,450571565198;0,281178655354;0,34626872199;5,0045044911;0;0;0;0
3;3;3;3;2;3;5;3;3;3;0;0;3;3;3;3;3;3;3;3;3;3;2;2;3;4;0;3;3;3;2;1;2;3;3;0;3;3;3;3;3;3;3;2;3;3;3;2;3;3;2;3;0;3;3;0;3;3;3;3;3;0;3;3;4;3;0;3;3;2;3;3;3;3;3;3;3;3;3;3;0;4;3;3;3;3;3;3;3;3;0;3;3;4;2;3;3;3;3;3;3;2;0;3;0;2;3;4;3;3;3;3;3;3;3;3;3;3;0;4;3;3;3;3;4;3;3;3;3;3;3;4;4;3;3;3;3;3;3;0;3;3;2;3;0;3;3;3;3;3;3;0;3;3;3;1;0;2;3;3;3;0;0;3;3;5;3;3;3;3;3;2;3;3;3;3;2;3;3;0;3;3;0;2;3;3;3;3;3;3;3;3;3;0;0;1;0;3;0;3;3;3;3;3;3;3;0;2;3;3;3;3;2;3;0,210891696427;0,251785456002;0,450571565198;0,281178655354;0,34626872199;5,0045044911;0;0;0;0
3;3;3;3;2;3;5;3;3;3;0;0;3;3;3;3;3;3;3;3;3;3;2;2;3;4;0;3;3;3;2;1;2;3;3;0;3;3;3;3;3;3;3;2;3;3;3;2;3;3;2;3;0;3;3;0;3;3;3;3;3;0;3;3;4;3;0;3;3;2;3;3;3;3;3;3;3;3;3;3;0;4;3;3;3;3;3;3;3;3;0;3;3;4;2;3;3;3;3;3;3;2;0;3;0;2;3;4;3;3;3;3;3;3;3;3;3;3;0;4;3;3;3;3;4;3;3;3;3;3;3;4;4;3;3;3;3;3;3;0;3;3;2;3;0;3;3;3;3;3;3;0;3;3;3;1;0;2;3;3;3;0;0;3;3;5;3;3;3;3;3;2;3;3;3;3;2;3;3;0;3;3;0;2;3;3;3;3;3;3;3;3;3;0;0;1;0;3;0;3;3;3;3;3;3;3;0;2;3;3;3;3;2;3;0,210891696427;0,251785456002;0,450571565198;0,281178655354;0,34626872199;5,0045044911;0;0;0;0
3;3;3;3;2;3;5;3;3;3;0;0;3;3;3;3;3;3;3;3;3;3;2;2;3;4;0;3;3;3;2;1;2;3;3;0;3;3;3;3;3;3;3;2;3;3;3;2;3;3;2;3;0;3;3;0;3;3;3;3;3;0;3;3;4;3;0;3;3;2;3;3;3;3;3;3;3;3;3;3;0;4;3;3;3;3;3;3;3;3;0;3;3;4;2;3;3;3;3;3;3;2;0;3;0;2;3;4;3;3;3;3;3;3;3;3;3;3;0;4;3;3;3;3;4;3;3;3;3;3;3;4;4;3;3;3;3;3;3;0;3;3;2;3;0;3;3;3;3;3;3;0;3;3;3;1;0;2;3;3;3;0;0;3;3;5;3;3;3;3;3;2;3;3;3;3;2;3;3;0;3;3;0;2;3;3;3;3;3;3;3;3;3;0;0;1;0;3;0;3;3;3;3;3;3;3;0;2;3;3;3;3;2;3;0,210891696427;0,251785456002;0,450571565198;0,281178655354;0,34626872199;5,0045044911;0;0;0;0
3;3;3;3;2;3;5;3;3;3;0;0;3;3;3;3;3;3;3;3;3;3;2;2;3;3;0;3;3;3;2;1;2;3;3;0;3;3;3;3;3;3;3;2;3;3;3;2;3;3;2;3;2;3;3;0;3;3;3;3;3;0;3;3;4;3;0;3;3;2;3;3;3;3;3;3;3;3;3;3;0;4;3;3;3;3;3;3;3;3;0;3;3;3;2;3;3;3;3;3;3;2;0;3;0;2;3;3;3;3;3;3;3;3;3;3;3;3;0;3;3;3;3;3;3;3;3;3;3;3;3;3;4;3;3;3;3;3;3;0;3;3;2;3;0;3;3;3;3;3;3;0;3;3;3;1;0;2;3;3;3;0;0;3;3;5;3;3;3;3;3;2;3;3;3;3;2;3;3;0;3;3;0;2;3;3;3;3;3;3;3;3;3;0;0;1;0;3;0;3;3;3;3;3;3;3;0;2;3;3;3;3;2;3;0,227207624011;0,257980831601;0,507821107856;0,286032379216;0,365944804832;5,20678024747;0;0;0;0
3;3;3;3;2;3;5;3;3;3;0;0;3;3;3;3;3;3;3;3;3;3;2;2;3;4;0;3;3;3;2;3;2;3;3;0;3;3;3;3;3;3;3;2;3;3;3;2;3;3;2;3;0;3;3;0;6;3;3;3;3;0;0;3;4;3;0;3;3;2;3;3;3;3;3;3;3;3;3;3;0;4;3;3;3;3;3;3;3;3;0;3;3;4;2;3;3;3;3;3;3;2;0;3;0;2;3;6;3;3;3;3;3;3;3;3;3;3;0;4;3;3;3;3;4;3;3;3;3;3;3;4;4;3;3;3;3;3;3;0;3;3;2;3;0;3;3;3;3;3;3;0;3;3;3;1;0;2;3;3;3;0;0;3;3;5;3;3;3;3;3;2;3;3;3;3;2;3;3;0;3;3;0;2;3;3;3;3;3;3;3;3;3;0;0;1;0;3;0;3;3;3;3;3;3;2;0;2;3;3;3;3;2;4;0,231354395506;0,261052227171;0,448151215294;0,294072401496;0,355119134271;5,29822685787;0;0;0;0
2;2;2;2;1;2;4;2;2;2;0;0;2;2;2;2;2;2;2;2;2;2;1;0;2;3;0;2;2;2;2;2;1;2;2;0;2;2;2;2;2;2;2;1;2;2;2;0;2;2;0;2;0;2;2;0;2;2;2;2;2;0;0;2;2;2;0;2;2;0;2;2;2;2;2;2;2;2;2;2;0;0;2;2;2;2;2;2;2;2;0;2;2;3;0;2;2;2;2;2;2;1;0;2;0;1;2;3;2;2;2;2;2;2;2;2;2;2;0;3;2;2;2;2;2;2;2;2;2;2;2;2;3;2;2;2;2;2;2;0;2;2;2;2;0;2;2;2;2;2;2;0;2;2;2;2;0;1;2;2;2;0;0;2;2;4;2;2;2;2;2;0;2;0;2;2;0;2;2;0;2;2;0;1;2;2;2;2;2;2;2;2;2;0;0;2;0;2;0;2;2;3;2;2;2;1;0;1;2;2;2;2;0;2;0,186894339815;0,201888228794;0,422140345992;0,226982812683;0,29522472523;5,67248201822;0;0;0;0
1;1;1;1;1;1;2;1;1;1;1;0;1;1;1;1;1;1;1;1;1;1;3;1;1;1;1;1;1;1;1;1;1;1;1;0;1;1;1;1;1;1;1;3;1;1;1;1;1;1;0;1;1;1;1;0;1;1;1;1;1;0;1;1;1;1;0;1;1;1;1;1;1;1;1;1;1;1;1;1;0;1;1;1;1;1;1;1;1;1;0;1;1;1;0;1;1;1;1;1;1;1;0;1;0;1;1;1;1;1;1;1;1;1;1;1;1;1;0;1;1;1;1;1;1;1;1;1;3;1;1;1;1;1;1;1;1;1;1;0;1;1;1;1;0;1;1;1;1;1;1;0;1;1;1;1;1;1;1;1;1;0;0;1;1;2;1;1;1;1;1;0;1;1;1;1;0;1;1;1;1;1;0;1;1;1;1;1;1;1;1;1;1;0;0;1;0;1;0;1;1;1;1;1;1;1;0;3;1;1;1;1;1;1;0,13076765203;0,133869512759;0,46018032635;0,153339137859;0,230029065478;5,75977798872;0;0;0;0
1;1;1;1;1;1;2;1;1;1;1;0;1;1;1;1;1;1;1;1;1;1;3;1;1;1;1;1;1;1;1;1;1;1;1;0;1;1;1;1;1;1;1;3;1;1;1;1;1;1;0;1;1;1;1;0;1;1;1;1;1;0;1;1;1;1;0;1;1;1;1;1;1;1;1;1;1;1;1;1;0;1;1;1;1;1;1;1;1;1;0;1;1;1;0;1;1;1;1;1;1;1;0;1;0;1;1;1;1;1;1;1;1;1;1;1;1;1;0;1;1;1;1;1;1;1;1;1;3;1;1;1;1;1;1;1;1;1;1;0;1;1;1;1;0;1;1;1;1;1;1;0;1;1;1;1;1;1;1;1;1;0;0;1;1;2;1;1;1;1;1;0;1;1;1;1;0;1;1;1;1;1;0;1;1;1;1;1;1;1;1;1;1;0;0;1;0;1;0;1;1;1;1;1;1;1;0;3;1;1;1;1;1;1;0,13076765203;0,133869512759;0,46018032635;0,153339137859;0,230029065478;5,75977798872;0;0;0;0
1;1;1;1;1;1;2;1;1;1;1;0;1;1;1;1;1;1;1;1;1;1;3;1;1;1;1;1;1;1;1;1;1;1;1;0;1;1;1;1;1;1;1;3;1;1;1;1;1;1;0;1;1;1;1;0;1;1;1;1;1;0;1;1;1;1;0;1;1;1;1;1;1;1;1;1;1;1;1;1;0;1;1;1;1;1;1;1;1;1;0;1;1;1;0;1;1;1;1;1;1;1;0;1;0;1;1;1;1;1;1;1;1;1;1;1;1;1;0;1;1;1;1;1;1;1;1;1;3;1;1;1;1;1;1;1;1;1;1;0;1;1;1;1;0;1;1;1;1;1;1;0;1;1;1;1;1;1;1;1;1;0;0;1;1;2;1;1;1;1;1;0;1;1;1;1;0;1;1;1;1;1;0;1;1;1;1;1;1;1;1;1;1;0;0;1;0;1;0;1;1;1;1;1;1;1;0;3;1;1;1;1;1;1;0,13076765203;0,133869512759;0,46018032635;0,153339137859;0,230029065478;5,75977798872;0;0;0;0
1;1;1;1;1;1;2;1;1;1;1;0;1;1;1;1;1;1;1;1;1;1;3;1;1;1;1;1;1;1;1;1;1;1;1;0;1;1;1;1;1;1;1;3;1;1;1;1;1;1;0;1;1;1;1;0;1;1;1;1;1;0;1;1;1;1;0;1;1;1;1;1;1;1;1;1;1;1;1;1;0;1;1;1;1;1;1;1;1;1;0;1;1;1;0;1;1;1;1;1;1;1;0;1;0;1;1;1;1;1;1;1;1;1;1;1;1;1;0;1;1;1;1;1;1;1;1;1;3;1;1;1;1;1;1;1;1;1;1;0;1;1;1;1;0;1;1;1;1;1;1;0;1;1;1;1;1;1;1;1;1;0;0;1;1;2;1;1;1;1;1;0;1;1;1;1;0;1;1;1;1;1;0;1;1;1;1;1;1;1;1;1;1;0;0;1;0;1;0;1;1;1;1;1;1;1;0;3;1;1;1;1;1;1;0,13076765203;0,133869512759;0,46018032635;0,153339137859;0,230029065478;5,75977798872;0;0;0;0
1;1;1;1;1;1;2;1;1;1;1;0;1;1;1;1;1;1;1;1;1;1;3;1;1;1;1;1;1;1;1;1;1;1;1;0;1;1;1;1;1;1;1;3;1;1;1;1;1;1;0;1;1;1;1;0;1;1;1;1;1;0;1;1;1;1;0;1;1;1;1;1;1;1;1;1;1;1;1;1;0;1;1;1;1;1;1;1;1;1;0;1;1;1;0;1;1;1;1;1;1;1;0;1;0;1;1;1;1;1;1;1;1;1;1;1;1;1;0;1;1;1;1;1;1;1;1;1;3;1;1;1;1;1;1;1;1;1;1;0;1;1;1;1;0;1;1;1;1;1;1;0;1;1;1;1;1;1;1;1;1;0;0;1;1;2;1;1;1;1;1;0;1;1;1;1;0;1;1;1;1;1;0;1;1;1;1;1;1;1;1;1;1;0;0;1;0;1;0;1;1;1;1;1;1;1;0;3;1;1;1;1;1;1;0,13076765203;0,133869512759;0,46018032635;0,153339137859;0,230029065478;5,75977798872;0;0;0;0
3;3;3;3;2;3;5;3;3;3;0;0;3;3;3;3;3;3;3;3;3;3;2;0;3;4;0;3;3;3;0;3;0;3;3;0;3;3;3;3;3;3;3;2;3;3;3;0;3;3;0;0;0;3;3;0;3;3;3;3;3;0;3;3;3;3;0;3;3;0;3;3;3;3;3;3;3;3;3;3;0;1;3;3;3;3;3;3;3;3;0;3;3;4;0;3;3;3;3;3;3;0;0;3;0;2;3;4;3;3;3;3;3;3;3;3;3;3;0;4;3;3;3;3;3;3;3;3;3;3;3;3;4;3;3;3;3;3;3;0;3;3;0;3;0;3;3;3;3;3;3;0;3;3;3;1;0;2;3;3;3;0;0;3;3;5;3;3;3;3;3;0;3;3;3;3;0;3;3;0;3;3;1;0;3;3;3;3;3;3;3;3;3;0;0;1;0;3;0;3;3;4;3;3;3;0;0;2;3;3;3;3;0;3;0,197963186363;0,216360306655;0,431206787674;0,246492291494;0,313676534229;5,9547642643;0;0;0;0
3;3;3;3;2;3;5;3;3;3;0;0;3;3;3;3;3;3;3;3;3;3;2;0;3;4;0;3;3;3;0;3;0;3;3;0;3;3;3;3;3;3;3;2;3;3;3;0;3;3;0;0;0;3;3;0;3;3;3;3;3;0;3;3;3;3;0;3;3;0;3;3;3;3;3;3;3;3;3;3;0;1;3;3;3;3;3;3;3;3;0;3;3;4;0;3;3;3;3;3;3;0;0;3;0;2;3;4;3;3;3;3;3;3;3;3;3;3;0;4;3;3;3;3;3;3;3;3;3;3;3;3;4;3;3;3;3;3;3;0;3;3;0;3;0;3;3;3;3;3;3;0;3;3;3;1;0;2;3;3;3;0;0;3;3;5;3;3;3;3;3;0;3;3;3;3;0;3;3;0;3;3;1;0;3;3;3;3;3;3;3;3;3;0;0;1;0;3;0;3;3;4;3;3;3;0;0;2;3;3;3;3;0;3;0,197963186363;0,216360306655;0,431206787674;0,246492291494;0,313676534229;5,9547642643;0;0;0;0
3;3;3;3;2;3;5;3;3;3;0;0;3;3;3;3;3;3;3;3;3;3;2;0;3;4;0;3;3;3;0;3;0;3;3;0;3;3;3;3;3;3;3;2;3;3;3;0;3;3;0;0;0;3;3;0;3;3;3;3;3;0;3;3;3;3;0;3;3;0;3;3;3;3;3;3;3;3;3;3;0;1;3;3;3;3;3;3;3;3;0;3;3;4;0;3;3;3;3;3;3;0;0;3;0;2;3;4;3;3;3;3;3;3;3;3;3;3;0;4;3;3;3;3;3;3;3;3;3;3;3;3;4;3;3;3;3;3;3;0;3;3;0;3;0;3;3;3;3;3;3;0;3;3;3;1;0;2;3;3;3;0;0;3;3;5;3;3;3;3;3;0;3;3;3;3;0;3;3;0;3;3;1;0;3;3;3;3;3;3;3;3;3;0;0;1;0;3;0;3;3;4;3;3;3;0;0;2;3;3;3;3;0;3;0,197963186363;0,216360306655;0,431206787674;0,246492291494;0,313676534229;5,9547642643;0;0;0;0
3;3;3;3;2;3;5;3;3;3;0;0;3;3;3;3;3;3;3;3;3;3;2;0;3;4;0;3;3;3;0;3;0;3;3;0;3;3;3;3;3;3;3;2;3;3;3;0;3;3;0;0;0;3;3;0;3;3;3;3;3;0;3;3;3;3;0;3;3;0;3;3;3;3;3;3;3;3;3;3;0;1;3;3;3;3;3;3;3;3;0;3;3;4;0;3;3;3;3;3;3;0;0;3;0;2;3;4;3;3;3;3;3;3;3;3;3;3;0;4;3;3;3;3;3;3;3;3;3;3;3;3;4;3;3;3;3;3;3;0;3;3;0;3;0;3;3;3;3;3;3;0;3;3;3;1;0;2;3;3;3;0;0;3;3;5;3;3;3;3;3;0;3;3;3;3;0;3;3;0;3;3;1;0;3;3;3;3;3;3;3;3;3;0;0;1;0;3;0;3;3;4;3;3;3;0;0;2;3;3;3;3;0;3;0,197963186363;0,216360306655;0,431206787674;0,246492291494;0,313676534229;5,9547642643;0;0;0;0
3;3;3;3;2;3;5;3;3;3;0;0;3;3;3;3;3;3;3;3;3;3;2;0;3;4;0;3;3;3;0;3;0;3;3;0;3;3;3;3;3;3;3;2;3;3;3;0;3;3;0;0;0;3;3;0;3;3;3;3;3;0;3;3;3;3;0;3;3;0;3;3;3;3;3;3;3;3;3;3;0;1;3;3;3;3;3;3;3;3;0;3;3;4;0;3;3;3;3;3;3;0;0;3;0;2;3;4;3;3;3;3;3;3;3;3;3;3;0;4;3;3;3;3;3;3;3;3;3;3;3;3;4;3;3;3;3;3;3;0;3;3;0;3;0;3;3;3;3;3;3;0;3;3;3;1;0;2;3;3;3;0;0;3;3;5;3;3;3;3;3;0;3;3;3;3;0;3;3;0;3;3;1;0;3;3;3;3;3;3;3;3;3;0;0;1;0;3;0;3;3;4;3;3;3;0;0;2;3;3;3;3;0;3;0,197963186363;0,216360306655;0,431206787674;0,246492291494;0,313676534229;5,9547642643;0;0;0;0
3;3;3;3;2;3;5;3;3;3;0;0;3;3;3;3;3;3;3;3;3;3;2;0;3;4;0;3;3;3;0;3;0;3;3;0;3;3;3;3;3;3;3;2;3;3;3;0;3;3;0;0;0;3;3;0;3;3;3;3;3;0;3;3;3;3;0;3;3;0;3;3;3;3;3;3;3;3;3;3;0;1;3;3;3;3;3;3;3;3;0;3;3;4;0;3;3;3;3;3;3;0;0;3;0;2;3;4;3;3;3;3;3;3;3;3;3;3;0;4;3;3;3;3;3;3;3;3;3;3;3;3;4;3;3;3;3;3;3;0;3;3;0;3;0;3;3;3;3;3;3;0;3;3;3;1;0;2;3;3;3;0;0;3;3;5;3;3;3;3;3;0;3;3;3;3;0;3;3;0;3;3;1;0;3;3;3;3;3;3;3;3;3;0;0;1;0;3;0;3;3;4;3;3;3;0;0;2;3;3;3;3;0;3;0,197963186363;0,216360306655;0,431206787674;0,246492291494;0,313676534229;5,9547642643;0;0;0;0
3;3;3;3;2;3;5;3;3;3;0;0;3;3;3;3;3;3;3;3;3;3;2;0;3;4;0;3;3;3;0;3;0;3;3;0;3;3;3;3;3;3;3;2;3;3;3;0;3;3;0;0;0;3;3;0;3;3;3;3;3;0;3;3;3;3;0;3;3;0;3;3;3;3;3;3;3;3;3;3;0;1;3;3;3;3;3;3;3;3;0;3;3;4;0;3;3;3;3;3;3;0;0;3;0;2;3;4;3;3;3;3;3;3;3;3;3;3;0;4;3;3;3;3;3;3;3;3;3;3;3;3;4;3;3;3;3;3;3;0;3;3;0;3;0;3;3;3;3;3;3;0;3;3;3;1;0;2;3;3;3;0;0;3;3;5;3;3;3;3;3;0;3;3;3;3;0;3;3;0;3;3;1;0;3;3;3;3;3;3;3;3;3;0;0;1;0;3;0;3;3;4;3;3;3;0;0;2;3;3;3;3;0;3;0,197963186363;0,216360306655;0,431206787674;0,246492291494;0,313676534229;5,9547642643;0;0;0;0
3;3;3;3;2;3;5;3;3;3;0;0;3;3;3;3;3;3;3;3;3;3;2;0;3;4;0;3;3;3;0;3;0;3;3;0;3;3;3;3;3;3;3;2;3;3;3;0;3;3;0;0;0;3;3;0;3;3;3;3;3;0;3;3;3;3;0;3;3;0;3;3;3;3;3;3;3;3;3;3;0;1;3;3;3;3;3;3;3;3;0;3;3;4;0;3;3;3;3;3;3;0;0;3;0;2;3;4;3;3;3;3;3;3;3;3;3;3;0;4;3;3;3;3;3;3;3;3;3;3;3;3;4;3;3;3;3;3;3;0;3;3;0;3;0;3;3;3;3;3;3;0;3;3;3;1;0;2;3;3;3;0;0;3;3;5;3;3;3;3;3;0;3;3;3;3;0;3;3;0;3;3;1;0;3;3;3;3;3;3;3;3;3;0;0;1;0;3;0;3;3;4;3;3;3;0;0;2;3;3;3;3;0;3;0,197963186363;0,216360306655;0,431206787674;0,246492291494;0,313676534229;5,9547642643;0;0;0;0
3;3;3;3;2;3;5;3;3;3;0;0;3;3;3;3;3;3;3;3;3;3;2;0;3;4;0;3;3;3;0;3;0;3;3;0;3;3;3;3;3;3;3;2;3;3;3;0;3;3;0;0;0;3;3;0;3;3;3;3;3;0;3;3;3;3;0;3;3;0;3;3;3;3;3;3;3;3;3;3;0;1;3;3;3;3;3;3;3;3;0;3;3;4;0;3;3;3;3;3;3;0;0;3;0;2;3;4;3;3;3;3;3;3;3;3;3;3;0;4;3;3;3;3;3;3;3;3;3;3;3;3;4;3;3;3;3;3;3;0;3;3;0;3;0;3;3;3;3;3;3;0;3;3;3;1;0;2;3;3;3;0;0;3;3;5;3;3;3;3;3;0;3;3;3;3;0;3;3;0;3;3;1;0;3;3;3;3;3;3;3;3;3;0;0;1;0;3;0;3;3;4;3;3;3;0;0;2;3;3;3;3;0;3;0,197963186363;0,216360306655;0,431206787674;0,246492291494;0,313676534229;5,9547642643;0;0;0;0
3;3;3;3;2;3;5;3;3;3;0;0;3;3;3;3;3;3;3;3;3;3;2;0;3;4;0;3;3;3;0;3;0;3;3;0;3;3;3;3;3;3;3;2;3;3;3;0;3;3;0;0;0;3;3;0;3;3;3;3;3;0;3;3;3;3;0;3;3;0;3;3;3;3;3;3;3;3;3;3;0;1;3;3;3;3;3;3;3;3;0;3;3;4;0;3;3;3;3;3;3;0;0;3;0;2;3;4;3;3;3;3;3;3;3;3;3;3;0;4;3;3;3;3;3;3;3;3;3;3;3;3;4;3;3;3;3;3;3;0;3;3;0;3;0;3;3;3;3;3;3;0;3;3;3;1;0;2;3;3;3;0;0;3;3;5;3;3;3;3;3;0;3;3;3;3;0;3;3;0;3;3;1;0;3;3;3;3;3;3;3;3;3;0;0;1;0;3;0;3;3;4;3;3;3;0;0;2;3;3;3;3;0;3;0,197963186363;0,216360306655;0,431206787674;0,246492291494;0,313676534229;5,9547642643;0;0;0;0
3;3;3;3;2;3;5;3;3;3;0;0;3;3;3;3;3;3;3;3;3;3;2;0;3;4;0;3;3;3;0;3;0;3;3;0;3;3;3;3;3;3;3;2;3;3;3;0;3;3;0;0;0;3;3;0;3;3;3;3;3;0;3;3;3;3;0;3;3;0;3;3;3;3;3;3;3;3;3;3;0;1;3;3;3;3;3;3;3;3;0;3;3;4;0;3;3;3;3;3;3;0;0;3;0;2;3;4;3;3;3;3;3;3;3;3;3;3;0;4;3;3;3;3;3;3;3;3;3;3;3;3;4;3;3;3;3;3;3;0;3;3;0;3;0;3;3;3;3;3;3;0;3;3;3;1;0;2;3;3;3;0;0;3;3;5;3;3;3;3;3;0;3;3;3;3;0;3;3;0;3;3;1;0;3;3;3;3;3;3;3;3;3;0;0;1;0;3;0;3;3;4;3;3;3;0;0;2;3;3;3;3;0;3;0,197963186363;0,216360306655;0,431206787674;0,246492291494;0,313676534229;5,9547642643;0;0;0;0
3;3;3;3;2;3;5;3;3;3;0;0;3;3;3;3;3;3;3;3;3;3;2;0;3;4;0;3;3;3;0;3;0;3;3;0;3;3;3;3;3;3;3;2;3;3;3;0;3;3;0;0;0;3;3;0;3;3;3;3;3;0;3;3;3;3;0;3;3;0;3;3;3;3;3;3;3;3;3;3;0;1;3;3;3;3;3;3;3;3;0;3;3;4;0;3;3;3;3;3;3;0;0;3;0;2;3;4;3;3;3;3;3;3;3;3;3;3;0;4;3;3;3;3;3;3;3;3;3;3;3;3;4;3;3;3;3;3;3;0;3;3;0;3;0;3;3;3;3;3;3;0;3;3;3;1;0;2;3;3;3;0;0;3;3;5;3;3;3;3;3;0;3;3;3;3;0;3;3;0;3;3;1;0;3;3;3;3;3;3;3;3;3;0;0;1;0;3;0;3;3;4;3;3;3;0;0;2;3;3;3;3;0;3;0,197963186363;0,216360306655;0,431206787674;0,246492291494;0,313676534229;5,9547642643;0;0;0;0
3;3;3;3;2;3;5;3;3;3;0;0;3;3;3;3;3;3;3;3;3;3;2;0;3;4;0;3;3;3;0;3;0;3;3;0;3;3;3;3;3;3;3;2;3;3;3;0;3;3;0;0;0;3;3;0;3;3;3;3;3;0;3;3;3;3;0;3;3;0;3;3;3;3;3;3;3;3;3;3;0;1;3;3;3;3;3;3;3;3;0;3;3;4;0;3;3;3;3;3;3;0;0;3;0;2;3;4;3;3;3;3;3;3;3;3;3;3;0;4;3;3;3;3;3;3;3;3;3;3;3;3;4;3;3;3;3;3;3;0;3;3;0;3;0;3;3;3;3;3;3;0;3;3;3;1;0;2;3;3;3;0;0;3;3;5;3;3;3;3;3;0;3;3;3;3;0;3;3;0;3;3;1;0;3;3;3;3;3;3;3;3;3;0;0;1;0;3;0;3;3;4;3;3;3;0;0;2;3;3;3;3;0;3;0,197963186363;0,216360306655;0,431206787674;0,246492291494;0,313676534229;5,9547642643;0;0;0;0
3;3;3;3;2;3;5;3;3;3;0;0;3;3;3;3;3;3;3;3;3;3;2;0;3;4;0;3;3;3;0;3;0;3;3;0;3;3;3;3;3;3;3;2;3;3;3;0;3;3;0;0;0;3;3;0;3;3;3;3;3;0;3;3;3;3;0;3;3;0;3;3;3;3;3;3;3;3;3;3;0;1;3;3;3;3;3;3;3;3;0;3;3;4;0;3;3;3;3;3;3;0;0;3;0;2;3;4;3;3;3;3;3;3;3;3;3;3;0;4;3;3;3;3;3;3;3;3;3;3;3;3;4;3;3;3;3;3;3;0;3;3;0;3;0;3;3;3;3;3;3;0;3;3;3;1;0;2;3;3;3;0;0;3;3;5;3;3;3;3;3;0;3;3;3;3;0;3;3;0;3;3;1;0;3;3;3;3;3;3;3;3;3;0;0;1;0;3;0;3;3;4;3;3;3;0;0;2;3;3;3;3;0;3;0,197963186363;0,216360306655;0,431206787674;0,246492291494;0,313676534229;5,9547642643;0;0;0;0
3;3;3;3;2;3;5;3;3;3;0;0;3;3;3;3;3;3;3;3;3;3;2;0;3;4;0;3;3;3;0;3;0;3;3;0;3;3;3;3;3;3;3;2;3;3;3;0;3;3;0;0;0;3;3;0;3;3;3;3;3;0;3;3;3;3;0;3;3;0;3;3;3;3;3;3;3;3;3;3;0;1;3;3;3;3;3;3;3;3;0;3;3;4;0;3;3;3;3;3;3;0;0;3;0;2;3;4;3;3;3;3;3;3;3;3;3;3;0;4;3;3;3;3;3;3;3;3;3;3;3;3;4;3;3;3;3;3;3;0;3;3;0;3;0;3;3;3;3;3;3;0;3;3;3;1;0;2;3;3;3;0;0;3;3;5;3;3;3;3;3;0;3;3;3;3;0;3;3;0;3;3;1;0;3;3;3;3;3;3;3;3;3;0;0;1;0;3;0;3;3;4;3;3;3;0;0;2;3;3;3;3;0;3;0,197963186363;0,216360306655;0,431206787674;0,246492291494;0,313676534229;5,9547642643;0;0;0;0
3;3;3;3;2;3;5;3;3;3;0;0;3;3;3;3;3;3;3;3;3;3;2;0;3;4;0;3;3;3;0;3;0;3;3;0;3;3;3;3;3;3;3;2;3;3;3;0;3;3;0;0;0;3;3;0;3;3;3;3;3;0;3;3;3;3;0;3;3;0;3;3;3;3;3;3;3;3;3;3;0;1;3;3;3;3;3;3;3;3;0;3;3;4;0;3;3;3;3;3;3;0;0;3;0;2;3;4;3;3;3;3;3;3;3;3;3;3;0;4;3;3;3;3;3;3;3;3;3;3;3;3;4;3;3;3;3;3;3;0;3;3;0;3;0;3;3;3;3;3;3;0;3;3;3;1;0;2;3;3;3;0;0;3;3;5;3;3;3;3;3;0;3;3;3;3;0;3;3;0;3;3;1;0;3;3;3;3;3;3;3;3;3;0;0;1;0;3;0;3;3;4;3;3;3;0;0;2;3;3;3;3;0;3;0,197963186363;0,216360306655;0,431206787674;0,246492291494;0,313676534229;5,9547642643;0;0;0;0
3;3;3;3;2;3;5;3;3;3;0;0;3;3;3;3;3;3;3;3;3;3;2;0;3;4;0;3;3;3;0;3;0;3;3;0;3;3;3;3;3;3;3;2;3;3;3;0;3;3;0;0;0;3;3;0;3;3;3;3;3;0;3;3;3;3;0;3;3;0;3;3;3;3;3;3;3;3;3;3;0;1;3;3;3;3;3;3;3;3;0;3;3;4;0;3;3;3;3;3;3;0;0;3;0;2;3;4;3;3;3;3;3;3;3;3;3;3;0;4;3;3;3;3;3;3;3;3;3;3;3;3;4;3;3;3;3;3;3;0;3;3;0;3;0;3;3;3;3;3;3;0;3;3;3;1;0;2;3;3;3;0;0;3;3;5;3;3;3;3;3;0;3;3;3;3;0;3;3;0;3;3;1;0;3;3;3;3;3;3;3;3;3;0;0;1;0;3;0;3;3;4;3;3;3;0;0;2;3;3;3;3;0;3;0,197963186363;0,216360306655;0,431206787674;0,246492291494;0,313676534229;5,9547642643;0;0;0;0
3;3;3;3;2;3;5;3;3;3;0;0;3;3;3;3;3;3;3;3;3;3;2;0;3;4;0;3;3;3;0;3;2;3;3;0;3;3;3;3;3;3;3;2;3;3;3;0;3;3;0;3;0;3;3;0;3;3;3;3;3;0;3;3;3;3;0;3;3;0;3;3;3;3;3;3;3;3;3;3;0;1;3;3;3;3;3;3;3;3;0;3;3;4;0;3;3;3;3;3;3;0;0;3;0;2;3;4;3;3;3;3;3;3;3;3;3;3;0;4;3;3;3;3;3;3;3;3;3;3;3;3;4;3;3;3;3;3;3;0;3;3;0;3;0;3;3;3;3;3;3;0;3;3;3;1;0;2;3;3;3;0;0;3;3;5;3;3;3;3;3;0;3;3;3;3;0;3;3;0;3;3;1;0;3;3;3;3;3;3;3;3;3;0;0;1;0;3;0;3;3;3;3;3;3;0;0;2;3;3;3;3;0;3;0,19553724766;0,212672859724;0,431874851296;0,242923972996;0,310945280095;6,1150018415;0;0;0;0
