25;40;30;db;Minkowski_2;1;2
2;2;2;2;2;2;2;2;2;2;2;2;4;2;0;2;2;2;2;2;2;2;2;2;2;2;2;2;2;2;2;2;2;2;2;2;2;2;2;2;2;3;2;2;2;2;2;2;2;2;2;2;2;2;2;2;2;2;2;1;2;2;2;2;2;2;2;2;2;1;2;2;2;2;2;0;2;2;2;2;2;2;2;2;2;2;2;2;2;2;2;4;2;2;2;2;2;2;2;2;2;2;2;2;2;2;4;2;2;2;2;2;2;2;2;2;2;2;2;2;2;2;2;2;2;2;2;2;4;2;2;2;2;2;2;2;2;3;2;2;2;2;2;4;2;2;2;2;2;2;2;2;2;2;2;2;2;2;2;2;4;2;2;2;5;2;2;2;2;2;2;2;2;2;2;2;2;2;2;2;2;2;2;5;2;2;2;2;2;3;2;2;1;2;2;2;2;2;2;2;2;0;2;2;2;2;2;2;2;2;2;2;2;2;0,0141891201987;0,0316896938596;0,249540369992;0,0660875059822;0,104499646261;2,52295480814;0;0;0;0
2;2;2;2;2;2;2;2;2;2;2;2;4;2;0;2;2;2;2;2;2;2;2;2;2;2;2;2;2;2;2;2;2;2;2;2;2;2;2;2;2;3;2;2;2;2;2;2;2;2;2;2;2;2;2;2;2;2;2;1;2;2;2;2;2;2;2;2;2;1;2;2;2;2;2;0;2;2;2;2;2;2;2;2;2;2;2;2;2;2;2;4;2;2;2;2;2;2;2;2;2;2;2;2;2;2;4;2;2;2;2;2;2;2;2;2;2;2;2;2;2;2;2;2;2;2;2;2;4;2;2;2;2;2;2;2;2;3;2;2;2;2;2;4;2;2;2;2;2;2;2;2;2;2;2;2;2;2;2;2;4;2;2;2;5;2;2;2;2;2;2;2;2;2;2;2;2;2;2;2;2;2;2;5;2;2;2;2;2;3;2;2;1;2;2;2;2;2;2;2;2;0;2;2;2;2;2;2;2;2;2;2;2;2;0,0141891201987;0,0316896938596;0,249540369992;0,0660875059822;0,104499646261;2,52295480814;0;0;0;0
2;2;2;2;2;2;2;2;2;2;2;2;4;2;0;2;2;2;2;2;2;2;2;2;2;2;2;2;2;2;2;2;2;2;2;2;2;2;2;2;2;3;2;2;2;2;2;2;2;2;2;2;2;2;2;2;2;2;2;1;2;2;2;2;2;2;2;2;2;1;2;2;2;2;2;0;2;2;2;2;2;2;2;2;2;2;2;2;2;2;2;4;2;2;2;2;2;2;2;2;2;2;2;2;2;2;4;2;2;2;2;2;2;2;2;2;2;2;2;2;2;2;2;2;2;2;2;2;4;2;2;2;2;2;2;2;2;3;2;2;2;2;2;4;2;2;2;2;2;2;2;2;2;2;2;2;2;2;2;2;4;2;2;2;5;2;2;2;2;2;2;2;2;2;2;2;2;2;2;2;2;2;2;5;2;2;2;2;2;3;2;2;1;2;2;2;2;2;2;2;2;0;2;2;2;2;2;2;2;2;2;2;2;2;0,0141891201987;0,0316896938596;0,249540369992;0,0660875059822;0,104499646261;2,52295480814;0;0;0;0
2;2;2;2;2;2;2;2;2;2;2;2;4;2;0;2;2;2;2;2;2;2;2;2;2;2;2;2;2;2;2;2;2;2;2;2;2;2;2;2;2;3;2;2;2;2;2;2;2;2;2;2;2;2;2;2;2;2;2;1;2;2;2;2;2;2;2;2;2;1;2;2;2;2;2;0;2;2;2;2;2;2;2;2;2;2;2;2;2;2;2;4;2;2;2;2;2;2;2;2;2;2;2;2;2;2;4;2;2;2;2;2;2;2;2;2;2;2;2;2;2;2;2;2;2;2;2;2;4;2;2;2;2;2;2;2;2;3;2;2;2;2;2;4;2;2;2;2;2;2;2;2;2;2;2;2;2;2;2;2;4;2;2;2;5;2;2;2;2;2;2;2;2;2;2;2;2;2;2;2;2;2;2;5;2;2;2;2;2;3;2;2;1;2;2;2;2;2;2;2;2;0;2;2;2;2;2;2;2;2;2;2;2;2;0,0141891201987;0,0316896938596;0,249540369992;0,0660875059822;0,104499646261;2,52295480814;0;0;0;0
2;2;2;2;2;2;2;2;2;2;2;2;4;2;0;2;2;2;2;2;2;2;2;2;2;2;2;2;2;2;2;2;2;2;2;2;2;2;2;2;2;3;2;2;2;2;2;2;2;2;2;2;2;2;2;2;2;2;2;1;2;2;2;2;2;2;2;2;2;1;2;2;2;2;2;0;2;2;2;2;2;2;2;2;2;2;2;2;2;2;2;4;2;2;2;2;2;2;2;2;2;2;2;2;2;2;4;2;2;2;2;2;2;2;2;2;2;2;2;2;2;2;2;2;2;2;2;2;4;2;2;2;2;2;2;2;2;3;2;2;2;2;2;4;2;2;2;2;2;2;2;2;2;2;2;2;2;2;2;2;4;2;2;2;5;2;2;2;2;2;2;2;2;2;2;2;2;2;2;2;2;2;2;5;2;2;2;2;2;3;2;2;1;2;2;2;2;2;2;2;2;0;2;2;2;2;2;2;2;2;2;2;2;2;0,0141891201987;0,0316896938596;0,249540369992;0,0660875059822;0,104499646261;2,52295480814;0;0;0;0
2;2;2;2;2;1;2;2;2;2;2;2;1;2;0;2;2;1;2;2;2;2;2;2;2;2;2;2;2;2;2;2;2;2;2;2;2;1;2;1;2;1;2;2;2;2;2;1;1;2;2;2;2;2;2;2;2;2;1;1;2;2;1;1;2;1;2;2;2;1;2;2;2;1;1;0;2;1;2;2;2;2;1;2;2;1;2;2;2;2;2;1;2;2;2;2;2;1;1;2;2;2;1;2;1;2;1;2;2;2;2;2;2;2;1;2;2;2;2;2;2;2;2;2;2;2;2;2;1;1;1;2;2;2;2;2;1;1;2;2;2;1;2;1;1;2;2;1;2;2;2;2;1;2;2;2;1;2;2;1;1;2;1;1;1;2;2;1;2;2;2;2;2;2;2;2;1;2;2;2;2;2;2;1;2;2;2;1;2;1;2;2;1;2;2;2;2;1;2;2;2;0;2;2;2;2;2;1;1;2;2;2;1;2;0,199849456038;0,195843025096;0,502976571064;0,208141145718;0,294438226751;2,63198944573;0;0;0;0
2;2;2;2;2;1;2;2;2;2;2;2;1;2;0;2;2;1;2;2;2;2;2;2;2;2;2;2;2;2;2;2;2;2;2;2;2;1;2;1;2;1;2;2;2;2;2;1;1;2;2;2;2;2;2;2;2;2;1;1;2;2;1;1;2;1;2;2;2;1;2;2;2;1;1;0;2;1;2;2;2;2;1;2;2;1;2;2;2;2;2;1;2;2;2;2;2;1;1;2;2;2;1;2;1;2;1;2;2;2;2;2;2;2;1;2;2;2;2;2;2;2;2;2;2;2;2;2;1;1;1;2;2;2;2;2;1;1;2;2;2;1;2;1;1;2;2;1;2;2;2;2;1;2;2;2;1;2;2;1;1;2;1;1;1;2;2;1;2;2;2;2;2;2;2;2;1;2;2;2;2;2;2;1;2;2;2;1;2;1;2;2;1;2;2;2;2;1;2;2;2;0;2;2;2;2;2;1;1;2;2;2;1;2;0,199849456038;0,195843025096;0,502976571064;0,208141145718;0,294438226751;2,63198944573;0;0;0;0
3;3;3;3;3;2;3;3;3;3;3;3;3;3;3;3;2;2;3;3;3;3;3;3;3;3;3;3;3;3;3;3;3;3;3;3;3;3;3;2;3;1;3;3;3;3;3;2;2;3;3;3;3;3;3;3;3;3;3;2;3;3;3;3;3;3;3;3;3;2;3;3;3;2;2;3;3;2;3;3;3;3;2;3;3;2;3;3;3;3;3;3;3;3;3;3;3;2;3;3;3;3;2;3;3;3;0;3;3;3;3;3;3;3;3;3;3;3;3;3;3;3;3;3;3;3;3;3;3;2;2;3;3;3;3;3;2;1;3;3;3;2;3;3;2;3;3;3;3;3;3;3;3;2;3;3;3;3;3;2;0;3;3;2;3;3;3;3;3;3;3;3;3;3;3;3;3;3;3;3;3;3;3;2;3;3;3;2;3;2;3;3;2;3;3;2;3;2;3;2;3;0;3;3;3;3;3;3;2;3;3;3;2;3;0,203096089329;0,214097822129;0,640593780079;0,231263855553;0,339840316514;2,66626040582;0;0;0;0
3;3;3;3;3;2;3;3;3;3;3;3;3;3;3;3;2;2;3;3;3;3;3;3;3;3;3;3;3;3;3;3;3;3;3;3;3;3;3;2;3;1;3;3;3;3;3;2;2;3;3;3;3;3;3;3;3;3;3;2;3;3;3;3;3;3;3;3;3;2;3;3;3;2;2;3;3;2;3;3;3;3;2;3;3;2;3;3;3;3;3;3;3;3;3;3;3;2;3;3;3;3;2;3;3;3;0;3;3;3;3;3;3;3;3;3;3;3;3;3;3;3;3;3;3;3;3;3;3;2;2;3;3;3;3;3;2;1;3;3;3;2;3;3;2;3;3;3;3;3;3;3;3;2;3;3;3;3;3;2;0;3;3;2;3;3;3;3;3;3;3;3;3;3;3;3;3;3;3;3;3;3;3;2;3;3;3;2;3;2;3;3;2;3;3;2;3;2;3;3;3;0;3;3;3;3;3;3;2;3;3;3;2;3;0,193317505321;0,20230764207;0,617857610676;0,219746853378;0,324191839009;2,77149872059;0;0;0;0
3;3;3;3;3;2;3;3;3;3;3;3;3;3;3;3;2;2;3;3;3;3;3;3;3;3;3;3;3;3;3;3;3;3;3;3;3;3;3;2;3;1;3;3;3;3;3;2;2;3;3;3;3;3;3;3;3;3;3;2;3;3;3;3;3;3;3;3;3;2;3;3;3;2;2;3;3;2;3;3;3;3;2;3;3;2;3;3;3;3;3;3;3;3;3;3;3;2;3;3;3;3;2;3;3;3;0;3;3;3;3;3;3;3;3;3;3;3;3;3;3;3;3;3;3;3;3;3;3;2;2;3;3;3;3;3;2;1;3;3;3;2;3;3;2;3;3;3;3;3;3;3;3;2;3;3;3;3;3;2;0;3;3;2;3;3;3;3;3;3;3;3;3;3;3;3;3;3;3;3;3;3;3;2;3;3;3;2;3;2;3;3;2;3;3;2;3;2;3;3;3;0;3;3;3;3;3;3;2;3;3;3;2;3;0,193317505321;0,20230764207;0,617857610676;0,219746853378;0,324191839009;2,77149872059;0;0;0;0
2;2;2;2;2;1;2;2;2;2;2;2;2;2;2;2;2;1;2;2;2;2;2;2;2;2;2;2;2;2;2;2;2;2;2;2;2;2;2;1;2;0;2;2;2;2;2;1;1;2;2;2;2;2;2;2;2;2;2;1;2;2;2;2;2;2;2;2;2;1;2;2;2;1;1;2;2;1;2;2;2;2;1;2;2;2;2;2;2;2;2;2;2;2;2;2;2;1;2;2;2;2;1;2;2;2;1;2;2;2;2;2;2;2;2;1;2;2;2;2;2;2;2;2;2;2;2;2;2;1;1;2;2;2;2;2;2;0;2;2;2;2;2;2;1;2;2;2;2;2;2;2;2;2;2;2;2;2;2;1;2;2;2;1;2;2;2;2;2;2;2;2;2;2;2;2;2;2;2;2;2;2;2;1;2;2;2;1;2;1;2;2;1;2;2;2;2;1;2;1;2;0;2;2;2;2;2;2;1;2;2;2;1;2;0,171812015872;0,189830314991;0,664617900957;0,202533901245;0,310459266708;2,87023777456;0;0;0;0
0;0;0;0;0;0;0;0;0;0;0;0;0;0;0;0;0;0;0;0;0;0;0;0;0;0;0;0;0;0;0;0;0;0;0;0;0;0;0;0;0;0;0;0;0;0;0;0;0;0;0;0;0;0;0;0;0;0;0;0;0;0;0;0;0;0;0;0;0;0;0;0;0;0;0;0;0;0;0;0;0;0;0;0;0;0;0;0;0;0;0;0;0;0;0;0;0;0;0;0;0;0;0;0;0;0;1;0;0;0;0;0;0;0;0;0;0;0;0;0;0;0;0;0;0;0;0;0;0;0;0;0;0;0;0;0;0;0;0;0;0;0;0;0;0;0;0;0;0;0;0;0;0;0;0;0;0;0;0;0;0;0;0;0;0;0;0;0;0;0;0;0;0;0;0;0;0;0;0;0;0;0;0;0;0;0;0;0;0;1;0;0;0;0;0;0;0;0;0;0;0;0;0;0;0;0;0;0;0;0;0;0;0;0;0,000858415280126;-0,00109927289986;0,146635766513;0,00514879842789;0,00994828432508;2,97687184053;0;0;0;0
2;2;2;2;2;1;2;2;2;2;2;2;2;2;2;2;2;1;2;2;2;2;2;2;2;2;2;2;2;2;2;2;2;2;2;2;2;2;2;1;2;0;2;2;2;2;2;1;1;2;2;2;2;2;2;2;2;2;2;1;2;2;1;2;2;1;2;2;2;1;2;2;2;1;1;2;2;1;2;2;2;2;1;2;2;1;2;2;2;2;2;2;2;2;2;2;2;1;2;2;2;2;1;2;2;2;1;2;2;2;2;2;2;2;2;2;2;2;2;2;2;2;2;2;2;2;2;2;2;1;1;2;2;2;2;2;1;0;2;2;2;2;2;1;1;2;2;2;2;2;2;2;2;2;2;2;2;2;2;1;2;2;2;1;2;2;2;1;2;2;2;2;2;2;2;2;2;2;2;2;2;2;2;1;2;2;2;1;2;1;2;2;1;2;2;2;2;1;2;2;2;0;2;2;2;2;2;2;1;2;2;2;1;2;0,179173121013;0,17294985448;0,568332084332;0,185852556573;0,280106396039;2,97905249802;0;0;0;0
2;2;2;2;2;1;2;2;2;2;2;2;2;2;2;2;2;1;2;2;2;2;2;2;2;2;2;2;2;2;2;2;2;2;2;2;2;2;2;1;2;0;2;2;2;2;2;1;1;2;2;2;2;2;2;2;2;2;2;1;2;2;2;2;2;2;2;2;2;1;2;2;2;1;1;2;2;1;2;2;2;2;1;2;2;1;2;2;2;2;2;2;2;2;2;2;2;1;2;2;2;2;1;2;2;2;1;2;2;2;2;2;2;2;2;2;2;2;2;2;2;2;2;2;2;2;2;2;2;1;1;2;2;2;2;2;1;0;2;2;2;2;2;2;1;2;2;2;2;2;2;2;2;2;2;2;2;2;2;1;2;2;2;1;2;2;2;2;2;2;2;2;2;2;2;2;2;2;2;2;2;2;2;1;2;2;2;1;2;1;2;2;1;2;2;2;2;1;2;2;2;0;2;2;2;2;2;2;1;2;2;2;1;2;0,164438370606;0,166168235194;0,588187970945;0,179242846528;0,274756978232;3,15099115478;0;0;0;0
2;2;2;2;2;1;2;2;2;2;2;2;2;2;2;2;2;1;2;2;2;2;2;2;2;2;2;2;2;2;2;2;2;2;2;2;2;2;2;1;2;0;2;2;2;2;2;1;1;2;2;2;2;2;2;2;2;2;2;1;2;2;2;2;2;2;2;2;2;1;2;2;2;1;1;2;2;1;2;2;2;2;1;2;2;2;2;2;2;2;2;2;2;2;2;2;2;1;2;2;2;2;1;2;2;2;1;2;2;2;2;2;2;2;2;2;2;2;2;2;2;2;2;2;2;2;2;2;2;1;1;2;2;2;2;2;2;0;2;2;2;2;2;2;1;2;2;2;2;2;2;2;2;2;2;2;2;2;2;1;2;2;2;1;2;2;2;2;2;2;2;2;2;2;2;2;2;2;2;2;2;2;2;1;2;2;2;1;2;1;2;2;1;2;2;2;2;1;2;2;2;0;2;2;2;2;2;2;1;2;2;2;1;2;0,153217370587;0,16780518165;0,617682761298;0,180886907495;0,279827118085;3,17321663572;0;0;0;0
2;2;2;2;2;1;2;2;2;2;2;2;2;2;2;2;2;1;2;2;2;2;2;2;2;2;2;2;2;2;2;2;2;2;2;2;2;2;2;1;2;0;2;2;2;2;2;1;2;2;2;2;2;2;2;2;2;2;2;1;2;2;2;2;2;2;2;2;2;1;2;2;2;1;1;2;2;1;2;2;2;2;1;2;2;2;2;2;2;2;2;2;2;2;2;2;2;1;2;2;2;2;1;2;2;2;1;2;2;2;2;2;2;2;2;2;2;2;2;2;2;2;2;2;2;2;2;2;2;1;1;2;2;2;2;2;2;0;2;2;2;2;2;2;1;2;2;2;2;2;2;2;2;2;2;2;2;2;2;1;2;2;2;1;2;2;2;2;2;2;2;2;2;2;2;2;2;2;2;2;2;2;2;2;2;2;2;1;2;1;2;2;1;2;2;2;2;1;2;2;2;0;2;2;2;2;2;2;1;2;2;2;1;2;0,138851494308;0,157097668111;0,607600115987;0,170379493535;0,266131910828;3,30416549532;0;0;0;0
2;2;2;2;2;1;2;2;2;2;2;2;2;2;2;2;2;1;2;2;2;2;2;2;2;2;2;2;2;2;2;2;2;2;2;2;2;2;2;1;2;0;2;2;2;2;2;1;2;2;2;2;2;2;2;2;2;2;2;1;2;2;2;2;2;2;2;2;2;1;2;2;2;1;1;2;2;1;2;2;2;2;1;2;2;2;2;2;2;2;2;2;2;2;2;2;2;1;2;2;2;2;1;2;2;2;1;2;2;2;2;2;2;2;2;2;2;2;2;2;2;2;2;2;2;2;2;2;2;1;1;2;2;2;2;2;2;0;2;2;2;2;2;2;1;2;2;2;2;2;2;2;2;2;2;2;2;2;2;1;2;2;2;1;2;2;2;2;2;2;2;2;2;2;2;2;2;2;2;2;2;2;2;2;2;2;2;1;2;1;2;2;1;2;2;2;2;1;2;2;2;0;2;2;2;2;2;2;1;2;2;2;1;2;0,138851494308;0,157097668111;0,607600115987;0,170379493535;0,266131910828;3,30416549532;0;0;0;0
2;2;2;2;2;1;2;2;2;2;2;2;2;2;2;2;2;1;2;2;2;2;2;2;2;2;2;2;2;2;2;2;2;2;2;2;2;2;2;1;2;0;2;2;2;2;2;1;2;2;2;2;2;2;2;2;2;2;2;1;2;2;2;2;2;2;2;2;2;1;2;2;2;1;1;2;2;1;2;2;2;2;1;2;2;2;2;2;2;2;2;2;2;2;2;2;2;1;2;2;2;2;1;2;2;2;1;2;2;2;2;2;2;2;2;2;2;2;2;2;2;2;2;2;2;2;2;2;2;1;1;2;2;2;2;2;2;0;2;2;2;2;2;2;1;2;2;2;2;2;2;2;2;2;2;2;2;2;2;1;2;2;2;1;2;2;2;2;2;2;2;2;2;2;2;2;2;2;2;2;2;2;2;2;2;2;2;1;2;1;2;2;1;2;2;2;2;1;2;2;2;0;2;2;2;2;2;2;1;2;2;2;1;2;0,138851494308;0,157097668111;0,607600115987;0,170379493535;0,266131910828;3,30416549532;0;0;0;0
2;2;2;2;2;1;2;2;2;2;2;2;2;2;2;2;2;1;2;2;2;2;2;2;2;2;2;2;2;2;2;2;2;2;2;2;2;2;2;1;2;0;2;2;2;2;2;1;2;2;2;2;2;2;2;2;2;2;2;1;2;2;2;2;2;2;2;2;2;1;2;2;2;1;1;2;2;1;2;2;2;2;1;2;2;2;2;2;2;2;2;2;2;2;2;2;2;1;2;2;2;2;1;2;2;2;1;2;2;2;2;2;2;2;2;2;2;2;2;2;2;2;2;2;2;2;2;2;2;1;1;2;2;2;2;2;2;0;2;2;2;2;2;2;1;2;2;2;2;2;2;2;2;2;2;2;2;2;2;1;2;2;2;1;2;2;2;2;2;2;2;2;2;2;2;2;2;2;2;2;2;2;2;2;2;2;2;1;2;1;2;2;1;2;2;2;2;1;2;2;2;0;2;2;2;2;2;2;1;2;2;2;1;2;0,138851494308;0,157097668111;0,607600115987;0,170379493535;0,266131910828;3,30416549532;0;0;0;0
2;2;2;2;2;1;2;2;2;2;2;2;2;2;2;2;2;1;2;2;2;2;2;2;2;2;2;2;2;2;2;2;2;2;2;2;2;2;2;1;2;0;2;2;2;2;2;1;2;2;2;2;2;2;2;2;2;2;2;1;2;2;2;2;2;2;2;2;2;1;2;2;2;1;1;2;2;1;2;2;2;2;1;2;2;2;2;2;2;2;2;2;2;2;2;2;2;1;2;2;2;2;1;2;2;2;1;2;2;2;2;2;2;2;2;2;2;2;2;2;2;2;2;2;2;2;2;2;2;1;1;2;2;2;2;2;2;0;2;2;2;2;2;2;1;2;2;2;2;2;2;2;2;2;2;2;2;2;2;1;2;2;2;1;2;2;2;2;2;2;2;2;2;2;2;2;2;2;2;2;2;2;2;2;2;2;2;1;2;1;2;2;1;2;2;2;2;1;2;2;2;0;2;2;2;2;2;2;1;2;2;2;1;2;0,138851494308;0,157097668111;0,607600115987;0,170379493535;0,266131910828;3,30416549532;0;0;0;0
2;2;2;2;2;1;2;2;2;2;2;2;2;2;2;2;2;1;2;2;2;2;2;2;2;2;2;2;2;2;2;2;2;2;2;2;2;2;2;1;2;0;2;2;2;2;2;1;2;2;2;2;2;2;2;2;2;2;2;1;2;2;2;2;2;2;2;2;2;1;2;2;2;1;1;2;2;1;2;2;2;2;1;2;2;2;2;2;2;2;2;2;2;2;2;2;2;1;2;2;2;2;1;2;2;2;1;2;2;2;2;2;2;2;2;2;2;2;2;2;2;2;2;2;2;2;2;2;2;1;1;2;2;2;2;2;2;0;2;2;2;2;2;2;1;2;2;2;2;2;2;2;2;2;2;2;2;2;2;1;2;2;2;1;2;2;2;2;2;2;2;2;2;2;2;2;2;2;2;2;2;2;2;2;2;2;2;1;2;1;2;2;1;2;2;2;2;1;2;2;2;0;2;2;2;2;2;2;1;2;2;2;1;2;0,138851494308;0,157097668111;0,607600115987;0,170379493535;0,266131910828;3,30416549532;0;0;0;0
2;2;2;2;2;1;2;2;2;2;2;2;2;2;2;2;2;1;2;2;2;2;2;2;2;2;2;2;2;2;2;2;2;2;2;2;2;2;2;1;2;0;2;2;2;2;2;1;2;2;2;2;2;2;2;2;2;2;2;1;2;2;2;2;2;2;2;2;2;1;2;2;2;1;1;2;2;1;2;2;2;2;1;2;2;2;2;2;2;2;2;2;2;2;2;2;2;1;2;2;2;2;1;2;2;2;1;2;2;2;2;2;2;2;2;2;2;2;2;2;2;2;2;2;2;2;2;2;2;1;1;2;2;2;2;2;2;0;2;2;2;2;2;2;1;2;2;2;2;2;2;2;2;2;2;2;2;2;2;1;2;2;2;1;2;2;2;2;2;2;2;2;2;2;2;2;2;2;2;2;2;2;2;2;2;2;2;1;2;1;2;2;1;2;2;2;2;1;2;2;2;0;2;2;2;2;2;2;1;2;2;2;1;2;0,138851494308;0,157097668111;0,607600115987;0,170379493535;0,266131910828;3,30416549532;0;0;0;0
2;2;2;2;2;1;2;2;2;2;2;2;2;2;2;2;2;1;2;2;2;2;2;2;2;2;2;2;2;2;2;2;2;2;2;2;2;2;2;1;2;0;2;2;2;2;2;1;2;2;2;2;2;2;2;2;2;2;2;1;2;2;2;2;2;2;2;2;2;1;2;2;2;1;1;2;2;1;2;2;2;2;1;2;2;2;2;2;2;2;2;2;2;2;2;2;2;1;2;2;2;2;1;2;2;2;1;2;2;2;2;2;2;2;2;2;2;2;2;2;2;2;2;2;2;2;2;2;2;1;1;2;2;2;2;2;2;0;2;2;2;2;2;2;1;2;2;2;2;2;2;2;2;2;2;2;2;2;2;1;2;2;2;1;2;2;2;2;2;2;2;2;2;2;2;2;2;2;2;2;2;2;2;2;2;2;2;1;2;1;2;2;1;2;2;2;2;1;2;2;2;0;2;2;2;2;2;2;1;2;2;2;1;2;0,138851494308;0,157097668111;0,607600115987;0,170379493535;0,266131910828;3,30416549532;0;0;0;0
2;2;2;2;2;1;2;2;2;2;2;2;2;2;2;2;2;1;2;2;2;2;2;2;2;2;2;2;2;2;2;2;2;2;2;2;2;2;2;1;2;0;2;2;2;2;2;1;2;2;2;2;2;2;2;2;2;2;2;1;2;2;2;2;2;2;2;2;2;1;2;2;2;1;1;2;2;1;2;2;2;2;1;2;2;2;2;2;2;2;2;2;2;2;2;2;2;1;2;2;2;2;1;2;2;2;1;2;2;2;2;2;2;2;2;2;2;2;2;2;2;2;2;2;2;2;2;2;2;1;1;2;2;2;2;2;2;0;2;2;2;2;2;2;1;2;2;2;2;2;2;2;2;2;2;2;2;2;2;1;2;2;2;1;2;2;2;2;2;2;2;2;2;2;2;2;2;2;2;2;2;2;2;2;2;2;2;1;2;1;2;2;1;2;2;2;2;1;2;2;2;0;2;2;2;2;2;2;1;2;2;2;1;2;0,138851494308;0,157097668111;0,607600115987;0,170379493535;0,266131910828;3,30416549532;0;0;0;0
2;2;2;2;2;1;2;2;2;2;2;2;2;2;2;2;2;1;2;2;2;2;2;2;2;2;2;2;2;2;2;2;2;2;2;2;2;2;2;1;2;0;2;2;2;2;2;1;2;2;2;2;2;2;2;2;2;2;2;1;2;2;2;2;2;2;2;2;2;1;2;2;2;1;1;2;2;1;2;2;2;2;1;2;2;2;2;2;2;2;2;2;2;2;2;2;2;1;2;2;2;2;1;2;2;2;1;2;2;2;2;2;2;2;2;2;2;2;2;2;2;2;2;2;2;2;2;2;2;1;1;2;2;2;2;2;2;0;2;2;2;2;2;2;1;2;2;2;2;2;2;2;2;2;2;2;2;2;2;1;2;2;2;1;2;2;2;2;2;2;2;2;2;2;2;2;2;2;2;2;2;2;2;2;2;2;2;1;2;1;2;2;1;2;2;2;2;1;2;2;2;0;2;2;2;2;2;2;1;2;2;2;1;2;0,138851494308;0,157097668111;0,607600115987;0,170379493535;0,266131910828;3,30416549532;0;0;0;0
2;2;2;2;2;1;2;2;2;2;2;2;2;2;2;2;2;1;2;2;2;2;2;2;2;2;2;2;2;2;2;2;2;2;2;2;2;2;2;1;2;0;2;2;2;2;2;1;2;2;2;2;2;2;2;2;2;2;2;1;2;2;2;2;2;2;2;2;2;1;2;2;2;1;1;2;2;1;2;2;2;2;1;2;2;2;2;2;2;2;2;2;2;2;2;2;2;1;2;2;2;2;1;2;2;2;1;2;2;2;2;2;2;2;2;2;2;2;2;2;2;2;2;2;2;2;2;2;2;1;1;2;2;2;2;2;2;0;2;2;2;2;2;2;1;2;2;2;2;2;2;2;2;2;2;2;2;2;2;1;2;2;2;1;2;2;2;2;2;2;2;2;2;2;2;2;2;2;2;2;2;2;2;2;2;2;2;1;2;1;2;2;1;2;2;2;2;1;2;2;2;0;2;2;2;2;2;2;1;2;2;2;1;2;0,138851494308;0,157097668111;0,607600115987;0,170379493535;0,266131910828;3,30416549532;0;0;0;0
2;2;2;2;2;1;2;2;2;2;2;2;2;2;2;2;2;1;2;2;2;2;2;2;2;2;2;2;2;2;2;2;2;2;2;2;2;2;2;1;2;0;2;2;2;2;2;1;2;2;2;2;2;2;2;2;2;2;2;1;2;2;2;2;2;2;2;2;2;1;2;2;2;1;1;2;2;1;2;2;2;2;1;2;2;2;2;2;2;2;2;2;2;2;2;2;2;1;2;2;2;2;1;2;2;2;1;2;2;2;2;2;2;2;2;2;2;2;2;2;2;2;2;2;2;2;2;2;2;1;1;2;2;2;2;2;2;0;2;2;2;2;2;2;1;2;2;2;2;2;2;2;2;2;2;2;2;2;2;1;2;2;2;1;2;2;2;2;2;2;2;2;2;2;2;2;2;2;2;2;2;2;2;2;2;2;2;1;2;1;2;2;1;2;2;2;2;1;2;2;2;0;2;2;2;2;2;2;1;2;2;2;1;2;0,138851494308;0,157097668111;0,607600115987;0,170379493535;0,266131910828;3,30416549532;0;0;0;0
2;2;2;2;2;1;2;2;2;2;2;2;2;2;2;2;2;1;2;2;2;2;2;2;2;2;2;2;2;2;2;2;2;2;2;2;2;2;2;1;2;0;2;2;2;2;2;1;2;2;2;2;2;2;2;2;2;2;2;1;2;2;2;2;2;2;2;2;2;1;2;2;2;1;1;2;2;1;2;2;2;2;1;2;2;2;2;2;2;2;2;2;2;2;2;2;2;1;2;2;2;2;1;2;2;2;1;2;2;2;2;2;2;2;2;2;2;2;2;2;2;2;2;2;2;2;2;2;2;1;1;2;2;2;2;2;2;0;2;2;2;2;2;2;1;2;2;2;2;2;2;2;2;2;2;2;2;2;2;1;2;2;2;1;2;2;2;2;2;2;2;2;2;2;2;2;2;2;2;2;2;2;2;2;2;2;2;1;2;1;2;2;1;2;2;2;2;1;2;2;2;0;2;2;2;2;2;2;1;2;2;2;1;2;0,138851494308;0,157097668111;0,607600115987;0,170379493535;0,266131910828;3,30416549532;0;0;0;0
2;2;2;2;2;1;2;2;2;2;2;2;2;2;2;2;2;1;2;2;2;2;2;2;2;2;2;2;2;2;2;2;2;2;2;2;2;2;2;1;2;0;2;2;2;2;2;1;2;2;2;2;2;2;2;2;2;2;2;1;2;2;2;2;2;2;2;2;2;1;2;2;2;1;1;2;2;1;2;2;2;2;1;2;2;2;2;2;2;2;2;2;2;2;2;2;2;1;2;2;2;2;1;2;2;2;1;2;2;2;2;2;2;2;2;2;2;2;2;2;2;2;2;2;2;2;2;2;2;1;1;2;2;2;2;2;2;0;2;2;2;2;2;2;1;2;2;2;2;2;2;2;2;2;2;2;2;2;2;1;2;2;2;1;2;2;2;2;2;2;2;2;2;2;2;2;2;2;2;2;2;2;2;2;2;2;2;1;2;1;2;2;1;2;2;2;2;1;2;2;2;0;2;2;2;2;2;2;1;2;2;2;1;2;0,138851494308;0,157097668111;0,607600115987;0,170379493535;0,266131910828;3,30416549532;0;0;0;0
2;2;2;2;2;1;2;2;2;2;2;2;2;2;2;2;2;1;2;2;2;2;2;2;2;2;2;2;2;2;2;2;2;2;2;2;2;2;2;1;2;0;2;2;2;2;2;1;2;2;2;2;2;2;2;2;2;2;2;1;2;2;2;2;2;2;2;2;2;1;2;2;2;1;1;2;2;1;2;2;2;2;1;2;2;2;2;2;2;2;2;2;2;2;2;2;2;1;2;2;2;2;1;2;2;2;1;2;2;2;2;2;2;2;2;2;2;2;2;2;2;2;2;2;2;2;2;2;2;1;1;2;2;2;2;2;2;0;2;2;2;2;2;2;1;2;2;2;2;2;2;2;2;2;2;2;2;2;2;1;2;2;2;1;2;2;2;2;2;2;2;2;2;2;2;2;2;2;2;2;2;2;2;2;2;2;2;1;2;1;2;2;1;2;2;2;2;1;2;2;2;0;2;2;2;2;2;2;1;2;2;2;1;2;0,138851494308;0,157097668111;0,607600115987;0,170379493535;0,266131910828;3,30416549532;0;0;0;0
