25;40;30;db;Minkowski_2;4;1
0;3;3;0;3;0;0;3;3;3;3;3;0;3;3;3;0;0;3;3;3;3;3;3;3;3;3;3;3;3;3;3;0;3;3;3;3;3;3;3;3;3;3;3;3;3;3;3;3;3;3;3;3;0;3;3;3;3;3;3;2;3;3;3;0;3;3;3;3;3;3;3;3;3;3;3;3;3;3;3;3;3;3;3;3;3;3;3;0;3;3;3;3;3;0;1;3;3;3;3;3;0;3;3;3;3;3;3;3;3;3;3;3;3;3;0;3;3;3;3;3;3;3;2;3;3;3;2;3;3;3;3;3;3;3;0;3;2;3;3;3;3;3;4;3;3;3;0;3;3;3;3;3;4;3;3;3;0;3;3;3;3;3;3;3;3;0;3;3;3;0;3;3;3;3;3;0;3;0;3;0;3;2;3;3;3;2;3;3;1;3;3;3;3;3;3;3;3;3;3;3;3;3;3;0;3;3;3;3;3;3;2;3;4;0,163113278175;0,191156861727;0,538302864014;0,21568092189;0,30796858006;1,62441554532;0;0;0;0
3;2;4;3;4;4;4;4;4;4;4;4;4;4;4;4;3;3;4;4;4;4;4;4;4;4;4;4;4;4;4;4;3;4;4;4;4;4;4;4;4;4;4;4;4;4;4;4;4;4;4;4;4;3;4;4;4;4;4;4;1;4;4;4;3;2;4;4;4;4;4;4;4;4;4;4;4;4;4;4;4;4;4;4;4;4;4;4;4;4;4;4;4;4;3;0;4;4;4;4;4;3;4;4;4;4;4;4;4;4;4;4;4;4;4;3;2;4;4;4;4;4;4;1;4;2;4;2;4;4;2;4;4;4;4;3;4;4;4;4;4;4;4;2;4;4;2;4;4;4;4;4;4;4;4;4;4;0;4;4;4;4;4;4;4;4;1;4;4;4;3;4;4;4;4;4;4;4;4;4;3;4;3;4;4;4;1;4;4;0;4;4;4;4;4;4;4;4;4;4;4;4;2;4;3;4;4;4;4;4;4;3;4;2;0,113188824333;0,142201907466;0,417614713867;0,16966067308;0,241293250212;1,83677345926;0;0;0;0
3;2;4;3;4;4;4;4;4;4;4;4;4;4;4;4;3;3;4;4;4;4;4;4;4;4;4;4;4;4;4;4;3;4;4;4;4;4;4;4;4;4;4;4;4;4;4;4;4;4;4;4;4;3;4;4;4;4;4;4;1;4;4;4;3;2;4;4;4;4;4;4;4;4;4;4;4;4;4;4;4;4;4;4;4;4;4;4;4;4;4;4;4;4;3;0;4;4;4;4;4;3;4;4;4;4;4;4;4;4;4;4;4;4;4;3;2;4;4;4;4;4;4;1;4;2;4;2;4;4;2;4;4;4;4;3;4;4;4;4;4;4;4;2;4;4;2;4;4;4;4;4;4;4;4;4;4;0;4;4;4;4;4;4;4;4;1;4;4;4;3;4;4;4;4;4;4;4;4;4;3;4;3;4;4;4;1;4;4;0;4;4;4;4;4;4;4;4;4;4;4;4;2;4;3;4;4;4;4;4;4;3;4;2;0,113188824333;0,142201907466;0,417614713867;0,16966067308;0,241293250212;1,83677345926;0;0;0;0
3;3;3;0;3;0;0;3;3;3;3;3;0;3;3;3;0;0;3;3;3;3;3;3;3;3;3;3;3;3;3;3;0;3;3;3;3;3;3;3;3;3;3;3;3;3;3;3;3;3;3;3;3;0;3;3;3;3;3;3;2;3;3;3;0;3;3;3;3;3;3;3;3;3;3;3;3;3;3;3;3;3;3;3;3;3;3;3;0;3;3;3;3;3;0;1;3;3;3;3;3;0;3;3;3;3;3;3;3;3;3;3;3;3;3;0;3;3;3;3;3;3;3;2;3;3;3;2;3;3;3;3;3;3;3;0;3;2;3;3;3;3;3;4;3;3;3;0;3;3;3;3;3;3;3;3;3;0;3;3;3;3;3;3;3;3;0;3;3;3;0;3;3;3;3;3;0;3;0;3;0;3;2;3;3;3;2;3;3;1;3;3;3;3;3;3;3;3;3;3;3;3;3;3;0;3;3;3;3;3;3;2;3;4;0,159918070591;0,192299801218;0,567375656854;0,216147379145;0,313039325163;1,90426968639;0;0;0;0
1;6;6;4;6;4;6;6;6;6;6;6;6;6;6;6;4;4;6;6;6;6;6;6;6;6;6;6;6;6;6;6;4;6;6;6;6;6;6;3;6;6;4;6;6;6;6;6;6;6;6;6;6;4;6;6;6;6;6;6;4;6;6;6;4;0;6;6;6;6;6;6;0;6;6;6;6;6;6;6;6;6;6;6;6;6;6;3;6;6;6;6;6;6;4;2;6;6;6;6;6;4;6;6;6;6;6;6;6;6;6;6;6;6;6;4;6;6;6;6;6;6;6;5;6;6;6;5;6;6;6;6;6;6;6;4;6;6;6;6;6;6;6;0;6;6;0;6;6;6;6;6;6;6;6;6;6;0;6;6;6;6;6;6;6;6;4;6;6;6;4;6;6;6;6;6;6;6;4;6;4;6;4;6;6;6;4;6;6;2;6;6;6;6;6;6;6;6;6;6;6;6;6;1;4;6;6;6;6;6;6;4;6;0;0,124624194026;0,159106092669;0,449517804584;0,194294237712;0,271317444974;2,02481144938;0;0;0;0
1;6;6;4;6;4;6;6;6;6;6;6;6;6;6;6;4;4;6;6;6;6;6;6;6;6;6;6;6;6;6;6;4;6;6;6;6;6;6;3;6;6;4;6;6;6;6;6;6;6;6;6;6;4;6;6;6;6;6;6;4;6;6;6;4;0;6;6;6;6;6;6;0;6;6;6;6;6;6;6;6;6;6;6;6;6;6;3;6;6;6;6;6;6;4;2;6;6;6;6;6;4;6;6;6;6;6;6;6;6;6;6;6;6;6;4;6;6;6;6;6;6;6;5;6;6;6;5;6;6;6;6;6;6;6;4;6;6;6;6;6;6;6;0;6;6;0;6;6;6;6;6;6;6;6;6;6;0;6;6;6;6;6;6;6;6;4;6;6;6;4;6;6;6;6;6;6;6;4;6;4;6;4;6;6;6;4;6;6;2;6;6;6;6;6;6;6;6;6;6;6;6;6;1;4;6;6;6;6;6;6;4;6;0;0,124624194026;0,159106092669;0,449517804584;0,194294237712;0,271317444974;2,02481144938;0;0;0;0
1;6;6;4;6;4;6;6;6;6;6;6;6;6;6;6;4;4;6;6;6;6;6;6;6;6;6;6;6;6;6;6;4;6;6;6;6;6;6;3;6;6;4;6;6;6;6;6;6;6;6;6;6;4;6;6;6;6;6;6;4;6;6;6;4;0;6;6;6;6;6;6;0;6;6;6;6;6;6;6;6;6;6;6;6;6;6;3;6;6;6;6;6;6;4;2;6;6;6;6;6;4;6;6;6;6;6;6;6;6;6;6;6;6;6;4;6;6;6;6;6;6;6;5;6;6;6;5;6;6;6;6;6;6;6;4;6;6;6;6;6;6;6;0;6;6;0;6;6;6;6;6;6;6;6;6;6;0;6;6;6;6;6;6;6;6;4;6;6;6;4;6;6;6;6;6;6;6;4;6;4;6;4;6;6;6;4;6;6;2;6;6;6;6;6;6;6;6;6;6;6;6;6;1;4;6;6;6;6;6;6;4;6;0;0,124624194026;0,159106092669;0,449517804584;0,194294237712;0,271317444974;2,02481144938;0;0;0;0
1;6;6;4;6;4;6;6;6;6;6;6;6;6;6;6;4;4;6;6;6;6;6;6;6;6;6;6;6;6;6;6;4;6;6;6;6;6;6;3;6;6;4;6;6;6;6;6;6;6;6;6;6;4;6;6;6;6;6;6;4;6;6;6;4;0;6;6;6;6;6;6;0;6;6;6;6;6;6;6;6;6;6;6;6;6;6;3;6;6;6;6;6;6;4;2;6;6;6;6;6;4;6;6;6;6;6;6;6;6;6;6;6;6;6;4;6;6;6;6;6;6;6;5;6;6;6;5;6;6;6;6;6;6;6;4;6;6;6;6;6;6;6;0;6;6;0;6;6;6;6;6;6;6;6;6;6;0;6;6;6;6;6;6;6;6;4;6;6;6;4;6;6;6;6;6;6;6;4;6;4;6;4;6;6;6;4;6;6;2;6;6;6;6;6;6;6;6;6;6;6;6;6;1;4;6;6;6;6;6;6;4;6;0;0,124624194026;0,159106092669;0,449517804584;0,194294237712;0,271317444974;2,02481144938;0;0;0;0
1;6;6;4;6;4;6;6;6;6;6;6;6;6;6;6;4;4;6;6;6;6;6;6;6;6;6;6;6;6;6;6;4;6;6;6;6;6;6;3;6;6;4;6;6;6;6;6;6;6;6;6;6;4;6;6;6;6;6;6;4;6;6;6;4;0;6;6;6;6;6;6;0;6;6;6;6;6;6;6;6;6;6;6;6;6;6;3;6;6;6;6;6;6;4;2;6;6;6;6;6;4;6;6;6;6;6;6;6;6;6;6;6;6;6;4;6;6;6;6;6;6;6;5;6;6;6;5;6;6;6;6;6;6;6;4;6;6;6;6;6;6;6;0;6;6;0;6;6;6;6;6;6;6;6;6;6;0;6;6;6;6;6;6;6;6;4;6;6;6;4;6;6;6;6;6;6;6;4;6;4;6;4;6;6;6;4;6;6;2;6;6;6;6;6;6;6;6;6;6;6;6;6;1;4;6;6;6;6;6;6;4;6;0;0,124624194026;0,159106092669;0,449517804584;0,194294237712;0,271317444974;2,02481144938;0;0;0;0
3;5;5;5;5;3;5;5;5;5;5;5;5;5;5;5;3;3;5;5;5;5;5;5;5;5;5;5;5;5;5;5;3;5;5;5;5;5;5;2;5;5;5;5;5;5;5;5;5;5;5;5;5;5;5;5;5;5;5;5;3;5;5;5;3;0;5;5;5;5;5;5;0;5;5;5;5;5;5;5;5;5;5;5;5;5;5;2;5;5;5;5;5;5;3;1;5;5;5;5;5;3;5;5;5;5;5;5;5;5;5;5;5;5;5;3;5;5;5;5;5;5;5;4;5;5;5;4;5;5;5;5;5;5;5;3;5;5;5;5;5;5;5;0;5;5;0;5;5;5;5;5;5;5;5;5;5;0;5;5;5;5;5;5;5;5;5;5;5;5;3;5;5;5;5;5;5;5;3;5;3;5;3;5;5;5;3;5;5;1;5;5;5;5;5;5;5;5;5;5;5;5;5;5;3;5;5;5;5;5;5;3;5;0;0,0970324455699;0,124217138464;0,411869488982;0,155426625557;0,225686315142;2,02558815861;0;0;0;0
3;3;3;0;3;0;0;3;3;3;3;3;0;3;3;3;0;0;3;3;3;3;3;3;3;3;3;3;3;3;3;3;0;3;3;3;3;3;3;3;3;3;3;3;3;3;3;3;3;3;3;3;3;0;3;3;3;3;3;3;0;3;3;3;0;3;3;3;3;3;3;3;3;3;3;3;3;3;3;3;3;3;3;3;3;3;3;3;0;3;3;3;3;3;0;1;3;3;3;3;3;0;3;3;3;3;3;3;3;3;3;3;3;3;3;0;3;3;3;3;3;3;3;0;3;3;3;2;3;3;3;3;3;3;3;0;3;3;3;3;3;3;3;3;3;3;3;0;3;3;3;3;3;3;3;3;3;0;3;3;3;3;3;3;3;3;0;3;3;3;0;3;3;3;3;3;0;3;0;3;0;3;0;3;3;3;3;3;3;1;3;3;3;3;3;3;3;3;3;3;3;3;3;3;0;3;3;3;3;3;3;2;3;3;0,154721526013;0,175585939744;0,627568216216;0,193038047097;0,295256198482;2,17585378698;0;0;0;0
0;3;3;0;3;0;0;3;3;3;3;3;0;3;3;3;0;0;3;3;3;3;3;3;3;3;3;3;3;3;3;3;0;3;3;3;3;3;3;4;3;3;3;3;3;3;3;3;3;3;3;3;3;0;3;3;3;3;3;3;1;3;3;3;0;4;3;3;3;3;3;3;3;3;3;3;3;3;3;3;3;3;3;3;3;3;3;3;0;3;3;3;3;3;0;2;3;3;3;3;3;0;3;3;3;3;3;3;3;3;3;3;3;3;3;0;3;3;3;3;3;3;3;1;3;4;3;4;3;3;3;3;3;3;3;0;3;3;3;3;3;3;3;3;3;3;3;0;3;3;3;3;3;3;3;3;3;0;3;3;3;3;3;3;3;3;0;3;3;3;0;3;3;3;3;3;0;3;0;3;0;3;0;3;3;3;3;3;3;2;3;3;3;3;3;3;3;3;3;3;3;3;3;3;0;3;3;3;3;3;3;4;3;3;0,151543828878;0,179687720904;0,546250728247;0,203537834398;0,296570782231;2,23946303379;0;0;0;0
4;4;4;4;4;0;4;4;4;4;4;4;0;4;4;4;4;4;4;4;4;4;4;4;4;4;4;4;4;4;4;4;4;4;4;4;4;4;4;4;4;4;4;4;4;4;4;4;4;4;4;5;4;0;4;4;4;4;4;4;3;4;4;4;4;1;4;4;4;4;4;4;4;4;4;4;4;4;4;4;4;4;4;4;4;4;4;4;0;4;4;4;4;4;4;2;4;4;4;4;4;4;4;4;4;4;4;4;4;4;4;4;4;4;4;4;4;4;4;4;4;4;4;3;4;4;4;1;4;4;4;4;4;4;4;4;4;4;4;4;4;4;4;5;4;4;1;0;4;4;4;4;4;4;4;4;4;0;4;4;4;4;4;4;4;4;0;4;4;4;0;4;4;4;4;4;4;4;0;4;4;4;3;4;4;4;4;4;4;2;4;4;4;4;4;4;4;4;4;4;4;4;4;4;4;4;4;4;4;4;4;3;4;5;0,0541277614662;0,0727667250926;0,346353028135;0,106551003458;0,162967251886;2,29913211085;0;0;0;0
3;3;3;3;3;3;3;3;3;3;3;4;3;3;3;3;0;3;3;3;3;3;3;3;3;3;3;3;3;3;3;3;0;3;3;3;3;3;3;3;3;3;3;3;3;3;3;3;3;3;3;4;3;3;3;3;3;3;3;3;2;3;3;3;0;1;3;3;3;3;3;3;3;3;3;3;3;3;3;3;3;3;3;3;3;3;3;3;3;3;3;3;3;3;0;5;3;3;3;3;3;0;3;3;3;3;3;3;3;3;3;3;3;3;3;3;3;3;3;3;3;3;3;2;3;3;3;1;3;3;3;3;3;3;3;0;3;3;3;3;3;3;3;4;3;3;1;3;3;3;3;3;3;3;3;3;3;0;3;3;3;3;3;3;3;3;0;3;3;3;0;3;3;3;3;3;3;3;3;3;0;3;0;3;3;3;3;3;3;5;3;3;3;3;3;3;3;3;3;3;3;3;4;3;0;3;3;3;3;3;3;2;3;4;0,0619364140928;0,0925053083338;0,364020588054;0,126038552264;0,187245269551;2,35943562661;0;0;0;0
3;3;3;3;3;3;3;3;3;3;3;4;3;3;3;3;0;3;3;3;3;3;3;3;3;3;3;3;3;3;3;3;0;3;3;3;3;3;3;3;3;3;3;3;3;3;3;3;3;3;3;4;3;3;3;3;3;3;3;3;2;3;3;3;0;1;3;3;3;3;3;3;3;3;3;3;3;3;3;3;3;3;3;3;3;3;3;3;3;3;3;3;3;3;0;5;3;3;3;3;3;0;3;3;3;3;3;3;3;3;3;3;3;3;3;3;3;3;3;3;3;3;3;2;3;3;3;1;3;3;3;3;3;3;3;0;3;3;3;3;3;3;3;4;3;3;1;3;3;3;3;3;3;3;3;3;3;0;3;3;3;3;3;3;3;3;0;3;3;3;0;3;3;3;3;3;3;3;3;3;0;3;0;3;3;3;3;3;3;5;3;3;3;3;3;3;3;3;3;3;3;3;4;3;0;3;3;3;3;3;3;2;3;4;0,0619364140928;0,0925053083338;0,364020588054;0,126038552264;0,187245269551;2,35943562661;0;0;0;0
3;3;3;3;3;3;0;3;3;3;3;4;3;3;3;3;0;3;3;3;3;3;3;3;3;3;3;3;3;3;3;3;0;3;3;3;3;3;3;3;3;3;3;3;3;3;3;3;3;3;3;4;3;3;3;3;3;3;3;3;2;3;3;3;0;1;3;3;3;3;3;3;3;3;3;3;3;3;3;3;3;3;3;3;3;3;3;3;3;3;3;3;3;3;0;5;3;3;3;3;3;0;3;3;3;3;3;3;3;3;3;3;3;3;3;3;3;3;3;3;3;3;3;2;3;3;3;1;3;3;3;3;3;3;3;0;3;3;3;3;3;3;3;4;3;3;1;3;3;3;3;3;3;3;3;3;3;0;3;3;3;3;3;3;3;3;0;3;3;3;0;3;3;3;3;3;3;3;3;3;0;3;0;3;3;3;3;3;3;5;3;3;3;3;3;3;3;3;3;3;3;3;4;3;0;3;3;3;3;3;3;2;3;4;0,0680902708779;0,100243374725;0,376485240387;0,133518739865;0,19712722575;2,36050026086;0;0;0;0
3;3;3;3;3;3;0;3;3;3;3;4;3;3;3;3;0;3;3;3;3;3;3;3;3;3;3;3;3;3;3;3;0;3;3;3;3;3;3;3;3;3;3;3;3;3;3;3;3;3;3;4;3;3;3;3;3;3;3;3;2;3;3;3;0;1;3;3;3;3;3;3;3;3;3;3;3;3;3;3;3;3;3;3;3;3;3;3;3;3;3;3;3;3;0;5;3;3;3;3;3;0;3;3;3;3;3;3;3;3;3;3;3;3;3;3;3;3;3;3;3;3;3;2;3;3;3;1;3;3;3;3;3;3;3;0;3;3;3;3;3;3;3;4;3;3;1;3;3;3;3;3;3;3;3;3;3;0;3;3;3;3;3;3;3;3;0;3;3;3;0;3;3;3;3;3;3;3;3;3;0;3;0;3;3;3;3;3;3;5;3;3;3;3;3;3;3;3;3;3;3;3;4;3;0;3;3;3;3;3;3;2;3;4;0,0680902708779;0,100243374725;0,376485240387;0,133518739865;0,19712722575;2,36050026086;0;0;0;0
3;3;3;3;3;3;0;3;3;3;3;4;3;3;3;3;0;3;3;3;3;3;3;3;3;3;3;3;3;3;3;3;0;3;3;3;3;3;3;3;3;3;3;3;3;3;3;3;3;3;3;4;3;3;3;3;3;3;3;3;2;3;3;3;0;1;3;3;3;3;3;3;3;3;3;3;3;3;3;3;3;3;3;3;3;3;3;3;3;3;3;3;3;3;0;5;3;3;3;3;3;0;3;3;3;3;3;3;3;3;3;3;3;3;3;3;3;3;3;3;3;3;3;2;3;3;3;1;3;3;3;3;3;3;3;0;3;3;3;3;3;3;3;4;3;3;1;3;3;3;3;3;3;3;3;3;3;0;3;3;3;3;3;3;3;3;0;3;3;3;0;3;3;3;3;3;3;3;3;3;0;3;0;3;3;3;3;3;3;5;3;3;3;3;3;3;3;3;3;3;3;3;4;3;0;3;3;3;3;3;3;2;3;4;0,0680902708779;0,100243374725;0,376485240387;0,133518739865;0,19712722575;2,36050026086;0;0;0;0
0;3;3;3;3;0;3;3;3;3;3;3;0;3;3;3;0;0;3;3;3;3;3;3;3;3;3;3;3;3;3;3;0;3;3;3;3;3;3;3;3;3;3;3;3;3;3;3;3;3;3;3;3;3;3;3;3;3;3;3;1;3;3;3;0;4;3;3;3;3;3;3;3;3;3;3;3;3;3;3;3;3;3;3;3;3;3;3;3;3;3;3;3;3;0;2;3;3;3;3;3;0;3;3;3;3;3;3;3;3;3;3;3;3;3;3;3;3;3;3;3;3;3;1;3;3;3;4;3;3;3;3;3;3;3;0;3;3;3;3;3;3;3;3;3;3;3;0;3;3;3;3;3;3;3;3;3;0;3;3;3;3;3;3;3;3;0;3;3;3;0;3;3;3;3;3;3;3;0;3;0;3;0;3;3;3;3;3;3;2;3;3;3;3;3;3;3;3;3;3;3;3;3;3;0;3;3;3;3;3;3;4;3;3;0,106858366358;0,117672833901;0,462744673876;0,142661338995;0,218087608594;2,37667335593;0;0;0;0
0;3;3;3;3;0;3;3;3;3;3;3;0;3;3;3;0;0;3;3;3;3;3;3;3;3;3;3;3;3;3;3;0;3;3;3;3;3;3;3;3;3;3;3;3;3;3;3;3;3;3;3;3;3;3;3;3;3;3;3;1;3;3;3;0;4;3;3;3;3;3;3;3;3;3;3;3;3;3;3;3;3;3;3;3;3;3;3;3;3;3;3;3;3;0;2;3;3;3;3;3;0;3;3;3;3;3;3;3;3;3;3;3;3;3;3;3;3;3;3;3;3;3;1;3;3;3;4;3;3;3;3;3;3;3;0;3;3;3;3;3;3;3;3;3;3;3;0;3;3;3;3;3;3;3;3;3;0;3;3;3;3;3;3;3;3;0;3;3;3;0;3;3;3;3;3;3;3;0;3;0;3;0;3;3;3;3;3;3;2;3;3;3;3;3;3;3;3;3;3;3;3;3;3;0;3;3;3;3;3;3;4;3;3;0,106858366358;0,117672833901;0,462744673876;0,142661338995;0,218087608594;2,37667335593;0;0;0;0
3;3;3;3;3;0;3;3;3;3;3;3;3;3;3;3;0;3;3;3;3;3;3;3;3;3;3;3;3;3;3;3;0;3;3;3;3;3;3;3;3;3;3;3;3;3;3;3;3;3;3;3;3;3;3;3;3;3;3;3;1;3;3;3;0;4;3;3;3;3;3;3;3;3;3;3;3;3;3;3;3;3;3;3;3;3;3;3;3;3;3;3;3;3;0;2;3;3;3;3;3;3;3;3;3;3;3;3;3;3;3;3;3;3;3;3;3;3;3;3;3;3;3;1;3;3;3;4;3;3;3;3;3;3;3;3;3;3;3;3;3;3;3;3;3;3;3;3;3;3;3;3;3;3;3;3;3;0;3;3;3;3;3;3;3;3;3;3;3;3;0;3;3;3;3;3;3;3;3;3;0;3;0;3;3;3;3;3;3;2;3;3;3;3;3;3;3;3;3;3;3;3;3;3;0;3;3;3;3;3;3;4;3;3;0,0560319831081;0,0639737290489;0,371798646329;0,0903242716122;0,145339867868;2,47585354197;0;0;0;0
3;3;3;0;3;3;0;3;3;3;3;4;3;3;3;3;0;0;3;3;3;3;3;3;3;3;3;3;3;3;3;3;0;3;3;3;3;3;3;3;3;3;3;3;3;3;3;3;3;3;3;3;3;0;3;3;3;3;3;3;2;3;3;3;0;1;3;3;3;3;3;3;3;3;3;3;3;3;3;3;3;3;3;3;3;3;3;3;3;3;3;3;3;3;0;5;3;3;3;3;3;0;3;3;3;3;3;3;3;3;3;3;3;3;3;0;3;3;3;3;3;3;3;2;3;3;3;1;3;3;3;3;3;3;3;0;3;3;3;3;3;3;3;4;3;3;3;3;3;3;3;3;3;3;3;3;3;0;3;3;3;3;3;3;3;3;0;3;3;3;0;3;3;3;3;3;0;3;0;3;0;3;0;3;3;3;3;3;3;5;3;3;3;3;3;3;3;3;3;3;3;3;4;3;0;3;3;3;3;3;3;2;3;4;0,107089603909;0,148380820721;0,476567568075;0,178923785827;0,2601690258;2,52531399125;0;0;0;0
3;3;3;0;3;3;0;3;3;3;3;4;3;3;3;3;0;0;3;3;3;3;3;3;3;3;3;3;3;3;3;3;0;3;3;3;3;3;3;3;3;3;3;3;3;3;3;3;3;3;3;3;3;0;3;3;3;3;3;3;2;3;3;3;0;1;3;3;3;3;3;3;3;3;3;3;3;3;3;3;3;3;3;3;3;3;3;3;3;3;3;3;3;3;0;5;3;3;3;3;3;0;3;3;3;3;3;3;3;3;3;3;3;3;3;0;3;3;3;3;3;3;3;2;3;3;3;1;3;3;3;3;3;3;3;0;3;3;3;3;3;3;3;4;3;3;3;3;3;3;3;3;3;3;3;3;3;0;3;3;3;3;3;3;3;3;0;3;3;3;0;3;3;3;3;3;0;3;0;3;0;3;0;3;3;3;3;3;3;5;3;3;3;3;3;3;3;3;3;3;3;3;4;3;0;3;3;3;3;3;3;2;3;4;0,107089603909;0,148380820721;0,476567568075;0,178923785827;0,2601690258;2,52531399125;0;0;0;0
3;3;3;0;3;3;0;3;3;3;3;4;3;3;3;3;0;0;3;3;3;3;3;3;3;3;3;3;3;3;3;3;0;3;3;3;3;3;3;3;3;3;3;3;3;3;3;3;3;3;3;3;3;0;3;3;3;3;3;3;2;3;3;3;0;1;3;3;3;3;3;3;3;3;3;3;3;3;3;3;3;3;3;3;3;3;3;3;3;3;3;3;3;3;0;5;3;3;3;3;3;0;3;3;3;3;3;3;3;3;3;3;3;3;3;0;3;3;3;3;3;3;3;2;3;3;3;1;3;3;3;3;3;3;3;0;3;3;3;3;3;3;3;4;3;3;3;3;3;3;3;3;3;3;3;3;3;0;3;3;3;3;3;3;3;3;0;3;3;3;0;3;3;3;3;3;0;3;0;3;0;3;0;3;3;3;3;3;3;5;3;3;3;3;3;3;3;3;3;3;3;3;4;3;0;3;3;3;3;3;3;2;3;4;0,107089603909;0,148380820721;0,476567568075;0,178923785827;0,2601690258;2,52531399125;0;0;0;0
3;3;3;0;3;3;0;3;3;3;3;4;3;3;3;3;0;0;3;3;3;3;3;3;3;3;3;3;3;3;3;3;0;3;3;3;3;3;3;3;3;3;3;3;3;3;3;3;3;3;3;3;3;0;3;3;3;3;3;3;2;3;3;3;0;1;3;3;3;3;3;3;3;3;3;3;3;3;3;3;3;3;3;3;3;3;3;3;3;3;3;3;3;3;0;5;3;3;3;3;3;0;3;3;3;3;3;3;3;3;3;3;3;3;3;0;3;3;3;3;3;3;3;2;3;3;3;1;3;3;3;3;3;3;3;0;3;3;3;3;3;3;3;4;3;3;3;3;3;3;3;3;3;3;3;3;3;0;3;3;3;3;3;3;3;3;0;3;3;3;0;3;3;3;3;3;0;3;0;3;0;3;0;3;3;3;3;3;3;5;3;3;3;3;3;3;3;3;3;3;3;3;4;3;0;3;3;3;3;3;3;2;3;4;0,107089603909;0,148380820721;0,476567568075;0,178923785827;0,2601690258;2,52531399125;0;0;0;0
3;3;3;0;3;3;0;3;3;3;3;4;3;3;3;3;0;0;3;3;3;3;3;3;3;3;3;3;3;3;3;3;0;3;3;3;3;3;3;3;3;3;3;3;3;3;3;3;3;3;3;3;3;0;3;3;3;3;3;3;2;3;3;3;0;1;3;3;3;3;3;3;3;3;3;3;3;3;3;3;3;3;3;3;3;3;3;3;3;3;3;3;3;3;0;5;3;3;3;3;3;0;3;3;3;3;3;3;3;3;3;3;3;3;3;0;3;3;3;3;3;3;3;2;3;3;3;1;3;3;3;3;3;3;3;0;3;3;3;3;3;3;3;4;3;3;3;3;3;3;3;3;3;3;3;3;3;0;3;3;3;3;3;3;3;3;0;3;3;3;0;3;3;3;3;3;0;3;0;3;0;3;0;3;3;3;3;3;3;5;3;3;3;3;3;3;3;3;3;3;3;3;4;3;0;3;3;3;3;3;3;2;3;4;0,107089603909;0,148380820721;0,476567568075;0,178923785827;0,2601690258;2,52531399125;0;0;0;0
3;3;3;0;3;3;0;3;3;3;3;4;3;3;3;3;0;0;3;3;3;3;3;3;3;3;3;3;3;3;3;3;0;3;3;3;3;3;3;3;3;3;3;3;3;3;3;3;3;3;3;3;3;0;3;3;3;3;3;3;2;3;3;3;0;1;3;3;3;3;3;3;3;3;3;3;3;3;3;3;3;3;3;3;3;3;3;3;3;3;3;3;3;3;0;5;3;3;3;3;3;0;3;3;3;3;3;3;3;3;3;3;3;3;3;0;3;3;3;3;3;3;3;2;3;3;3;1;3;3;3;3;3;3;3;0;3;3;3;3;3;3;3;4;3;3;3;3;3;3;3;3;3;3;3;3;3;0;3;3;3;3;3;3;3;3;0;3;3;3;0;3;3;3;3;3;0;3;0;3;0;3;0;3;3;3;3;3;3;5;3;3;3;3;3;3;3;3;3;3;3;3;4;3;0;3;3;3;3;3;3;2;3;4;0,107089603909;0,148380820721;0,476567568075;0,178923785827;0,2601690258;2,52531399125;0;0;0;0
3;3;3;0;3;3;0;3;3;3;3;4;3;3;3;3;0;0;3;3;3;3;3;3;3;3;3;3;3;3;3;3;0;3;3;3;3;3;3;3;3;3;3;3;3;3;3;3;3;3;3;3;3;0;3;3;3;3;3;3;2;3;3;3;0;1;3;3;3;3;3;3;3;3;3;3;3;3;3;3;3;3;3;3;3;3;3;3;3;3;3;3;3;3;0;5;3;3;3;3;3;0;3;3;3;3;3;3;3;3;3;3;3;3;3;0;3;3;3;3;3;3;3;2;3;3;3;1;3;3;3;3;3;3;3;0;3;3;3;3;3;3;3;4;3;3;3;3;3;3;3;3;3;3;3;3;3;0;3;3;3;3;3;3;3;3;0;3;3;3;0;3;3;3;3;3;0;3;0;3;0;3;0;3;3;3;3;3;3;5;3;3;3;3;3;3;3;3;3;3;3;3;4;3;0;3;3;3;3;3;3;2;3;4;0,107089603909;0,148380820721;0,476567568075;0,178923785827;0,2601690258;2,52531399125;0;0;0;0
3;3;3;0;3;3;0;3;3;3;3;4;3;3;3;3;0;0;3;3;3;3;3;3;3;3;3;3;3;3;3;3;0;3;3;3;3;3;3;3;3;3;3;3;3;3;3;3;3;3;3;3;3;0;3;3;3;3;3;3;2;3;3;3;0;1;3;3;3;3;3;3;3;3;3;3;3;3;3;3;3;3;3;3;3;3;3;3;3;3;3;3;3;3;0;5;3;3;3;3;3;0;3;3;3;3;3;3;3;3;3;3;3;3;3;0;3;3;3;3;3;3;3;2;3;3;3;1;3;3;3;3;3;3;3;0;3;3;3;3;3;3;3;4;3;3;3;3;3;3;3;3;3;3;3;3;3;0;3;3;3;3;3;3;3;3;0;3;3;3;0;3;3;3;3;3;0;3;0;3;0;3;0;3;3;3;3;3;3;5;3;3;3;3;3;3;3;3;3;3;3;3;4;3;0;3;3;3;3;3;3;2;3;4;0,107089603909;0,148380820721;0,476567568075;0,178923785827;0,2601690258;2,52531399125;0;0;0;0
3;3;3;0;3;3;0;3;3;3;3;4;3;3;3;3;0;0;3;3;3;3;3;3;3;3;3;3;3;3;3;3;0;3;3;3;3;3;3;3;3;3;3;3;3;3;3;3;3;3;3;3;3;0;3;3;3;3;3;3;2;3;3;3;0;1;3;3;3;3;3;3;3;3;3;3;3;3;3;3;3;3;3;3;3;3;3;3;3;3;3;3;3;3;0;5;3;3;3;3;3;0;3;3;3;3;3;3;3;3;3;3;3;3;3;0;3;3;3;3;3;3;3;2;3;3;3;1;3;3;3;3;3;3;3;0;3;3;3;3;3;3;3;4;3;3;3;3;3;3;3;3;3;3;3;3;3;0;3;3;3;3;3;3;3;3;0;3;3;3;0;3;3;3;3;3;0;3;0;3;0;3;0;3;3;3;3;3;3;5;3;3;3;3;3;3;3;3;3;3;3;3;4;3;0;3;3;3;3;3;3;2;3;4;0,107089603909;0,148380820721;0,476567568075;0,178923785827;0,2601690258;2,52531399125;0;0;0;0
