25;40;30;db;Minkowski_2;1;4
0;0;4;0;0;0;0;0;2;2;0;0;0;0;0;0;0;0;0;0;0;0;0;0;0;0;0;0;0;6;0;0;2;0;0;6;0;0;2;0;0;0;0;0;2;0;0;0;0;0;5;0;0;0;0;0;0;0;0;0;0;0;0;0;2;0;3;0;0;0;5;0;0;0;0;5;4;2;0;0;0;0;0;0;0;3;1;0;0;0;0;0;0;0;0;0;0;0;0;0;0;6;0;0;0;0;0;0;0;0;5;0;2;5;0;5;0;0;5;0;6;0;3;0;0;0;0;0;5;0;0;2;0;0;0;0;0;0;5;0;0;0;0;0;0;0;0;0;0;1;0;0;0;0;3;0;0;0;0;0;0;0;5;0;0;2;0;2;0;0;5;0;0;0;0;0;0;2;0;0;0;0;0;0;0;0;0;0;0;0;0;2;0;0;2;0;0;2;0;0;0;3;0;0;0;0;5;0;5;0;0;0;0;0;0,107943561703;0,13692297267;0,341637375891;0,176155021312;0,232452772795;1,77129188798;0;0;0;0
0;0;4;0;0;0;0;0;2;2;0;0;0;0;0;0;0;0;0;0;0;0;0;0;0;0;0;0;0;6;0;0;2;0;0;6;0;0;2;0;0;0;0;0;2;0;0;0;0;0;5;0;0;0;0;0;0;0;0;0;0;0;0;0;2;0;3;0;0;0;5;0;0;0;0;5;4;2;0;0;0;0;0;0;0;3;1;0;0;0;0;0;0;0;0;0;0;0;0;0;0;6;0;0;0;0;0;0;0;0;5;0;2;5;0;5;0;0;5;0;6;0;3;0;0;0;0;0;5;0;0;2;0;0;0;0;0;0;5;0;0;0;0;0;0;0;0;0;0;1;0;0;0;0;3;0;0;0;0;0;0;0;5;0;0;2;0;2;0;0;5;0;0;0;0;0;0;2;0;0;0;0;0;0;0;0;0;0;0;0;0;2;0;0;2;0;0;2;0;0;0;3;0;0;0;0;5;0;5;0;0;0;0;0;0,107943561703;0,13692297267;0,341637375891;0,176155021312;0,232452772795;1,77129188798;0;0;0;0
0;0;4;0;0;0;0;0;2;2;0;0;0;0;0;0;0;0;0;0;0;0;0;0;0;0;0;0;0;6;0;0;2;0;0;6;0;0;2;0;0;0;0;0;2;0;0;0;0;0;5;0;0;0;0;0;0;0;0;0;0;0;0;0;2;0;3;0;0;0;5;0;0;0;0;5;4;2;0;0;0;0;0;0;0;3;1;0;0;0;0;0;0;0;0;0;0;0;0;0;0;6;0;0;0;0;0;0;0;0;5;0;2;5;0;5;0;0;5;0;6;0;3;0;0;0;0;0;5;0;0;2;0;0;0;0;0;0;5;0;0;0;0;0;0;0;0;0;0;1;0;0;0;0;3;0;0;0;0;0;0;0;5;0;0;2;0;2;0;0;5;0;0;0;0;0;0;2;0;0;0;0;0;0;0;0;0;0;0;0;0;2;0;0;2;0;0;2;0;0;0;3;0;0;0;0;5;0;5;0;0;0;0;0;0,107943561703;0,13692297267;0,341637375891;0,176155021312;0,232452772795;1,77129188798;0;0;0;0
0;0;4;0;0;0;0;0;2;2;0;0;0;0;0;0;0;0;0;0;0;0;0;0;0;0;0;0;0;6;0;0;2;0;0;6;0;0;2;0;0;0;0;0;2;0;0;0;0;0;5;0;0;0;0;0;0;0;0;0;0;0;0;0;2;0;3;0;0;0;5;0;0;0;0;5;4;2;0;0;0;0;0;0;0;3;1;0;0;0;0;0;0;0;0;0;0;0;0;0;0;6;0;0;0;0;0;0;0;0;5;0;2;5;0;5;0;0;5;0;6;0;3;0;0;0;0;0;5;0;0;2;0;0;0;0;0;0;5;0;0;0;0;0;0;0;0;0;0;1;0;0;0;0;3;0;0;0;0;0;0;0;5;0;0;2;0;2;0;0;5;0;0;0;0;0;0;2;0;0;0;0;0;0;0;0;0;0;0;0;0;2;0;0;2;0;0;2;0;0;0;3;0;0;0;0;5;0;5;0;0;0;0;0;0,107943561703;0,13692297267;0,341637375891;0,176155021312;0,232452772795;1,77129188798;0;0;0;0
0;0;2;0;0;0;0;0;0;3;1;0;0;0;0;0;0;0;0;0;0;0;0;0;0;0;0;0;0;3;1;0;0;1;0;3;3;0;3;0;0;3;0;0;4;0;0;0;0;0;3;0;0;0;0;1;1;0;0;1;0;3;0;1;4;0;1;0;0;0;0;0;0;0;3;3;2;3;0;0;0;0;0;1;0;1;1;3;0;1;0;0;0;0;0;0;0;0;1;0;0;1;3;0;0;1;0;0;0;0;3;0;3;3;0;3;0;0;3;0;3;1;1;1;0;1;0;0;3;0;0;3;0;0;0;1;0;0;3;3;0;1;0;0;0;3;3;0;1;1;0;0;1;0;1;1;0;1;1;1;1;3;0;1;0;0;0;3;0;0;0;3;0;0;1;0;0;0;0;0;0;1;0;3;1;0;0;0;0;0;0;3;3;0;3;0;0;3;3;0;0;4;0;0;0;0;3;0;3;0;1;0;1;0;0,136928749803;0,176036491307;0,306643608356;0,200963009992;0,24280228154;1,94341027965;0;0;0;0
0;0;2;0;0;0;0;0;0;3;1;0;0;0;0;0;0;0;0;0;0;0;0;0;0;0;0;0;0;3;1;0;0;1;0;3;3;0;3;0;0;3;0;0;4;0;0;0;0;0;3;0;0;0;0;1;1;0;0;1;0;3;0;1;4;0;1;0;0;0;0;0;0;0;3;3;2;3;0;0;0;0;0;1;0;1;1;3;0;1;0;0;0;0;0;0;0;0;1;0;0;1;3;0;0;1;0;0;0;0;3;0;3;3;0;3;0;0;3;0;3;1;1;1;0;1;0;0;3;0;0;3;0;0;0;1;0;0;3;3;0;1;0;0;0;3;3;0;1;1;0;0;1;0;1;1;0;1;1;1;1;3;0;1;0;0;0;3;0;0;0;3;0;0;1;0;0;0;0;0;0;1;0;3;1;0;0;0;0;0;0;3;3;0;3;0;0;3;3;0;0;4;0;0;0;0;3;0;3;0;1;0;1;0;0,136928749803;0,176036491307;0,306643608356;0,200963009992;0,24280228154;1,94341027965;0;0;0;0
0;0;2;0;0;0;0;0;0;3;1;0;0;0;0;0;0;0;0;0;0;0;0;0;0;0;0;0;0;3;1;0;0;1;0;3;3;0;3;0;0;3;0;0;4;0;0;0;0;0;3;0;0;0;0;1;1;0;0;1;0;3;0;1;4;0;1;0;0;0;0;0;0;0;3;3;2;3;0;0;0;0;0;1;0;1;1;3;0;1;0;0;0;0;0;0;0;0;1;0;0;1;3;0;0;1;0;0;0;0;3;0;3;3;0;3;0;0;3;0;3;1;1;1;0;1;0;0;3;0;0;3;0;0;0;1;0;0;3;3;0;1;0;0;0;3;3;0;1;1;0;0;1;0;1;1;0;1;1;1;1;3;0;1;0;0;0;3;0;0;0;3;0;0;1;0;0;0;0;0;0;1;0;3;1;0;0;0;0;0;0;3;3;0;3;0;0;3;3;0;0;4;0;0;0;0;3;0;3;0;1;0;1;0;0,136928749803;0,176036491307;0,306643608356;0,200963009992;0,24280228154;1,94341027965;0;0;0;0
0;0;2;0;0;0;0;0;0;3;1;0;0;0;0;0;0;0;0;0;0;0;0;0;0;0;0;0;0;3;1;0;0;1;0;3;3;0;3;0;0;3;0;0;4;0;0;0;0;0;3;0;0;0;0;1;1;0;0;1;0;3;0;1;4;0;1;0;0;0;0;0;0;0;3;3;2;3;0;0;0;0;0;1;0;1;1;3;0;1;0;0;0;0;0;0;0;0;1;0;0;1;3;0;0;1;0;0;0;0;3;0;3;3;0;3;0;0;3;0;3;1;1;1;0;1;0;0;3;0;0;3;0;0;0;1;0;0;3;3;0;1;0;0;0;3;3;0;1;1;0;0;1;0;1;1;0;1;1;1;1;3;0;1;0;0;0;3;0;0;0;3;0;0;1;0;0;0;0;0;0;1;0;3;1;0;0;0;0;0;0;3;3;0;3;0;0;3;3;0;0;4;0;0;0;0;3;0;3;0;1;0;1;0;0,136928749803;0,176036491307;0,306643608356;0,200963009992;0,24280228154;1,94341027965;0;0;0;0
0;0;2;0;0;0;0;0;0;3;1;0;0;0;0;0;0;0;0;0;0;0;0;0;0;0;0;0;0;3;1;0;0;1;0;3;3;0;3;0;0;3;0;0;4;0;0;0;0;0;3;0;0;0;0;1;1;0;0;1;0;3;0;1;4;0;1;0;0;0;0;0;0;0;3;3;2;3;0;0;0;0;0;1;0;1;1;3;0;1;0;0;0;0;0;0;0;0;1;0;0;1;3;0;0;1;0;0;0;0;3;0;3;3;0;3;0;0;3;0;3;1;1;1;0;1;0;0;3;0;0;3;0;0;0;1;0;0;3;3;0;1;0;0;0;3;3;0;1;1;0;0;1;0;1;1;0;1;1;1;1;3;0;1;0;0;0;3;0;0;0;3;0;0;1;0;0;0;0;0;0;1;0;3;1;0;0;0;0;0;0;3;3;0;3;0;0;3;3;0;0;4;0;0;0;0;3;0;3;0;1;0;1;0;0,136928749803;0,176036491307;0,306643608356;0,200963009992;0,24280228154;1,94341027965;0;0;0;0
0;0;2;0;0;0;0;0;0;3;1;0;0;0;0;0;0;0;0;0;0;0;0;0;0;0;0;0;0;3;1;0;0;1;0;3;3;0;3;0;0;3;0;0;4;0;0;0;0;0;3;0;0;0;0;1;1;0;0;1;0;3;0;1;4;0;1;0;0;0;0;0;0;0;3;3;2;3;0;0;0;0;0;1;0;1;1;3;0;1;0;0;0;0;0;0;0;0;1;0;0;1;3;0;0;1;0;0;0;0;3;0;3;3;0;3;0;0;3;0;3;1;1;1;0;1;0;0;3;0;0;3;0;0;0;1;0;0;3;3;0;1;0;0;0;3;3;0;1;1;0;0;1;0;1;1;0;1;1;1;1;3;0;1;0;0;0;3;0;0;0;3;0;0;1;0;0;0;0;0;0;1;0;3;1;0;0;0;0;0;0;3;3;0;3;0;0;3;3;0;0;4;0;0;0;0;3;0;3;0;1;0;1;0;0,136928749803;0,176036491307;0,306643608356;0,200963009992;0,24280228154;1,94341027965;0;0;0;0
1;1;2;1;1;1;1;1;3;2;1;1;1;1;1;1;1;1;1;1;1;1;1;1;1;1;1;1;1;2;1;1;2;1;1;2;2;1;2;1;1;2;1;1;3;1;1;1;1;1;0;1;1;1;1;1;1;1;1;1;1;2;1;1;2;1;1;1;1;1;0;1;1;1;2;2;2;1;2;1;1;1;1;1;1;1;1;2;1;1;1;1;1;1;1;1;1;1;1;0;1;2;2;1;1;1;1;1;1;1;0;1;2;0;1;0;1;1;0;1;2;1;1;1;1;1;1;1;0;1;1;2;1;1;1;1;1;1;2;2;1;1;1;1;1;2;2;1;1;1;1;1;1;1;1;1;1;1;1;1;1;2;0;1;1;2;1;3;1;1;0;2;1;1;1;1;1;3;1;1;1;1;0;2;1;1;1;1;1;1;1;2;1;1;1;1;1;3;2;1;1;1;1;1;1;1;0;1;0;1;1;1;1;1;0,179779825567;0,187989437783;0,430619802053;0,208474188619;0,280938688664;1,94612471627;0;0;0;0
1;1;2;1;1;1;1;1;3;2;1;1;1;1;1;1;1;1;1;1;1;1;1;1;1;1;1;1;1;2;1;1;2;1;1;2;2;1;2;1;1;2;1;1;3;1;1;1;1;1;0;1;1;1;1;1;1;1;1;1;1;2;1;1;2;1;1;1;1;1;0;1;1;1;2;2;2;1;2;1;1;1;1;1;1;1;1;2;1;1;1;1;1;1;1;1;1;1;1;0;1;2;2;1;1;1;1;1;1;1;0;1;2;0;1;0;1;1;0;1;2;1;1;1;1;1;1;1;0;1;1;2;1;1;1;1;1;1;2;2;1;1;1;1;1;2;2;1;1;1;1;1;1;1;1;1;1;1;1;1;1;2;0;1;1;2;1;3;1;1;0;2;1;1;1;1;1;3;1;1;1;1;0;2;1;1;1;1;1;1;1;2;1;1;1;1;1;3;2;1;1;1;1;1;1;1;0;1;0;1;1;1;1;1;0,179779825567;0,187989437783;0,430619802053;0,208474188619;0,280938688664;1,94612471627;0;0;0;0
1;0;0;1;0;1;1;1;0;0;1;1;1;1;1;1;1;1;1;1;1;1;1;1;1;1;1;1;1;0;1;1;0;1;1;0;0;1;0;1;1;0;1;1;0;1;1;1;1;1;0;1;1;1;1;1;1;1;1;1;1;0;1;1;0;1;1;1;1;1;0;1;1;1;0;0;0;0;0;1;1;1;1;1;1;1;1;0;1;1;1;1;1;1;1;1;1;1;1;1;1;0;0;1;1;1;1;1;1;1;0;1;0;0;1;0;1;1;0;1;0;1;1;1;1;1;1;1;0;1;1;0;1;1;1;1;1;1;0;0;1;1;1;1;0;0;0;1;1;1;1;1;1;1;1;1;1;0;1;1;0;0;0;1;1;0;1;0;1;1;0;0;1;1;1;1;0;0;1;1;1;1;0;0;1;1;1;1;1;1;0;0;0;1;0;1;1;0;0;1;1;0;1;1;1;1;0;1;0;1;1;1;1;1;0,211227745584;0,194818479035;0,520046659954;0,201405547468;0,290359586344;2,07317447548;0;0;0;0
1;0;0;1;0;1;1;1;0;0;1;1;1;1;1;1;1;1;1;1;1;1;1;1;1;1;1;1;1;0;1;1;0;1;1;0;0;1;0;1;1;0;1;1;0;1;1;1;1;1;0;1;1;1;1;1;1;1;1;1;1;0;1;1;0;1;1;1;1;1;0;1;1;1;0;0;0;0;0;1;1;1;1;1;1;1;1;0;1;1;1;1;1;1;1;1;1;1;1;1;1;0;0;1;1;1;1;1;1;1;0;1;0;0;1;0;1;1;0;1;0;1;1;1;1;1;1;1;0;1;1;0;1;1;1;1;1;1;0;0;1;1;1;1;0;0;0;1;1;1;1;1;1;1;1;1;1;0;1;1;0;0;0;1;1;0;1;0;1;1;0;0;1;1;1;1;0;0;1;1;1;1;0;0;1;1;1;1;1;1;0;0;0;1;0;1;1;0;0;1;1;0;1;1;1;1;0;1;0;1;1;1;1;1;0,211227745584;0,194818479035;0,520046659954;0,201405547468;0,290359586344;2,07317447548;0;0;0;0
1;0;0;1;0;1;1;1;0;0;1;1;1;1;1;1;1;1;1;1;1;1;1;1;1;1;1;1;1;0;1;1;0;1;1;0;0;1;0;1;1;0;1;1;0;1;1;1;1;1;0;1;1;1;1;1;1;1;1;1;1;0;1;1;0;1;1;1;1;1;0;1;1;1;0;0;0;0;0;1;1;1;1;1;1;1;1;0;1;1;1;1;1;1;1;1;1;1;1;1;1;0;0;1;1;1;1;1;1;1;0;1;0;0;1;0;1;1;0;1;0;1;1;1;1;1;1;1;0;1;1;0;1;1;1;1;1;1;0;0;1;1;1;1;0;0;0;1;1;1;1;1;1;1;1;1;1;0;1;1;0;0;0;1;1;0;1;0;1;1;0;0;1;1;1;1;0;0;1;1;1;1;0;0;1;1;1;1;1;1;0;0;0;1;0;1;1;0;0;1;1;0;1;1;1;1;0;1;0;1;1;1;1;1;0,211227745584;0,194818479035;0,520046659954;0,201405547468;0,290359586344;2,07317447548;0;0;0;0
1;0;0;1;0;1;1;1;0;0;1;1;1;1;1;1;1;1;1;1;1;1;1;1;1;1;1;1;1;0;1;1;0;1;1;0;0;1;0;1;1;0;1;1;0;1;1;1;1;1;0;1;1;1;1;1;1;1;1;1;1;0;1;1;0;1;1;1;1;1;0;1;1;1;0;0;0;0;0;1;1;1;1;1;1;1;1;0;1;1;1;1;1;1;1;1;1;1;1;1;1;0;0;1;1;1;1;1;1;1;0;1;0;0;1;0;1;1;0;1;0;1;1;1;1;1;1;1;0;1;1;0;1;1;1;1;1;1;0;0;1;1;1;1;0;0;0;1;1;1;1;1;1;1;1;1;1;0;1;1;0;0;0;1;1;0;1;0;1;1;0;0;1;1;1;1;0;0;1;1;1;1;0;0;1;1;1;1;1;1;0;0;0;1;0;1;1;0;0;1;1;0;1;1;1;1;0;1;0;1;1;1;1;1;0,211227745584;0,194818479035;0,520046659954;0,201405547468;0,290359586344;2,07317447548;0;0;0;0
1;0;0;1;0;1;1;1;0;0;1;1;1;1;1;1;1;1;1;1;1;1;1;1;1;1;1;1;1;0;1;1;0;1;1;0;0;1;0;1;1;0;1;1;0;1;1;1;1;1;0;1;1;1;1;1;1;1;1;1;1;0;1;1;0;1;1;1;1;1;0;1;1;1;0;0;0;0;0;1;1;1;1;1;1;1;1;0;1;1;1;1;1;1;1;1;1;1;1;1;1;0;0;1;1;1;1;1;1;1;0;1;0;0;1;0;1;1;0;1;0;1;1;1;1;1;1;1;0;1;1;0;1;1;1;1;1;1;0;0;1;1;1;1;0;0;0;1;1;1;1;1;1;1;1;1;1;0;1;1;0;0;0;1;1;0;1;0;1;1;0;0;1;1;1;1;0;0;1;1;1;1;0;0;1;1;1;1;1;1;0;0;0;1;0;1;1;0;0;1;1;0;1;1;1;1;0;1;0;1;1;1;1;1;0,211227745584;0,194818479035;0,520046659954;0,201405547468;0,290359586344;2,07317447548;0;0;0;0
1;0;0;1;0;1;1;1;0;0;1;1;1;1;1;1;1;1;1;1;1;1;1;1;1;1;1;1;1;0;1;1;0;1;1;0;0;1;0;1;1;0;1;1;0;1;1;1;1;1;0;1;1;1;1;1;1;1;1;1;1;0;1;1;0;1;1;1;1;1;0;1;1;1;0;0;0;0;0;1;1;1;1;1;1;1;1;0;1;1;1;1;1;1;1;1;1;1;1;1;1;0;0;1;1;1;1;1;1;1;0;1;0;0;1;0;1;1;0;1;0;1;1;1;1;1;1;1;0;1;1;0;1;1;1;1;1;1;0;0;1;1;1;1;0;0;0;1;1;1;1;1;1;1;1;1;1;0;1;1;0;0;0;1;1;0;1;0;1;1;0;0;1;1;1;1;0;0;1;1;1;1;0;0;1;1;1;1;1;1;0;0;0;1;0;1;1;0;0;1;1;0;1;1;1;1;0;1;0;1;1;1;1;1;0,211227745584;0,194818479035;0,520046659954;0,201405547468;0,290359586344;2,07317447548;0;0;0;0
1;0;0;1;0;1;1;1;0;0;1;1;1;1;1;1;1;1;1;1;1;1;1;1;1;1;1;1;1;0;1;1;0;1;1;0;0;1;0;1;1;0;1;1;0;1;1;1;1;1;0;1;1;1;1;1;1;1;1;1;1;0;1;1;0;1;1;1;1;1;0;1;1;1;0;0;0;0;0;1;1;1;1;1;1;1;1;0;1;1;1;1;1;1;1;1;1;1;1;1;1;0;0;1;1;1;1;1;1;1;0;1;0;0;1;0;1;1;0;1;0;1;1;1;1;1;1;1;0;1;1;0;1;1;1;1;1;1;0;0;1;1;1;1;0;0;0;1;1;1;1;1;1;1;1;1;1;0;1;1;0;0;0;1;1;0;1;0;1;1;0;0;1;1;1;1;0;0;1;1;1;1;0;0;1;1;1;1;1;1;0;0;0;1;0;1;1;0;0;1;1;0;1;1;1;1;0;1;0;1;1;1;1;1;0,211227745584;0,194818479035;0,520046659954;0,201405547468;0,290359586344;2,07317447548;0;0;0;0
1;0;0;1;1;1;1;1;0;0;1;1;1;1;1;1;1;1;1;1;1;1;1;1;1;1;1;1;1;0;1;1;0;1;1;0;0;1;0;1;1;0;1;1;0;1;1;1;1;1;0;1;1;1;1;1;1;1;1;1;1;0;1;1;0;1;1;1;1;1;0;1;1;1;0;0;0;0;0;1;1;1;1;1;1;1;1;0;1;1;1;1;1;1;1;1;1;1;1;1;1;0;0;1;1;1;1;1;1;1;0;1;0;0;1;0;1;1;0;1;0;1;1;1;1;1;1;1;0;1;1;0;1;1;1;1;1;1;0;0;1;1;1;1;0;0;0;1;1;1;1;1;1;1;1;1;1;0;1;1;0;0;0;1;1;0;1;0;1;1;0;0;1;1;1;1;0;0;1;1;1;1;0;0;1;1;1;1;1;1;0;0;0;1;0;1;1;0;0;1;1;0;1;1;1;1;0;1;0;1;1;1;1;1;0,205382016599;0,186600490015;0,503047856864;0,193262058865;0,279243659552;2,10166486516;0;0;0;0
1;1;0;1;1;1;1;1;0;0;1;1;1;1;1;1;1;1;1;1;1;1;1;1;1;1;1;1;1;0;1;1;0;1;1;0;0;1;0;1;1;0;1;1;0;1;1;1;1;1;0;1;1;1;1;1;1;1;1;1;1;0;1;1;0;1;1;1;1;1;0;1;1;1;0;0;0;0;0;1;1;1;1;1;1;1;1;1;1;1;1;1;1;1;1;1;1;1;1;0;1;0;0;1;1;1;1;1;1;1;0;1;0;0;1;0;1;1;0;1;0;1;1;1;1;1;1;1;0;1;1;0;1;1;1;1;1;1;0;0;1;1;1;1;1;0;0;1;1;1;1;1;1;1;1;1;1;0;1;1;0;0;0;1;1;0;1;0;1;1;0;0;1;1;1;1;0;0;1;1;1;1;0;0;1;1;1;1;1;1;0;0;0;1;0;1;1;0;0;1;1;0;1;1;1;1;0;1;0;1;1;1;1;1;0,19763664741;0,180984476251;0,496900964378;0,187707558751;0,272482926558;2,14102472318;0;0;0;0
1;1;0;1;1;1;1;1;0;0;1;1;1;1;1;1;1;1;1;1;1;1;1;1;1;1;1;1;1;0;1;1;0;1;1;0;0;1;0;1;1;0;1;1;0;1;1;1;1;1;0;1;1;1;1;1;1;1;1;1;1;0;1;1;0;1;1;1;1;1;0;1;1;1;0;0;0;0;0;1;1;1;1;1;1;1;1;1;1;1;1;1;1;1;1;1;1;1;1;1;1;0;0;1;1;1;1;1;1;1;0;1;0;0;1;0;1;1;0;1;0;1;1;1;1;1;1;1;0;1;1;0;1;1;1;1;1;1;0;0;1;1;1;1;1;0;0;1;1;1;1;1;1;1;1;1;1;0;1;1;0;0;0;1;1;0;1;0;1;1;0;0;1;1;1;1;0;0;1;1;1;1;0;0;1;1;1;1;1;1;0;0;0;1;0;1;1;0;0;1;1;0;1;1;1;1;0;1;0;1;1;1;1;1;0,189418686685;0,172323943127;0,478397177252;0,179126414809;0,260655502709;2,15656122531;0;0;0;0
1;1;0;1;1;1;1;1;0;0;1;1;1;1;1;1;1;1;1;1;1;1;1;1;1;1;1;1;1;0;1;1;0;1;1;0;0;1;0;1;1;0;1;1;0;1;1;1;1;1;0;1;1;1;1;1;1;1;1;1;1;0;1;1;0;1;1;1;1;1;0;1;1;1;0;0;0;0;0;1;1;1;1;1;1;1;1;1;1;1;1;1;1;1;1;1;1;1;1;1;1;0;0;1;1;1;1;1;1;1;0;1;0;0;1;0;1;1;0;1;0;1;1;1;1;1;1;1;0;1;1;0;1;1;1;1;1;1;0;0;1;1;1;1;1;0;0;1;1;1;1;1;1;1;1;1;1;0;1;1;0;0;0;1;1;0;1;0;1;1;0;0;1;1;1;1;0;0;1;1;1;1;0;0;1;1;1;1;1;1;0;0;0;1;0;1;1;0;0;1;1;0;1;1;1;1;0;1;0;1;1;1;1;1;0,189418686685;0,172323943127;0,478397177252;0,179126414809;0,260655502709;2,15656122531;0;0;0;0
1;1;0;1;1;1;1;1;0;0;1;1;1;1;1;1;1;1;1;1;1;1;1;1;1;1;1;1;1;0;1;1;0;1;1;0;0;1;0;1;1;0;1;1;0;1;1;1;1;1;0;1;1;1;1;1;1;1;1;1;1;0;1;1;0;1;1;1;1;1;0;1;1;1;0;0;0;0;0;1;1;1;1;1;1;1;1;1;1;1;1;1;1;1;1;1;1;1;1;1;1;0;0;1;1;1;1;1;1;1;0;1;0;0;1;0;1;1;0;1;0;1;1;1;1;1;1;1;0;1;1;0;1;1;1;1;1;1;0;0;1;1;1;1;1;0;0;1;1;1;1;1;1;1;1;1;1;0;1;1;0;0;0;1;1;0;1;0;1;1;0;0;1;1;1;1;0;0;1;1;1;1;0;0;1;1;1;1;1;1;0;0;0;1;0;1;1;0;0;1;1;0;1;1;1;1;0;1;0;1;1;1;1;1;0,189418686685;0,172323943127;0,478397177252;0,179126414809;0,260655502709;2,15656122531;0;0;0;0
1;1;0;1;1;1;1;1;0;0;1;1;1;1;1;1;1;1;1;1;1;1;1;1;1;1;1;1;1;0;1;1;0;1;1;0;0;1;0;1;1;0;1;1;0;1;1;1;1;1;0;1;1;1;1;1;1;1;1;1;1;0;1;1;0;1;1;1;1;1;0;1;1;1;0;0;0;0;0;1;1;1;1;1;1;1;1;1;1;1;1;1;1;1;1;1;1;1;1;1;1;0;0;1;1;1;1;1;1;1;0;1;0;0;1;0;1;1;0;1;0;1;1;1;1;1;1;1;0;1;1;0;1;1;1;1;1;1;0;0;1;1;1;1;1;0;0;1;1;1;1;1;1;1;1;1;1;0;1;1;0;0;0;1;1;0;1;0;1;1;0;0;1;1;1;1;0;0;1;1;1;1;0;0;1;1;1;1;1;1;0;0;0;1;0;1;1;0;0;1;1;0;1;1;1;1;0;1;0;1;1;1;1;1;0,189418686685;0,172323943127;0,478397177252;0,179126414809;0,260655502709;2,15656122531;0;0;0;0
1;1;2;1;1;1;1;1;3;1;1;1;1;1;1;1;1;1;1;1;1;1;1;1;1;1;1;1;1;3;1;1;1;1;1;3;2;1;1;1;1;2;1;1;3;1;1;1;1;1;1;1;1;1;1;1;1;1;1;1;1;2;1;1;3;1;1;1;1;1;0;1;1;1;2;2;2;1;1;1;1;1;1;1;1;1;1;1;1;1;1;1;1;1;1;1;1;1;1;1;1;1;2;1;1;1;1;1;1;1;2;1;3;1;1;1;1;1;1;1;3;1;1;1;1;1;1;1;1;1;1;3;1;1;1;1;1;1;2;2;1;1;1;1;1;2;2;1;1;1;1;1;1;1;1;1;1;1;1;1;1;2;0;1;1;1;1;3;1;1;1;2;1;1;1;1;1;3;1;1;1;1;0;2;1;1;1;1;1;1;1;3;1;1;3;1;1;3;2;1;1;1;1;1;1;1;1;1;2;1;1;1;1;1;0,103087479299;0,12820978571;0,386759504229;0,149646809138;0,215796586541;2,18207912773;0;0;0;0
1;1;2;1;1;1;1;1;3;1;1;1;1;1;1;1;1;1;1;1;1;1;1;1;1;1;1;1;1;3;1;1;1;1;1;3;2;1;1;1;1;2;1;1;3;1;1;1;1;1;1;1;1;1;1;1;1;1;1;1;1;2;1;1;3;1;1;1;1;1;0;1;1;1;2;2;2;1;1;1;1;1;1;1;1;1;1;1;1;1;1;1;1;1;1;1;1;1;1;1;1;1;2;1;1;1;1;1;1;1;2;1;3;1;1;1;1;1;1;1;3;1;1;1;1;1;1;1;1;1;1;3;1;1;1;1;1;1;2;2;1;1;1;1;1;2;2;1;1;1;1;1;1;1;1;1;1;1;1;1;1;2;0;1;1;1;1;3;1;1;1;2;1;1;1;1;1;3;1;1;1;1;0;2;1;1;1;1;1;1;1;3;1;1;3;1;1;3;2;1;1;1;1;1;1;1;1;1;2;1;1;1;1;1;0,103087479299;0,12820978571;0,386759504229;0,149646809138;0,215796586541;2,18207912773;0;0;0;0
1;1;2;1;1;1;1;1;3;1;1;1;1;1;1;1;1;1;1;1;1;1;1;1;1;1;1;1;1;3;1;1;1;1;1;3;2;1;1;1;1;2;1;1;3;1;1;1;1;1;1;1;1;1;1;1;1;1;1;1;1;2;1;1;3;1;1;1;1;1;0;1;1;1;2;2;2;1;1;1;1;1;1;1;1;1;1;1;1;1;1;1;1;1;1;1;1;1;1;1;1;1;2;1;1;1;1;1;1;1;2;1;3;1;1;1;1;1;1;1;3;1;1;1;1;1;1;1;1;1;1;3;1;1;1;1;1;1;2;2;1;1;1;1;1;2;2;1;1;1;1;1;1;1;1;1;1;1;1;1;1;2;0;1;1;1;1;3;1;1;1;2;1;1;1;1;1;3;1;1;1;1;0;2;1;1;1;1;1;1;1;3;1;1;3;1;1;3;2;1;1;1;1;1;1;1;1;1;2;1;1;1;1;1;0,103087479299;0,12820978571;0,386759504229;0,149646809138;0,215796586541;2,18207912773;0;0;0;0
1;1;2;1;1;1;1;1;3;1;1;1;1;1;1;1;1;1;1;1;1;1;1;1;1;1;1;1;1;3;1;1;1;1;1;3;2;1;1;1;1;2;1;1;3;1;1;1;1;1;1;1;1;1;1;1;1;1;1;1;1;2;1;1;3;1;1;1;1;1;0;1;1;1;2;2;2;1;1;1;1;1;1;1;1;1;1;1;1;1;1;1;1;1;1;1;1;1;1;1;1;1;2;1;1;1;1;1;1;1;2;1;3;1;1;1;1;1;1;1;3;1;1;1;1;1;1;1;1;1;1;3;1;1;1;1;1;1;2;2;1;1;1;1;1;2;2;1;1;1;1;1;1;1;1;1;1;1;1;1;1;2;0;1;1;1;1;3;1;1;1;2;1;1;1;1;1;3;1;1;1;1;0;2;1;1;1;1;1;1;1;3;1;1;3;1;1;3;2;1;1;1;1;1;1;1;1;1;2;1;1;1;1;1;0,103087479299;0,12820978571;0,386759504229;0,149646809138;0,215796586541;2,18207912773;0;0;0;0
1;1;2;1;1;1;1;1;3;1;1;1;1;1;1;1;1;1;1;1;1;1;1;1;1;1;1;1;1;3;1;1;1;1;1;3;2;1;1;1;1;2;1;1;3;1;1;1;1;1;1;1;1;1;1;1;1;1;1;1;1;2;1;1;3;1;1;1;1;1;0;1;1;1;2;2;2;1;1;1;1;1;1;1;1;1;1;1;1;1;1;1;1;1;1;1;1;1;1;1;1;1;2;1;1;1;1;1;1;1;2;1;3;1;1;1;1;1;1;1;3;1;1;1;1;1;1;1;1;1;1;3;1;1;1;1;1;1;2;2;1;1;1;1;1;2;2;1;1;1;1;1;1;1;1;1;1;1;1;1;1;2;0;1;1;1;1;3;1;1;1;2;1;1;1;1;1;3;1;1;1;1;0;2;1;1;1;1;1;1;1;3;1;1;3;1;1;3;2;1;1;1;1;1;1;1;1;1;2;1;1;1;1;1;0,103087479299;0,12820978571;0,386759504229;0,149646809138;0,215796586541;2,18207912773;0;0;0;0
