25;40;30;db;Minkowski_2;2;1
0;5;2;5;0;0;0;0;0;0;0;0;0;0;0;0;0;0;5;0;0;0;0;0;0;0;0;0;0;0;0;0;0;0;0;0;0;5;0;5;3;5;0;5;0;0;0;0;5;0;0;5;5;5;0;0;0;5;0;0;5;0;5;0;5;0;0;5;0;5;0;5;0;0;0;5;1;5;5;0;0;0;0;0;0;0;0;0;0;0;0;0;0;0;0;0;0;0;0;0;0;5;1;0;0;5;1;0;0;0;5;0;0;5;0;0;0;0;5;0;0;0;0;5;0;0;0;5;0;0;0;0;5;1;0;5;0;5;2;0;0;0;0;5;0;5;0;5;0;3;0;0;5;0;0;0;0;5;0;0;5;0;0;5;0;1;1;0;5;0;0;0;0;0;5;0;4;0;0;0;0;0;5;5;0;0;0;0;0;1;0;0;5;0;0;0;5;1;0;0;0;0;0;0;0;1;0;0;0;4;5;0;0;0;0,249609013847;0,260536895441;0,522073065399;0,286857776516;0,370268287372;2,15107779267;0;0;0;0
0;5;2;5;0;0;0;0;0;0;0;0;0;0;0;0;0;0;5;0;0;0;0;0;0;0;0;0;0;0;0;0;0;0;0;0;0;5;0;5;3;5;0;5;0;0;0;0;5;0;0;5;5;5;0;0;0;5;0;0;5;0;5;0;5;0;0;5;0;5;0;5;0;0;0;5;1;5;5;0;0;0;0;0;0;0;0;0;0;0;0;0;0;0;0;0;0;0;0;0;0;5;1;0;0;5;1;0;0;0;5;0;0;5;0;0;0;0;5;0;0;0;0;5;0;0;0;5;0;0;0;0;5;1;0;5;0;5;2;0;0;0;0;5;0;5;0;5;0;3;0;0;5;0;0;0;0;5;0;0;5;0;0;5;0;1;1;0;5;0;0;0;0;0;5;0;4;0;0;0;0;0;5;5;0;0;0;0;0;1;0;0;5;0;0;0;5;1;0;0;0;0;0;0;0;1;0;0;0;4;5;0;0;0;0,249609013847;0,260536895441;0,522073065399;0,286857776516;0,370268287372;2,15107779267;0;0;0;0
0;5;2;5;0;0;0;0;0;0;0;0;0;0;0;0;0;0;5;0;0;0;0;0;0;0;0;0;0;0;0;0;0;0;0;0;0;5;0;5;3;5;0;5;0;0;0;0;5;0;0;5;5;5;0;0;0;5;0;0;5;0;5;0;5;0;0;5;0;5;0;5;0;0;0;5;1;5;5;0;0;0;0;0;0;0;0;0;0;0;0;0;0;0;0;0;0;0;0;0;0;5;1;0;0;5;1;0;0;0;5;0;0;5;0;0;0;0;5;0;0;0;0;5;0;0;0;5;0;0;0;0;5;1;0;5;0;5;2;0;0;0;0;5;0;5;0;5;0;3;0;0;5;0;0;0;0;5;0;0;5;0;0;5;0;1;1;0;5;0;0;0;0;0;5;0;4;0;0;0;0;0;5;5;0;0;0;0;0;1;0;0;5;0;0;0;5;1;0;0;0;0;0;0;0;1;0;0;0;4;5;0;0;0;0,249609013847;0,260536895441;0,522073065399;0,286857776516;0,370268287372;2,15107779267;0;0;0;0
4;4;0;0;4;4;4;4;4;4;4;4;4;4;4;4;4;4;0;4;4;4;4;4;4;4;4;4;4;4;4;4;4;4;4;4;4;0;4;4;2;0;4;0;4;4;4;4;0;4;4;0;0;0;4;4;4;4;4;4;3;4;0;4;3;4;4;0;4;0;4;0;4;4;4;3;3;0;4;4;4;4;4;4;4;4;4;4;4;4;4;4;4;4;4;4;4;4;4;4;4;0;2;4;4;0;4;4;4;4;3;4;4;0;4;4;4;4;3;4;4;4;4;4;4;4;4;0;4;4;4;4;4;4;4;4;4;0;4;4;4;4;4;0;4;3;4;0;4;4;4;4;3;4;4;4;4;0;4;4;4;4;4;0;4;3;2;0;0;4;4;4;4;4;0;4;1;4;4;4;4;4;0;4;4;4;4;4;4;2;4;4;4;4;4;4;4;3;4;4;4;4;4;4;4;3;4;4;4;1;3;4;4;4;0,196231432584;0,213338822944;0,48771508374;0,237836715755;0,319747132656;2,34397956257;0;0;0;0
4;4;0;3;4;4;4;4;4;4;4;4;4;4;4;4;4;4;3;4;4;4;4;4;4;4;4;4;4;4;4;4;4;4;4;4;4;3;4;4;3;3;4;3;4;4;4;4;3;4;4;3;3;3;4;4;4;3;4;4;3;4;3;4;3;4;4;3;4;3;4;3;4;4;4;3;3;3;4;4;4;4;4;4;4;4;4;4;4;4;4;4;4;4;4;4;4;4;4;4;4;3;2;4;4;3;4;4;4;4;3;4;4;3;4;4;4;4;3;4;4;4;4;3;4;4;4;4;4;4;4;4;4;4;4;4;4;3;0;4;4;4;4;3;4;3;4;3;4;4;4;4;3;4;4;4;4;3;4;4;4;4;4;3;4;3;2;0;4;4;4;4;4;4;3;4;1;4;4;4;4;4;3;3;4;4;4;4;4;3;4;4;4;4;4;4;4;3;4;4;4;4;4;4;4;3;4;4;4;1;3;4;4;4;0,173033860874;0,161996643361;0,423297000288;0,185396802697;0,257856774817;2,39171896802;0;0;0;0
2;2;3;3;2;2;2;2;2;2;2;2;2;2;2;2;2;2;3;2;2;2;2;2;2;2;2;2;2;2;2;2;2;2;2;2;2;3;2;2;2;3;2;3;2;2;2;2;3;2;2;3;3;3;2;2;2;2;4;2;2;2;3;2;2;2;2;3;2;3;2;3;2;2;2;2;2;3;2;2;2;2;2;2;2;2;2;2;2;2;2;2;2;2;2;2;2;2;2;2;2;3;4;2;2;3;2;2;2;2;2;2;2;3;2;2;2;2;2;2;2;2;2;2;2;2;2;2;2;2;0;2;2;2;2;2;2;3;0;2;2;2;2;3;2;2;2;2;2;2;2;2;2;2;2;2;2;3;2;2;2;2;2;3;2;2;2;0;3;2;2;2;2;2;3;2;1;2;2;2;2;2;3;2;2;2;2;2;2;2;2;2;2;2;2;2;2;4;2;2;2;2;2;2;2;2;2;2;2;1;2;2;2;2;0,172181323478;0,190651042362;0,581284222931;0,214148768691;0,31299003665;2,73306357391;0;0;0;0
2;2;3;3;2;2;2;2;2;2;2;2;2;2;2;2;2;2;3;2;2;2;2;2;2;2;2;2;2;2;2;2;2;2;2;2;2;3;2;2;2;3;2;3;2;2;2;2;3;2;2;3;3;3;2;2;2;2;2;2;2;2;3;2;2;2;2;3;2;3;2;3;2;2;2;2;2;3;2;2;2;2;2;2;2;2;2;2;2;2;2;2;2;2;2;2;2;2;2;2;2;3;2;2;2;3;2;2;2;2;2;2;2;2;2;2;2;2;2;2;2;2;2;2;2;2;2;2;2;2;0;2;2;2;2;2;2;3;0;2;2;2;2;3;2;2;2;2;2;2;2;2;2;2;2;2;2;3;2;2;2;2;2;3;2;2;2;0;3;2;2;2;2;2;3;2;1;2;2;2;2;2;3;2;2;2;2;2;2;2;2;2;2;2;2;2;2;2;2;2;2;2;2;2;2;2;2;2;2;1;2;2;2;2;0,165054963647;0,189055038949;0,657462181573;0,206894815009;0,314743831472;3,12545925402;0;0;0;0
2;2;3;3;2;2;2;2;2;2;2;2;2;2;2;2;2;2;3;2;2;2;2;2;2;2;2;2;2;2;2;2;2;2;2;2;2;3;2;2;2;3;2;3;2;2;2;2;3;2;2;3;3;3;2;2;2;2;2;2;2;2;3;2;2;2;2;3;2;3;2;3;2;2;2;2;2;3;2;2;2;2;2;2;2;2;2;2;2;2;2;2;2;2;2;2;2;2;2;2;2;3;2;2;2;3;2;2;2;2;2;2;2;2;2;2;2;2;2;2;2;2;2;2;2;2;2;2;2;2;0;2;2;2;2;2;2;3;0;2;2;2;2;3;2;2;2;2;2;2;2;2;2;2;2;2;2;3;2;2;2;2;2;3;2;2;2;0;3;2;2;2;2;2;3;2;1;2;2;2;2;2;3;2;2;2;2;2;2;2;2;2;2;2;2;2;2;2;2;2;2;2;2;2;2;2;2;2;2;1;2;2;2;2;0,165054963647;0,189055038949;0,657462181573;0,206894815009;0,314743831472;3,12545925402;0;0;0;0
2;2;3;3;2;2;2;2;2;2;2;2;2;2;2;2;2;2;3;2;2;2;2;2;2;2;2;2;2;2;2;2;2;2;2;2;2;3;2;2;2;3;2;3;2;2;2;2;3;2;2;3;3;3;2;2;2;2;2;2;2;2;3;2;2;2;2;3;2;3;2;3;2;2;2;2;2;3;2;2;2;2;2;2;2;2;2;2;2;2;2;2;2;2;2;2;2;2;2;2;2;3;2;2;2;3;2;2;2;2;2;2;2;2;2;2;2;2;2;2;2;2;2;2;2;2;2;2;2;2;0;2;2;2;2;2;2;3;0;2;2;2;2;3;2;2;2;2;2;2;2;2;2;2;2;2;2;3;2;2;2;2;2;3;2;2;2;0;3;2;2;2;2;2;3;2;1;2;2;2;2;2;3;2;2;2;2;2;2;2;2;2;2;2;2;2;2;2;2;2;2;2;2;2;2;2;2;2;2;1;2;2;2;2;0,165054963647;0,189055038949;0,657462181573;0,206894815009;0,314743831472;3,12545925402;0;0;0;0
2;2;3;3;2;2;2;2;2;2;2;2;2;2;2;2;2;2;3;2;2;2;2;2;2;2;2;2;2;2;2;2;2;2;2;2;2;3;2;2;2;3;2;3;2;2;2;2;3;2;2;3;3;3;2;2;2;2;2;2;2;2;3;2;2;2;2;3;2;3;2;3;2;2;2;2;2;3;2;2;2;2;2;2;2;2;2;2;2;2;2;2;2;2;2;2;2;2;2;2;2;3;2;2;2;3;2;2;2;2;2;2;2;2;2;2;2;2;2;2;2;2;2;2;2;2;2;2;2;2;0;2;2;2;2;2;2;3;0;2;2;2;2;3;2;2;2;2;2;2;2;2;2;2;2;2;2;3;2;2;2;2;2;3;2;2;2;0;3;2;2;2;2;2;3;2;1;2;2;2;2;2;3;2;2;2;2;2;2;2;2;2;2;2;2;2;2;2;2;2;2;2;2;2;2;2;2;2;2;1;2;2;2;2;0,165054963647;0,189055038949;0,657462181573;0,206894815009;0,314743831472;3,12545925402;0;0;0;0
2;2;3;3;2;2;2;2;2;2;2;2;2;2;2;2;2;2;3;2;2;2;2;2;2;2;2;2;2;2;2;2;2;2;2;2;2;3;2;2;2;3;2;3;2;2;2;2;3;2;2;3;3;3;2;2;2;2;2;2;2;2;3;2;2;2;2;3;2;3;2;3;2;2;2;2;2;3;2;2;2;2;2;2;2;2;2;2;2;2;2;2;2;2;2;2;2;2;2;2;2;3;2;2;2;3;2;2;2;2;2;2;2;2;2;2;2;2;2;2;2;2;2;2;2;2;2;2;2;2;0;2;2;2;2;2;2;3;0;2;2;2;2;3;2;2;2;2;2;2;2;2;2;2;2;2;2;3;2;2;2;2;2;3;2;2;2;0;3;2;2;2;2;2;3;2;1;2;2;2;2;2;3;2;2;2;2;2;2;2;2;2;2;2;2;2;2;2;2;2;2;2;2;2;2;2;2;2;2;1;2;2;2;2;0,165054963647;0,189055038949;0,657462181573;0,206894815009;0,314743831472;3,12545925402;0;0;0;0
0;0;0;0;0;0;0;0;0;0;0;0;0;0;0;0;0;0;0;0;0;0;0;0;0;0;0;0;0;0;0;0;0;0;0;0;0;0;0;0;0;0;0;0;0;0;0;0;0;0;0;0;0;0;0;0;0;0;0;0;0;0;0;0;0;0;0;0;0;0;0;0;0;0;0;0;0;0;0;0;0;0;0;0;0;0;0;0;0;0;0;0;0;0;0;0;0;0;0;0;0;0;0;0;0;0;0;0;0;0;0;0;0;0;0;0;0;0;0;0;0;0;0;0;0;0;0;0;0;0;0;0;0;0;0;0;0;0;0;0;0;0;0;0;0;0;0;0;0;0;0;0;0;0;0;0;0;0;0;0;0;0;0;0;0;0;0;0;0;0;0;0;0;0;0;0;1;0;0;0;0;0;0;0;0;0;0;0;0;0;0;0;0;0;0;0;0;0;0;0;0;0;0;0;0;0;0;0;0;1;0;0;0;0;0,0105786252684;0,0116572586248;0,507669359466;0,0178257137536;0,0344420686111;5,81452796226;0;0;0;0
0;0;0;0;0;0;0;0;0;0;0;0;0;0;0;0;0;0;0;0;0;0;0;0;0;0;0;0;0;0;0;0;0;0;0;0;0;0;0;0;0;0;0;0;0;0;0;0;0;0;0;0;0;0;0;0;0;0;0;0;0;0;0;0;0;0;0;0;0;0;0;0;0;0;0;0;0;0;0;0;0;0;0;0;0;0;0;0;0;0;0;0;0;0;0;0;0;0;0;0;0;0;0;0;0;0;0;0;0;0;0;0;0;0;0;0;0;0;0;0;0;0;0;0;0;0;0;0;0;0;0;0;0;0;0;0;0;0;0;0;0;0;0;0;0;0;0;0;0;0;0;0;0;0;0;0;0;0;0;0;0;0;0;0;0;0;0;0;0;0;0;0;0;0;0;0;1;0;0;0;0;0;0;0;0;0;0;0;0;0;0;0;0;0;0;0;0;0;0;0;0;0;0;0;0;0;0;0;0;1;0;0;0;0;0,0105786252684;0,0116572586248;0,507669359466;0,0178257137536;0,0344420686111;5,81452796226;0;0;0;0
0;0;0;0;0;0;0;0;0;0;0;0;0;0;0;0;0;0;0;0;0;0;0;0;0;0;0;0;0;0;0;0;0;0;0;0;0;0;0;0;0;0;0;0;0;0;0;0;0;0;0;0;0;0;0;0;0;0;0;0;0;0;0;0;0;0;0;0;0;0;0;0;0;0;0;0;0;0;0;0;0;0;0;0;0;0;0;0;0;0;0;0;0;0;0;0;0;0;0;0;0;0;0;0;0;0;0;0;0;0;0;0;0;0;0;0;0;0;0;0;0;0;0;0;0;0;0;0;0;0;0;0;0;0;0;0;0;0;0;0;0;0;0;0;0;0;0;0;0;0;0;0;0;0;0;0;0;0;0;0;0;0;0;0;0;0;0;0;0;0;0;0;0;0;0;0;1;0;0;0;0;0;0;0;0;0;0;0;0;0;0;0;0;0;0;0;0;0;0;0;0;0;0;0;0;0;0;0;0;1;0;0;0;0;0,0105786252684;0,0116572586248;0,507669359466;0,0178257137536;0,0344420686111;5,81452796226;0;0;0;0
0;0;0;0;0;0;0;0;0;0;0;0;0;0;0;0;0;0;0;0;0;0;0;0;0;0;0;0;0;0;0;0;0;0;0;0;0;0;0;0;0;0;0;0;0;0;0;0;0;0;0;0;0;0;0;0;0;0;0;0;0;0;0;0;0;0;0;0;0;0;0;0;0;0;0;0;0;0;0;0;0;0;0;0;0;0;0;0;0;0;0;0;0;0;0;0;0;0;0;0;0;0;0;0;0;0;0;0;0;0;0;0;0;0;0;0;0;0;0;0;0;0;0;0;0;0;0;0;0;0;0;0;0;0;0;0;0;0;0;0;0;0;0;0;0;0;0;0;0;0;0;0;0;0;0;0;0;0;0;0;0;0;0;0;0;0;0;0;0;0;0;0;0;0;0;0;1;0;0;0;0;0;0;0;0;0;0;0;0;0;0;0;0;0;0;0;0;0;0;0;0;0;0;0;0;0;0;0;0;1;0;0;0;0;0,0105786252684;0,0116572586248;0,507669359466;0,0178257137536;0,0344420686111;5,81452796226;0;0;0;0
0;0;0;0;0;0;0;0;0;0;0;0;0;0;0;0;0;0;0;0;0;0;0;0;0;0;0;0;0;0;0;0;0;0;0;0;0;0;0;0;0;0;0;0;0;0;0;0;0;0;0;0;0;0;0;0;0;0;0;0;0;0;0;0;0;0;0;0;0;0;0;0;0;0;0;0;0;0;0;0;0;0;0;0;0;0;0;0;0;0;0;0;0;0;0;0;0;0;0;0;0;0;0;0;0;0;0;0;0;0;0;0;0;0;0;0;0;0;0;0;0;0;0;0;0;0;0;0;0;0;0;0;0;0;0;0;0;0;0;0;0;0;0;0;0;0;0;0;0;0;0;0;0;0;0;0;0;0;0;0;0;0;0;0;0;0;0;0;0;0;0;0;0;0;0;0;1;0;0;0;0;0;0;0;0;0;0;0;0;0;0;0;0;0;0;0;0;0;0;0;0;0;0;0;0;0;0;0;0;1;0;0;0;0;0,0105786252684;0,0116572586248;0,507669359466;0,0178257137536;0,0344420686111;5,81452796226;0;0;0;0
0;0;0;0;0;0;0;0;0;0;0;0;0;0;0;0;0;0;0;0;0;0;0;0;0;0;0;0;0;0;0;0;0;0;0;0;0;0;0;0;0;0;0;0;0;0;0;0;0;0;0;0;0;0;0;0;0;0;0;0;0;0;0;0;0;0;0;0;0;0;0;0;0;0;0;0;0;0;0;0;0;0;0;0;0;0;0;0;0;0;0;0;0;0;0;0;0;0;0;0;0;0;0;0;0;0;0;0;0;0;0;0;0;0;0;0;0;0;0;0;0;0;0;0;0;0;0;0;0;0;0;0;0;0;0;0;0;0;0;0;0;0;0;0;0;0;0;0;0;0;0;0;0;0;0;0;0;0;0;0;0;0;0;0;0;0;0;0;0;0;0;0;0;0;0;0;1;0;0;0;0;0;0;0;0;0;0;0;0;0;0;0;0;0;0;0;0;0;0;0;0;0;0;0;0;0;0;0;0;1;0;0;0;0;0,0105786252684;0,0116572586248;0,507669359466;0,0178257137536;0,0344420686111;5,81452796226;0;0;0;0
0;0;0;0;0;0;0;0;0;0;0;0;0;0;0;0;0;0;0;0;0;0;0;0;0;0;0;0;0;0;0;0;0;0;0;0;0;0;0;0;0;0;0;0;0;0;0;0;0;0;0;0;0;0;0;0;0;0;0;0;0;0;0;0;0;0;0;0;0;0;0;0;0;0;0;0;0;0;0;0;0;0;0;0;0;0;0;0;0;0;0;0;0;0;0;0;0;0;0;0;0;0;0;0;0;0;0;0;0;0;0;0;0;0;0;0;0;0;0;0;0;0;0;0;0;0;0;0;0;0;0;0;0;0;0;0;0;0;0;0;0;0;0;0;0;0;0;0;0;0;0;0;0;0;0;0;0;0;0;0;0;0;0;0;0;0;0;0;0;0;0;0;0;0;0;0;1;0;0;0;0;0;0;0;0;0;0;0;0;0;0;0;0;0;0;0;0;0;0;0;0;0;0;0;0;0;0;0;0;1;0;0;0;0;0,0105786252684;0,0116572586248;0,507669359466;0,0178257137536;0,0344420686111;5,81452796226;0;0;0;0
0;0;0;0;0;0;0;0;0;0;0;0;0;0;0;0;0;0;0;0;0;0;0;0;0;0;0;0;0;0;0;0;0;0;0;0;0;0;0;0;0;0;0;0;0;0;0;0;0;0;0;0;0;0;0;0;0;0;0;0;0;0;0;0;0;0;0;0;0;0;0;0;0;0;0;0;0;0;0;0;0;0;0;0;0;0;0;0;0;0;0;0;0;0;0;0;0;0;0;0;0;0;0;0;0;0;0;0;0;0;0;0;0;0;0;0;0;0;0;0;0;0;0;0;0;0;0;0;0;0;0;0;0;0;0;0;0;0;0;0;0;0;0;0;0;0;0;0;0;0;0;0;0;0;0;0;0;0;0;0;0;0;0;0;0;0;0;0;0;0;0;0;0;0;0;0;1;0;0;0;0;0;0;0;0;0;0;0;0;0;0;0;0;0;0;0;0;0;0;0;0;0;0;0;0;0;0;0;0;1;0;0;0;0;0,0105786252684;0,0116572586248;0,507669359466;0,0178257137536;0,0344420686111;5,81452796226;0;0;0;0
0;0;0;0;0;0;0;0;0;0;0;0;0;0;0;0;0;0;0;0;0;0;0;0;0;0;0;0;0;0;0;0;0;0;0;0;0;0;0;0;0;0;0;0;0;0;0;0;0;0;0;0;0;0;0;0;0;0;0;0;0;0;0;0;0;0;0;0;0;0;0;0;0;0;0;0;0;0;0;0;0;0;0;0;0;0;0;0;0;0;0;0;0;0;0;0;0;0;0;0;0;0;0;0;0;0;0;0;0;0;0;0;0;0;0;0;0;0;0;0;0;0;0;0;0;0;0;0;0;0;0;0;0;0;0;0;0;0;0;0;0;0;0;0;0;0;0;0;0;0;0;0;0;0;0;0;0;0;0;0;0;0;0;0;0;0;0;0;0;0;0;0;0;0;0;0;1;0;0;0;0;0;0;0;0;0;0;0;0;0;0;0;0;0;0;0;0;0;0;0;0;0;0;0;0;0;0;0;0;1;0;0;0;0;0,0105786252684;0,0116572586248;0,507669359466;0,0178257137536;0,0344420686111;5,81452796226;0;0;0;0
0;0;0;0;0;0;0;0;0;0;0;0;0;0;0;0;0;0;0;0;0;0;0;0;0;0;0;0;0;0;0;0;0;0;0;0;0;0;0;0;0;0;0;0;0;0;0;0;0;0;0;0;0;0;0;0;0;0;0;0;0;0;0;0;0;0;0;0;0;0;0;0;0;0;0;0;0;0;0;0;0;0;0;0;0;0;0;0;0;0;0;0;0;0;0;0;0;0;0;0;0;0;0;0;0;0;0;0;0;0;0;0;0;0;0;0;0;0;0;0;0;0;0;0;0;0;0;0;0;0;0;0;0;0;0;0;0;0;0;0;0;0;0;0;0;0;0;0;0;0;0;0;0;0;0;0;0;0;0;0;0;0;0;0;0;0;0;0;0;0;0;0;0;0;0;0;1;0;0;0;0;0;0;0;0;0;0;0;0;0;0;0;0;0;0;0;0;0;0;0;0;0;0;0;0;0;0;0;0;1;0;0;0;0;0,0105786252684;0,0116572586248;0,507669359466;0,0178257137536;0,0344420686111;5,81452796226;0;0;0;0
0;0;0;0;0;0;0;0;0;0;0;0;0;0;0;0;0;0;0;0;0;0;0;0;0;0;0;0;0;0;0;0;0;0;0;0;0;0;0;0;0;0;0;0;0;0;0;0;0;0;0;0;0;0;0;0;0;0;0;0;0;0;0;0;0;0;0;0;0;0;0;0;0;0;0;0;0;0;0;0;0;0;0;0;0;0;0;0;0;0;0;0;0;0;0;0;0;0;0;0;0;0;0;0;0;0;0;0;0;0;0;0;0;0;0;0;0;0;0;0;0;0;0;0;0;0;0;0;0;0;0;0;0;0;0;0;0;0;0;0;0;0;0;0;0;0;0;0;0;0;0;0;0;0;0;0;0;0;0;0;0;0;0;0;0;0;0;0;0;0;0;0;0;0;0;0;1;0;0;0;0;0;0;0;0;0;0;0;0;0;0;0;0;0;0;0;0;0;0;0;0;0;0;0;0;0;0;0;0;1;0;0;0;0;0,0105786252684;0,0116572586248;0,507669359466;0,0178257137536;0,0344420686111;5,81452796226;0;0;0;0
0;0;0;0;0;0;0;0;0;0;0;0;0;0;0;0;0;0;0;0;0;0;0;0;0;0;0;0;0;0;0;0;0;0;0;0;0;0;0;0;0;0;0;0;0;0;0;0;0;0;0;0;0;0;0;0;0;0;0;0;0;0;0;0;0;0;0;0;0;0;0;0;0;0;0;0;0;0;0;0;0;0;0;0;0;0;0;0;0;0;0;0;0;0;0;0;0;0;0;0;0;0;0;0;0;0;0;0;0;0;0;0;0;0;0;0;0;0;0;0;0;0;0;0;0;0;0;0;0;0;0;0;0;0;0;0;0;0;0;0;0;0;0;0;0;0;0;0;0;0;0;0;0;0;0;0;0;0;0;0;0;0;0;0;0;0;0;0;0;0;0;0;0;0;0;0;1;0;0;0;0;0;0;0;0;0;0;0;0;0;0;0;0;0;0;0;0;0;0;0;0;0;0;0;0;0;0;0;0;1;0;0;0;0;0,0105786252684;0,0116572586248;0,507669359466;0,0178257137536;0,0344420686111;5,81452796226;0;0;0;0
0;0;0;0;0;0;0;0;0;0;0;0;0;0;0;0;0;0;0;0;0;0;0;0;0;0;0;0;0;0;0;0;0;0;0;0;0;0;0;0;0;0;0;0;0;0;0;0;0;0;0;0;0;0;0;0;0;0;0;0;0;0;0;0;0;0;0;0;0;0;0;0;0;0;0;0;0;0;0;0;0;0;0;0;0;0;0;0;0;0;0;0;0;0;0;0;0;0;0;0;0;0;0;0;0;0;0;0;0;0;0;0;0;0;0;0;0;0;0;0;0;0;0;0;0;0;0;0;0;0;0;0;0;0;0;0;0;0;0;0;0;0;0;0;0;0;0;0;0;0;0;0;0;0;0;0;0;0;0;0;0;0;0;0;0;0;0;0;0;0;0;0;0;0;0;0;1;0;0;0;0;0;0;0;0;0;0;0;0;0;0;0;0;0;0;0;0;0;0;0;0;0;0;0;0;0;0;0;0;1;0;0;0;0;0,0105786252684;0,0116572586248;0,507669359466;0,0178257137536;0,0344420686111;5,81452796226;0;0;0;0
0;0;0;0;0;0;0;0;0;0;0;0;0;0;0;0;0;0;0;0;0;0;0;0;0;0;0;0;0;0;0;0;0;0;0;0;0;0;0;0;0;0;0;0;0;0;0;0;0;0;0;0;0;0;0;0;0;0;0;0;0;0;0;0;0;0;0;0;0;0;0;0;0;0;0;0;0;0;0;0;0;0;0;0;0;0;0;0;0;0;0;0;0;0;0;0;0;0;0;0;0;0;0;0;0;0;0;0;0;0;0;0;0;0;0;0;0;0;0;0;0;0;0;0;0;0;0;0;0;0;0;0;0;0;0;0;0;0;0;0;0;0;0;0;0;0;0;0;0;0;0;0;0;0;0;0;0;0;0;0;0;0;0;0;0;0;0;0;0;0;0;0;0;0;0;0;1;0;0;0;0;0;0;0;0;0;0;0;0;0;0;0;0;0;0;0;0;0;0;0;0;0;0;0;0;0;0;0;0;1;0;0;0;0;0,0105786252684;0,0116572586248;0,507669359466;0,0178257137536;0,0344420686111;5,81452796226;0;0;0;0
0;0;0;0;0;0;0;0;0;0;0;0;0;0;0;0;0;0;0;0;0;0;0;0;0;0;0;0;0;0;0;0;0;0;0;0;0;0;0;0;0;0;0;0;0;0;0;0;0;0;0;0;0;0;0;0;0;0;0;0;0;0;0;0;0;0;0;0;0;0;0;0;0;0;0;0;0;0;0;0;0;0;0;0;0;0;0;0;0;0;0;0;0;0;0;0;0;0;0;0;0;0;0;0;0;0;0;0;0;0;0;0;0;0;0;0;0;0;0;0;0;0;0;0;0;0;0;0;0;0;0;0;0;0;0;0;0;0;0;0;0;0;0;0;0;0;0;0;0;0;0;0;0;0;0;0;0;0;0;0;0;0;0;0;0;0;0;0;0;0;0;0;0;0;0;0;1;0;0;0;0;0;0;0;0;0;0;0;0;0;0;0;0;0;0;0;0;0;0;0;0;0;0;0;0;0;0;0;0;1;0;0;0;0;0,0105786252684;0,0116572586248;0,507669359466;0,0178257137536;0,0344420686111;5,81452796226;0;0;0;0
0;0;0;0;0;0;0;0;0;0;0;0;0;0;0;0;0;0;0;0;0;0;0;0;0;0;0;0;0;0;0;0;0;0;0;0;0;0;0;0;0;0;0;0;0;0;0;0;0;0;0;0;0;0;0;0;0;0;0;0;0;0;0;0;0;0;0;0;0;0;0;0;0;0;0;0;0;0;0;0;0;0;0;0;0;0;0;0;0;0;0;0;0;0;0;0;0;0;0;0;0;0;0;0;0;0;0;0;0;0;0;0;0;0;0;0;0;0;0;0;0;0;0;0;0;0;0;0;0;0;0;0;0;0;0;0;0;0;0;0;0;0;0;0;0;0;0;0;0;0;0;0;0;0;0;0;0;0;0;0;0;0;0;0;0;0;0;0;0;0;0;0;0;0;0;0;1;0;0;0;0;0;0;0;0;0;0;0;0;0;0;0;0;0;0;0;0;0;0;0;0;0;0;0;0;0;0;0;0;1;0;0;0;0;0,0105786252684;0,0116572586248;0,507669359466;0,0178257137536;0,0344420686111;5,81452796226;0;0;0;0
0;0;0;0;0;0;0;0;0;0;0;0;0;0;0;0;0;0;0;0;0;0;0;0;0;0;0;0;0;0;0;0;0;0;0;0;0;0;0;0;0;0;0;0;0;0;0;0;0;0;0;0;0;0;0;0;0;0;0;0;0;0;0;0;0;0;0;0;0;0;0;0;0;0;0;0;0;0;0;0;0;0;0;0;0;0;0;0;0;0;0;0;0;0;0;0;0;0;0;0;0;0;0;0;0;0;0;0;0;0;0;0;0;0;0;0;0;0;0;0;0;0;0;0;0;0;0;0;0;0;0;0;0;0;0;0;0;0;0;0;0;0;0;0;0;0;0;0;0;0;0;0;0;0;0;0;0;0;0;0;0;0;0;0;0;0;0;0;0;0;0;0;0;0;0;0;1;0;0;0;0;0;0;0;0;0;0;0;0;0;0;0;0;0;0;0;0;0;0;0;0;0;0;0;0;0;0;0;0;1;0;0;0;0;0,0105786252684;0,0116572586248;0,507669359466;0,0178257137536;0,0344420686111;5,81452796226;0;0;0;0
0;0;0;0;0;0;0;0;0;0;0;0;0;0;0;0;0;0;0;0;0;0;0;0;0;0;0;0;0;0;0;0;0;0;0;0;0;0;0;0;0;0;0;0;0;0;0;0;0;0;0;0;0;0;0;0;0;0;0;0;0;0;0;0;0;0;0;0;0;0;0;0;0;0;0;0;0;0;0;0;0;0;0;0;0;0;0;0;0;0;0;0;0;0;0;0;0;0;0;0;0;0;0;0;0;0;0;0;0;0;0;0;0;0;0;0;0;0;0;0;0;0;0;0;0;0;0;0;0;0;0;0;0;0;0;0;0;0;0;0;0;0;0;0;0;0;0;0;0;0;0;0;0;0;0;0;0;0;0;0;0;0;0;0;0;0;0;0;0;0;0;0;0;0;0;0;1;0;0;0;0;0;0;0;0;0;0;0;0;0;0;0;0;0;0;0;0;0;0;0;0;0;0;0;0;0;0;0;0;1;0;0;0;0;0,0105786252684;0,0116572586248;0,507669359466;0,0178257137536;0,0344420686111;5,81452796226;0;0;0;0
0;0;0;0;0;0;0;0;0;0;0;0;0;0;0;0;0;0;0;0;0;0;0;0;0;0;0;0;0;0;0;0;0;0;0;0;0;0;0;0;0;0;0;0;0;0;0;0;0;0;0;0;0;0;0;0;0;0;0;0;0;0;0;0;0;0;0;0;0;0;0;0;0;0;0;0;0;0;0;0;0;0;0;0;0;0;0;0;0;0;0;0;0;0;0;0;0;0;0;0;0;0;0;0;0;0;0;0;0;0;0;0;0;0;0;0;0;0;0;0;0;0;0;0;0;0;0;0;0;0;0;0;0;0;0;0;0;0;0;0;0;0;0;0;0;0;0;0;0;0;0;0;0;0;0;0;0;0;0;0;0;0;0;0;0;0;0;0;0;0;0;0;0;0;0;0;1;0;0;0;0;0;0;0;0;0;0;0;0;0;0;0;0;0;0;0;0;0;0;0;0;0;0;0;0;0;0;0;0;1;0;0;0;0;0,0105786252684;0,0116572586248;0,507669359466;0,0178257137536;0,0344420686111;5,81452796226;0;0;0;0
