10;40;30;db;Cosine;1;1
4;4;4;4;4;4;4;5;4;3;4;4;4;4;4;4;4;6;4;4;6;4;4;2;4;4;6;4;4;4;4;4;4;4;4;4;0;4;4;4;4;4;4;6;6;4;4;4;4;4;3;4;4;4;6;6;4;4;4;4;4;4;4;4;4;4;6;4;4;2;4;4;4;4;4;1;4;4;4;4;4;4;4;4;4;4;6;4;4;4;4;4;4;4;4;4;4;4;4;4;4;0;0;4;4;4;4;4;4;1;4;4;3;3;3;4;4;4;4;4;5;4;4;4;3;4;4;4;4;4;4;4;4;4;4;4;4;4;4;4;4;4;6;3;6;4;4;4;4;4;4;3;4;4;4;4;4;4;4;4;4;4;0;4;4;4;6;4;4;0;4;4;4;4;4;4;4;4;4;4;4;4;4;4;4;4;4;4;3;4;4;4;4;3;4;6;4;4;4;4;4;4;4;4;4;4;0;4;4;6;4;6;4;4;0,0548448256997;0,0839388985103;0,261663908975;0,124476112822;0,16869997626;11,5351427448;0;0;0;0
2;2;1;1;2;2;1;5;1;4;5;1;1;2;5;1;2;4;1;4;1;1;2;5;2;5;1;2;2;4;1;1;1;2;1;1;4;2;1;1;2;1;4;1;1;2;1;4;1;1;4;1;2;2;2;1;5;1;1;1;1;5;5;1;2;2;4;2;2;5;1;2;2;4;1;5;1;1;1;1;2;4;1;4;1;2;4;2;1;5;1;5;1;1;5;1;5;4;1;1;1;0;4;2;2;2;1;1;1;3;2;5;4;4;4;5;3;1;2;1;5;1;4;1;5;4;4;2;1;2;4;1;1;1;1;1;1;5;1;1;1;1;1;4;1;1;2;1;1;4;1;4;1;2;2;2;4;1;1;1;2;2;0;2;2;1;1;2;1;0;5;2;5;1;5;1;1;1;2;1;4;2;1;4;2;1;2;5;4;2;5;2;5;4;1;1;1;1;1;2;1;1;1;1;1;2;4;1;2;4;1;1;1;1;0,235545666267;0,329491584694;0,400941639658;0,355522322596;0,376868456581;11,7311842137;0;0;0;0
2;2;1;1;2;2;1;5;1;4;5;1;1;2;5;1;2;4;1;4;1;1;2;5;2;5;1;2;2;4;1;1;1;2;1;1;4;2;1;1;2;1;4;1;1;2;1;4;1;1;4;1;2;2;2;1;5;1;1;1;1;5;5;1;2;2;4;2;2;5;1;2;2;4;1;5;1;1;1;1;2;4;1;4;1;2;4;2;1;5;1;5;1;1;5;1;5;4;1;1;1;0;4;2;2;2;1;1;1;3;2;5;4;4;4;5;3;1;2;1;5;1;4;1;5;4;4;2;1;2;4;1;1;1;1;1;1;5;1;1;1;1;1;4;1;1;2;1;1;4;1;4;1;2;2;2;4;1;1;1;2;2;0;2;2;1;1;2;1;0;5;2;5;1;5;1;1;1;2;1;4;2;1;4;2;1;2;5;4;2;5;2;5;4;1;1;1;1;1;2;1;1;1;1;1;2;4;1;2;4;1;1;1;1;0,235545666267;0,329491584694;0,400941639658;0,355522322596;0,376868456581;11,7311842137;0;0;0;0
3;3;3;3;3;3;3;1;3;4;4;3;3;3;4;3;3;4;3;4;3;3;3;1;3;4;3;3;3;4;3;3;3;3;3;3;2;3;3;3;3;3;4;3;3;3;3;4;3;3;4;3;4;1;3;3;4;3;3;3;3;4;1;3;3;3;4;3;3;1;3;3;3;4;3;3;3;3;3;3;3;4;3;4;3;3;4;3;3;3;3;4;3;3;4;3;4;4;3;3;3;0;2;3;3;3;3;3;3;5;3;4;4;4;4;4;3;3;3;3;1;3;4;3;0;4;4;3;3;3;4;3;3;3;3;3;3;4;3;3;3;3;3;4;3;3;3;3;3;4;3;4;3;3;3;3;4;3;3;3;3;3;0;3;3;3;3;3;3;0;4;3;3;3;3;3;3;3;3;3;4;3;3;4;3;3;3;3;4;3;4;3;4;4;3;5;3;3;3;3;3;3;3;2;3;3;2;3;3;4;3;3;3;3;0,259168020557;0,27385069498;0,531878474682;0,301309897199;0,384691514998;13,5892068327;0;0;0;0
3;3;3;3;3;3;3;2;3;0;3;3;3;3;3;3;3;0;3;0;3;3;3;2;3;2;3;3;3;0;3;3;3;3;3;3;3;3;3;3;3;3;0;3;3;3;3;0;3;3;0;3;1;3;3;3;3;3;3;3;3;3;2;3;3;3;0;3;3;2;3;3;3;3;3;2;3;3;3;3;3;0;3;3;3;3;0;3;3;3;3;2;3;3;2;3;3;3;3;3;3;1;0;3;3;3;3;3;3;2;3;3;0;0;0;3;3;3;3;3;2;3;0;3;3;0;0;3;3;3;3;3;3;3;3;3;3;3;3;3;3;3;3;0;3;3;3;3;3;3;3;0;3;3;3;3;0;3;3;3;3;3;0;3;3;3;3;3;3;1;3;3;3;3;2;3;3;3;3;3;3;3;3;0;3;3;3;3;0;3;3;3;3;0;3;2;3;3;3;3;3;3;3;3;3;3;0;3;3;0;3;3;3;3;0,175051993135;0,218353597607;0,551640370693;0,237457296644;0,332002074183;13,8169745573;0;0;0;0
3;3;3;3;3;3;3;2;3;0;3;3;3;3;3;3;3;0;3;0;3;3;3;2;3;2;3;3;3;0;3;3;3;3;3;3;3;3;3;3;3;3;0;3;3;3;3;0;3;3;0;3;3;3;3;3;3;3;3;3;3;3;2;3;3;3;0;3;3;2;3;3;3;3;3;2;3;3;3;3;3;0;3;3;3;3;0;3;3;3;3;2;3;3;3;3;3;3;3;3;3;1;0;3;3;3;3;3;3;2;3;3;0;0;0;3;3;3;3;3;2;3;0;3;3;0;0;3;3;3;3;3;3;3;3;3;3;3;3;3;3;3;3;0;3;3;3;3;3;3;3;0;3;3;3;3;0;3;3;3;3;3;0;3;3;3;3;3;3;1;3;3;3;3;2;3;3;3;3;3;3;3;3;0;3;3;3;3;0;3;3;3;3;0;3;2;3;3;3;3;3;3;3;3;3;3;0;3;3;0;3;3;3;3;0,169713622037;0,211894604538;0,563693965796;0,230482449553;0,327185656798;17,6023891696;0;0;0;0
3;3;3;3;3;3;3;2;3;0;3;3;3;3;3;3;3;0;3;0;3;3;3;2;3;2;3;3;3;0;3;3;3;3;3;3;3;3;3;3;3;3;0;3;3;3;3;0;3;3;0;3;3;3;3;3;3;3;3;3;3;3;2;3;3;3;0;3;3;2;3;3;3;3;3;2;3;3;3;3;3;0;3;3;3;3;0;3;3;3;3;2;3;3;3;3;3;3;3;3;3;1;0;3;3;3;3;3;3;2;3;3;0;0;0;3;3;3;3;3;2;3;0;3;3;0;0;3;3;3;3;3;3;3;3;3;3;3;3;3;3;3;3;0;3;3;3;3;3;3;3;0;3;3;3;3;0;3;3;3;3;3;0;3;3;3;3;3;3;1;3;3;3;3;2;3;3;3;3;3;3;3;3;0;3;3;3;3;0;3;3;3;3;0;3;2;3;3;3;3;3;3;3;3;3;3;0;3;3;0;3;3;3;3;0,169713622037;0,211894604538;0,563693965796;0,230482449553;0,327185656798;17,6023891696;0;0;0;0
3;3;3;3;3;3;3;2;3;0;3;3;3;3;3;3;3;0;3;0;3;3;3;2;3;2;3;3;3;0;3;3;3;3;3;3;3;3;3;3;3;3;0;3;3;3;3;0;3;3;0;3;3;3;3;3;3;3;3;3;3;3;2;3;3;3;0;3;3;2;3;3;3;3;3;2;3;3;3;3;3;0;3;3;3;3;0;3;3;3;3;2;3;3;3;3;3;3;3;3;3;1;0;3;3;3;3;3;3;2;3;3;0;0;0;3;3;3;3;3;2;3;0;3;3;0;0;3;3;3;3;3;3;3;3;3;3;3;3;3;3;3;3;0;3;3;3;3;3;3;3;0;3;3;3;3;0;3;3;3;3;3;0;3;3;3;3;3;3;1;3;3;3;3;2;3;3;3;3;3;3;3;3;0;3;3;3;3;0;3;3;3;3;0;3;2;3;3;3;3;3;3;3;3;3;3;0;3;3;0;3;3;3;3;0,169713622037;0,211894604538;0,563693965796;0,230482449553;0,327185656798;17,6023891696;0;0;0;0
3;3;3;3;3;3;3;2;3;0;3;3;3;3;3;3;3;0;3;0;3;3;3;2;3;2;3;3;3;0;3;3;3;3;3;3;3;3;3;3;3;3;0;3;3;3;3;0;3;3;0;3;3;3;3;3;3;3;3;3;3;3;2;3;3;3;0;3;3;2;3;3;3;3;3;2;3;3;3;3;3;0;3;3;3;3;0;3;3;3;3;2;3;3;3;3;3;3;3;3;3;1;0;3;3;3;3;3;3;2;3;3;0;0;0;3;3;3;3;3;2;3;0;3;3;0;0;3;3;3;3;3;3;3;3;3;3;3;3;3;3;3;3;0;3;3;3;3;3;3;3;0;3;3;3;3;0;3;3;3;3;3;0;3;3;3;3;3;3;1;3;3;3;3;2;3;3;3;3;3;3;3;3;0;3;3;3;3;0;3;3;3;3;0;3;2;3;3;3;3;3;3;3;3;3;3;0;3;3;0;3;3;3;3;0,169713622037;0,211894604538;0,563693965796;0,230482449553;0,327185656798;17,6023891696;0;0;0;0
3;3;3;3;3;3;3;2;3;0;3;3;3;3;3;3;3;0;3;0;3;3;3;2;3;2;3;3;3;0;3;3;3;3;3;3;3;3;3;3;3;3;0;3;3;3;3;0;3;3;0;3;3;3;3;3;3;3;3;3;3;3;2;3;3;3;0;3;3;2;3;3;3;3;3;2;3;3;3;3;3;0;3;3;3;3;0;3;3;3;3;2;3;3;3;3;3;3;3;3;3;1;0;3;3;3;3;3;3;2;3;3;0;0;0;3;3;3;3;3;2;3;0;3;3;0;0;3;3;3;3;3;3;3;3;3;3;3;3;3;3;3;3;0;3;3;3;3;3;3;3;0;3;3;3;3;0;3;3;3;3;3;0;3;3;3;3;3;3;1;3;3;3;3;2;3;3;3;3;3;3;3;3;0;3;3;3;3;0;3;3;3;3;0;3;2;3;3;3;3;3;3;3;3;3;3;0;3;3;0;3;3;3;3;0,169713622037;0,211894604538;0,563693965796;0,230482449553;0,327185656798;17,6023891696;0;0;0;0
3;3;3;3;3;3;3;3;3;0;3;3;3;3;3;3;3;0;3;0;3;3;3;2;3;3;3;3;3;0;3;3;3;3;3;3;3;3;3;3;3;3;0;3;3;3;3;0;3;3;0;3;3;3;3;3;3;3;3;3;3;3;2;3;3;3;0;3;3;2;3;3;3;3;3;2;3;3;3;3;3;0;3;3;3;3;0;3;3;3;3;3;3;3;3;3;3;3;3;3;3;1;0;3;3;3;3;3;3;2;3;3;0;0;0;3;3;3;3;3;2;3;0;3;3;0;0;3;3;3;3;3;3;3;3;3;3;3;3;3;3;3;3;0;3;3;3;3;3;3;3;0;3;3;3;3;0;3;3;3;3;3;0;3;3;3;3;3;3;1;3;3;3;3;2;3;3;3;3;3;3;3;3;0;3;3;3;3;0;3;3;3;3;0;3;2;3;3;3;3;3;3;3;3;3;3;3;3;3;0;3;3;3;3;0,148804427976;0,186441859466;0,546905458312;0,205450785877;0,298694021824;18,2831682859;0;0;0;0
3;3;3;3;3;3;3;3;3;0;3;3;3;3;3;3;3;0;3;0;3;3;3;2;3;3;3;3;3;0;3;3;3;3;3;3;3;3;3;3;3;3;0;3;3;3;3;0;3;3;0;3;3;3;3;3;3;3;3;3;3;3;2;3;3;3;0;3;3;2;3;3;3;3;3;2;3;3;3;3;3;0;3;3;3;3;0;3;3;3;3;3;3;3;3;3;3;3;3;3;3;1;0;3;3;3;3;3;3;2;3;3;0;0;0;3;3;3;3;3;2;3;0;3;3;0;0;3;3;3;3;3;3;3;3;3;3;3;3;3;3;3;3;0;3;3;3;3;3;3;3;0;3;3;3;3;0;3;3;3;3;3;0;3;3;3;3;3;3;1;3;3;3;3;2;3;3;3;3;3;3;3;3;0;3;3;3;3;0;3;3;3;3;0;3;2;3;3;3;3;3;3;3;3;3;3;3;3;3;0;3;3;3;3;0,148804427976;0,186441859466;0,546905458312;0,205450785877;0,298694021824;18,2831682859;0;0;0;0
3;3;3;3;3;3;3;3;3;0;3;3;3;3;3;3;3;0;3;0;3;3;3;2;3;3;3;3;3;0;3;3;3;3;3;3;3;3;3;3;3;3;0;3;3;3;3;0;3;3;0;3;3;3;3;3;3;3;3;3;3;3;2;3;3;3;0;3;3;2;3;3;3;3;3;2;3;3;3;3;3;0;3;3;3;3;0;3;3;3;3;3;3;3;3;3;3;3;3;3;3;1;0;3;3;3;3;3;3;2;3;3;0;0;0;3;3;3;3;3;3;3;0;3;3;0;0;3;3;3;3;3;3;3;3;3;3;3;3;3;3;3;3;0;3;3;3;3;3;3;3;0;3;3;3;3;0;3;3;3;3;3;0;3;3;3;3;3;3;1;3;3;3;3;2;3;3;3;3;3;3;3;3;0;3;3;3;3;0;3;3;3;3;0;3;2;3;3;3;3;3;3;3;3;3;3;3;3;3;0;3;3;3;3;0,150855416997;0,184575538537;0,556330830224;0,203518712305;0,29801619359;18,9149745415;0;0;0;0
3;3;3;3;3;3;3;3;3;0;3;3;3;3;3;3;3;0;3;0;3;3;3;2;3;3;3;3;3;0;3;3;3;3;3;3;3;3;3;3;3;3;0;3;3;3;3;0;3;3;0;3;3;3;3;3;3;3;3;3;3;3;2;3;3;3;0;3;3;2;3;3;3;3;3;2;3;3;3;3;3;0;3;3;3;3;0;3;3;3;3;3;3;3;3;3;3;3;3;3;3;1;0;3;3;3;3;3;3;2;3;3;0;0;0;3;3;3;3;3;3;3;0;3;3;0;0;3;3;3;3;3;3;3;3;3;3;3;3;3;3;3;3;0;3;3;3;3;3;3;3;0;3;3;3;3;0;3;3;3;3;3;0;3;3;3;3;3;3;1;3;3;3;3;2;3;3;3;3;3;3;3;3;0;3;3;3;3;0;3;3;3;3;0;3;2;3;3;3;3;3;3;3;3;3;3;3;3;3;0;3;3;3;3;0,150855416997;0,184575538537;0,556330830224;0,203518712305;0,29801619359;18,9149745415;0;0;0;0
3;3;3;3;3;3;3;3;3;0;3;3;3;3;3;3;3;0;3;0;3;3;3;2;3;3;3;3;3;0;3;3;3;3;3;3;3;3;3;3;3;3;0;3;3;3;3;0;3;3;0;3;3;3;3;3;3;3;3;3;3;3;2;3;3;3;0;3;3;2;3;3;3;3;3;2;3;3;3;3;3;0;3;3;3;3;0;3;3;3;3;3;3;3;3;3;3;3;3;3;3;1;0;3;3;3;3;3;3;2;3;3;0;0;0;3;3;3;3;3;3;3;0;3;3;0;0;3;3;3;3;3;3;3;3;3;3;3;3;3;3;3;3;0;3;3;3;3;3;3;3;0;3;3;3;3;0;3;3;3;3;3;0;3;3;3;3;3;3;1;3;3;3;3;2;3;3;3;3;3;3;3;3;0;3;3;3;3;0;3;3;3;3;0;3;2;3;3;3;3;3;3;3;3;3;3;3;3;3;0;3;3;3;3;0,150855416997;0,184575538537;0,556330830224;0,203518712305;0,29801619359;18,9149745415;0;0;0;0
3;3;3;3;3;3;3;3;3;0;3;3;3;3;3;3;3;0;3;0;3;3;3;2;3;3;3;3;3;0;3;3;3;3;3;3;3;3;3;3;3;3;0;3;3;3;3;0;3;3;0;3;3;3;3;3;3;3;3;3;3;3;2;3;3;3;0;3;3;2;3;3;3;3;3;2;3;3;3;3;3;0;3;3;3;3;0;3;3;3;3;3;3;3;3;3;3;3;3;3;3;1;0;3;3;3;3;3;3;2;3;3;0;0;0;3;3;3;3;3;3;3;0;3;3;0;0;3;3;3;3;3;3;3;3;3;3;3;3;3;3;3;3;0;3;3;3;3;3;3;3;0;3;3;3;3;0;3;3;3;3;3;0;3;3;3;3;3;3;1;3;3;3;3;3;3;3;3;3;3;3;3;3;0;3;3;3;3;0;3;3;3;3;0;3;2;3;3;3;3;3;3;3;3;3;3;3;3;3;0;3;3;3;3;0,144450558168;0,179740404412;0,558753089128;0,198650486618;0,293097568084;19,3873004606;0;0;0;0
3;3;3;3;3;3;3;3;3;0;3;3;3;3;3;3;3;0;3;0;3;3;3;3;3;3;3;3;3;0;3;3;3;3;3;3;3;3;3;3;3;3;0;3;3;3;3;0;3;3;0;3;3;3;3;3;3;3;3;3;3;3;2;3;3;3;0;3;3;2;3;3;3;3;3;2;3;3;3;3;3;0;3;3;3;3;0;3;3;3;3;3;3;3;3;3;3;3;3;3;3;1;0;3;3;3;3;3;3;2;3;3;0;0;0;3;3;3;3;3;3;3;0;3;3;0;0;3;3;3;3;3;3;3;3;3;3;3;3;3;3;3;3;0;3;3;3;3;3;3;3;0;3;3;3;3;0;3;3;3;3;3;0;3;3;3;3;3;3;1;3;3;3;3;3;3;3;3;3;3;3;3;3;0;3;3;3;3;0;3;3;3;3;0;3;2;3;3;3;3;3;3;3;3;3;3;3;3;3;0;3;3;3;3;0,146620186249;0,177626821446;0,569754152275;0,196388744631;0,292095125245;20,8918412861;0;0;0;0
3;3;3;3;3;3;3;3;3;0;3;3;3;3;3;3;3;0;3;0;3;3;3;3;3;3;3;3;3;0;3;3;3;3;3;3;3;3;3;3;3;3;0;3;3;3;3;0;3;3;0;3;3;3;3;3;3;3;3;3;3;3;2;3;3;3;0;3;3;2;3;3;3;3;3;2;3;3;3;3;3;0;3;3;3;3;0;3;3;3;3;3;3;3;3;3;3;3;3;3;3;1;0;3;3;3;3;3;3;2;3;3;0;0;0;3;3;3;3;3;3;3;0;3;3;0;0;3;3;3;3;3;3;3;3;3;3;3;3;3;3;3;3;0;3;3;3;3;3;3;3;0;3;3;3;3;0;3;3;3;3;3;0;3;3;3;3;3;3;1;3;3;3;3;3;3;3;3;3;3;3;3;3;0;3;3;3;3;0;3;3;3;3;0;3;2;3;3;3;3;3;3;3;3;3;3;3;3;3;0;3;3;3;3;0,146620186249;0,177626821446;0,569754152275;0,196388744631;0,292095125245;20,8918412861;0;0;0;0
3;3;3;3;3;3;3;3;3;0;3;3;3;3;3;3;3;0;3;0;3;3;3;3;3;3;3;3;3;0;3;3;3;3;3;3;3;3;3;3;3;3;0;3;3;3;3;0;3;3;0;3;3;3;3;3;3;3;3;3;3;3;2;3;3;3;0;3;3;2;3;3;3;3;3;2;3;3;3;3;3;0;3;3;3;3;0;3;3;3;3;3;3;3;3;3;3;3;3;3;3;1;0;3;3;3;3;3;3;2;3;3;0;0;0;3;3;3;3;3;3;3;0;3;3;0;0;3;3;3;3;3;3;3;3;3;3;3;3;3;3;3;3;0;3;3;3;3;3;3;3;0;3;3;3;3;0;3;3;3;3;3;0;3;3;3;3;3;3;1;3;3;3;3;3;3;3;3;3;3;3;3;3;0;3;3;3;3;0;3;3;3;3;0;3;2;3;3;3;3;3;3;3;3;3;3;3;3;3;0;3;3;3;3;0,146620186249;0,177626821446;0,569754152275;0,196388744631;0,292095125245;20,8918412861;0;0;0;0
3;3;3;3;3;3;3;3;3;0;3;3;3;3;3;3;3;0;3;0;3;3;3;3;3;3;3;3;3;0;3;3;3;3;3;3;3;3;3;3;3;3;0;3;3;3;3;0;3;3;0;3;3;3;3;3;3;3;3;3;3;3;2;3;3;3;0;3;3;2;3;3;3;3;3;2;3;3;3;3;3;0;3;3;3;3;0;3;3;3;3;3;3;3;3;3;3;3;3;3;3;1;0;3;3;3;3;3;3;2;3;3;0;0;0;3;3;3;3;3;3;3;0;3;3;0;0;3;3;3;3;3;3;3;3;3;3;3;3;3;3;3;3;0;3;3;3;3;3;3;3;0;3;3;3;3;0;3;3;3;3;3;0;3;3;3;3;3;3;1;3;3;3;3;3;3;3;3;3;3;3;3;3;0;3;3;3;3;0;3;3;3;3;0;3;2;3;3;3;3;3;3;3;3;3;3;3;3;3;0;3;3;3;3;0,146620186249;0,177626821446;0,569754152275;0,196388744631;0,292095125245;20,8918412861;0;0;0;0
3;3;3;3;3;3;3;3;3;0;3;3;3;3;3;3;3;0;3;0;3;3;3;3;3;3;3;3;3;0;3;3;3;3;3;3;3;3;3;3;3;3;0;3;3;3;3;0;3;3;0;3;3;3;3;3;3;3;3;3;3;3;2;3;3;3;0;3;3;2;3;3;3;3;3;2;3;3;3;3;3;0;3;3;3;3;0;3;3;3;3;3;3;3;3;3;3;3;3;3;3;1;0;3;3;3;3;3;3;2;3;3;0;0;0;3;3;3;3;3;3;3;0;3;3;0;0;3;3;3;3;3;3;3;3;3;3;3;3;3;3;3;3;0;3;3;3;3;3;3;3;0;3;3;3;3;0;3;3;3;3;3;0;3;3;3;3;3;3;1;3;3;3;3;3;3;3;3;3;3;3;3;3;0;3;3;3;3;0;3;3;3;3;0;3;2;3;3;3;3;3;3;3;3;3;3;3;3;3;0;3;3;3;3;0,146620186249;0,177626821446;0,569754152275;0,196388744631;0,292095125245;20,8918412861;0;0;0;0
3;3;3;3;3;3;3;3;3;0;3;3;3;3;3;3;3;0;3;0;3;3;3;3;3;3;3;3;3;0;3;3;3;3;3;3;3;3;3;3;3;3;0;3;3;3;3;0;3;3;0;3;3;3;3;3;3;3;3;3;3;3;2;3;3;3;0;3;3;2;3;3;3;3;3;2;3;3;3;3;3;0;3;3;3;3;0;3;3;3;3;3;3;3;3;3;3;3;3;3;3;1;0;3;3;3;3;3;3;2;3;3;0;0;0;3;3;3;3;3;3;3;0;3;3;0;0;3;3;3;3;3;3;3;3;3;3;3;3;3;3;3;3;0;3;3;3;3;3;3;3;0;3;3;3;3;0;3;3;3;3;3;0;3;3;3;3;3;3;1;3;3;3;3;3;3;3;3;3;3;3;3;3;0;3;3;3;3;0;3;3;3;3;0;3;2;3;3;3;3;3;3;3;3;3;3;3;3;3;0;3;3;3;3;0,146620186249;0,177626821446;0,569754152275;0,196388744631;0,292095125245;20,8918412861;0;0;0;0
3;3;3;3;3;3;3;3;3;0;3;3;3;3;3;3;3;0;3;0;3;3;3;3;3;3;3;3;3;0;3;3;3;3;3;3;3;3;3;3;3;3;0;3;3;3;3;0;3;3;0;3;3;3;3;3;3;3;3;3;3;3;2;3;3;3;0;3;3;2;3;3;3;3;3;2;3;3;3;3;3;0;3;3;3;3;0;3;3;3;3;3;3;3;3;3;3;3;3;3;3;1;0;3;3;3;3;3;3;2;3;3;0;0;0;3;3;3;3;3;3;3;0;3;3;0;0;3;3;3;3;3;3;3;3;3;3;3;3;3;3;3;3;0;3;3;3;3;3;3;3;0;3;3;3;3;0;3;3;3;3;3;0;3;3;3;3;3;3;1;3;3;3;3;3;3;3;3;3;3;3;3;3;0;3;3;3;3;0;3;3;3;3;0;3;2;3;3;3;3;3;3;3;3;3;3;3;3;3;0;3;3;3;3;0,146620186249;0,177626821446;0,569754152275;0,196388744631;0,292095125245;20,8918412861;0;0;0;0
3;3;3;3;3;3;3;3;3;0;3;3;3;3;3;3;3;0;3;0;3;3;3;3;3;3;3;3;3;0;3;3;3;3;3;3;3;3;3;3;3;3;0;3;3;3;3;0;3;3;0;3;3;3;3;3;3;3;3;3;3;3;2;3;3;3;0;3;3;2;3;3;3;3;3;2;3;3;3;3;3;0;3;3;3;3;0;3;3;3;3;3;3;3;3;3;3;3;3;3;3;1;0;3;3;3;3;3;3;2;3;3;0;0;0;3;3;3;3;3;3;3;0;3;3;0;0;3;3;3;3;3;3;3;3;3;3;3;3;3;3;3;3;0;3;3;3;3;3;3;3;0;3;3;3;3;0;3;3;3;3;3;0;3;3;3;3;3;3;1;3;3;3;3;3;3;3;3;3;3;3;3;3;0;3;3;3;3;0;3;3;3;3;0;3;2;3;3;3;3;3;3;3;3;3;3;3;3;3;0;3;3;3;3;0,146620186249;0,177626821446;0,569754152275;0,196388744631;0,292095125245;20,8918412861;0;0;0;0
3;3;3;3;3;3;3;3;3;0;3;3;3;3;3;3;3;0;3;0;3;3;3;3;3;3;3;3;3;0;3;3;3;3;3;3;3;3;3;3;3;3;0;3;3;3;3;0;3;3;0;3;3;3;3;3;3;3;3;3;3;3;2;3;3;3;0;3;3;2;3;3;3;3;3;2;3;3;3;3;3;0;3;3;3;3;0;3;3;3;3;3;3;3;3;3;3;3;3;3;3;1;0;3;3;3;3;3;3;2;3;3;0;0;0;3;3;3;3;3;3;3;0;3;3;0;0;3;3;3;3;3;3;3;3;3;3;3;3;3;3;3;3;0;3;3;3;3;3;3;3;0;3;3;3;3;0;3;3;3;3;3;0;3;3;3;3;3;3;1;3;3;3;3;3;3;3;3;3;3;3;3;3;0;3;3;3;3;0;3;3;3;3;0;3;2;3;3;3;3;3;3;3;3;3;3;3;3;3;0;3;3;3;3;0,146620186249;0,177626821446;0,569754152275;0,196388744631;0,292095125245;20,8918412861;0;0;0;0
3;3;3;3;3;3;3;3;3;0;3;3;3;3;3;3;3;0;3;0;3;3;3;3;3;3;3;3;3;0;3;3;3;3;3;3;3;3;3;3;3;3;0;3;3;3;3;0;3;3;0;3;3;3;3;3;3;3;3;3;3;3;2;3;3;3;0;3;3;2;3;3;3;3;3;2;3;3;3;3;3;0;3;3;3;3;0;3;3;3;3;3;3;3;3;3;3;3;3;3;3;1;0;3;3;3;3;3;3;2;3;3;0;0;0;3;3;3;3;3;3;3;0;3;3;0;0;3;3;3;3;3;3;3;3;3;3;3;3;3;3;3;3;0;3;3;3;3;3;3;3;0;3;3;3;3;0;3;3;3;3;3;0;3;3;3;3;3;3;1;3;3;3;3;3;3;3;3;3;3;3;3;3;0;3;3;3;3;0;3;3;3;3;0;3;2;3;3;3;3;3;3;3;3;3;3;3;3;3;0;3;3;3;3;0,146620186249;0,177626821446;0,569754152275;0,196388744631;0,292095125245;20,8918412861;0;0;0;0
3;3;3;3;3;3;3;3;3;0;3;3;3;3;3;3;3;0;3;0;3;3;3;3;3;3;3;3;3;0;3;3;3;3;3;3;3;3;3;3;3;3;0;3;3;3;3;0;3;3;0;3;3;3;3;3;3;3;3;3;3;3;2;3;3;3;0;3;3;2;3;3;3;3;3;2;3;3;3;3;3;0;3;3;3;3;0;3;3;3;3;3;3;3;3;3;3;3;3;3;3;1;0;3;3;3;3;3;3;2;3;3;0;0;0;3;3;3;3;3;3;3;0;3;3;0;0;3;3;3;3;3;3;3;3;3;3;3;3;3;3;3;3;0;3;3;3;3;3;3;3;0;3;3;3;3;0;3;3;3;3;3;0;3;3;3;3;3;3;1;3;3;3;3;3;3;3;3;3;3;3;3;3;0;3;3;3;3;0;3;3;3;3;0;3;2;3;3;3;3;3;3;3;3;3;3;3;3;3;0;3;3;3;3;0,146620186249;0,177626821446;0,569754152275;0,196388744631;0,292095125245;20,8918412861;0;0;0;0
3;3;3;3;3;3;3;3;3;0;3;3;3;3;3;3;3;0;3;0;3;3;3;3;3;3;3;3;3;0;3;3;3;3;3;3;3;3;3;3;3;3;0;3;3;3;3;0;3;3;0;3;3;3;3;3;3;3;3;3;3;3;2;3;3;3;0;3;3;2;3;3;3;3;3;2;3;3;3;3;3;0;3;3;3;3;0;3;3;3;3;3;3;3;3;3;3;3;3;3;3;1;0;3;3;3;3;3;3;2;3;3;0;0;0;3;3;3;3;3;3;3;0;3;3;0;0;3;3;3;3;3;3;3;3;3;3;3;3;3;3;3;3;0;3;3;3;3;3;3;3;0;3;3;3;3;0;3;3;3;3;3;0;3;3;3;3;3;3;1;3;3;3;3;3;3;3;3;3;3;3;3;3;0;3;3;3;3;0;3;3;3;3;0;3;2;3;3;3;3;3;3;3;3;3;3;3;3;3;0;3;3;3;3;0,146620186249;0,177626821446;0,569754152275;0,196388744631;0,292095125245;20,8918412861;0;0;0;0
3;3;3;3;3;3;3;3;3;0;3;3;3;3;3;3;3;0;3;0;3;3;3;3;3;3;3;3;3;0;3;3;3;3;3;3;3;3;3;3;3;3;0;3;3;3;3;0;3;3;0;3;3;3;3;3;3;3;3;3;3;3;2;3;3;3;0;3;3;2;3;3;3;3;3;2;3;3;3;3;3;0;3;3;3;3;0;3;3;3;3;3;3;3;3;3;3;3;3;3;3;1;0;3;3;3;3;3;3;2;3;3;0;0;0;3;3;3;3;3;3;3;0;3;3;0;0;3;3;3;3;3;3;3;3;3;3;3;3;3;3;3;3;0;3;3;3;3;3;3;3;0;3;3;3;3;0;3;3;3;3;3;0;3;3;3;3;3;3;1;3;3;3;3;3;3;3;3;3;3;3;3;3;0;3;3;3;3;0;3;3;3;3;0;3;2;3;3;3;3;3;3;3;3;3;3;3;3;3;0;3;3;3;3;0,146620186249;0,177626821446;0,569754152275;0,196388744631;0,292095125245;20,8918412861;0;0;0;0
3;3;3;3;3;3;3;3;3;0;3;3;3;3;3;3;3;0;3;0;3;3;3;3;3;3;3;3;3;0;3;3;3;3;3;3;3;3;3;3;3;3;0;3;3;3;3;0;3;3;0;3;3;3;3;3;3;3;3;3;3;3;2;3;3;3;0;3;3;2;3;3;3;3;3;2;3;3;3;3;3;0;3;3;3;3;0;3;3;3;3;3;3;3;3;3;3;3;3;3;3;1;0;3;3;3;3;3;3;2;3;3;0;0;0;3;3;3;3;3;3;3;0;3;3;0;0;3;3;3;3;3;3;3;3;3;3;3;3;3;3;3;3;0;3;3;3;3;3;3;3;0;3;3;3;3;0;3;3;3;3;3;0;3;3;3;3;3;3;1;3;3;3;3;3;3;3;3;3;3;3;3;3;0;3;3;3;3;0;3;3;3;3;0;3;2;3;3;3;3;3;3;3;3;3;3;3;3;3;0;3;3;3;3;0,146620186249;0,177626821446;0,569754152275;0,196388744631;0,292095125245;20,8918412861;0;0;0;0
