25;40;30;db;Minkowski_2;1;1
1;1;4;1;2;5;1;1;1;1;5;1;1;1;1;1;1;1;1;1;1;1;1;1;1;1;1;1;1;1;1;1;7;1;1;1;1;1;1;1;1;7;1;1;1;1;1;1;5;5;1;1;1;5;1;2;1;1;1;5;1;7;5;1;5;1;5;1;1;1;1;1;1;1;1;0;1;1;1;1;1;1;5;1;1;1;1;5;1;1;1;1;1;7;1;1;0;1;1;6;1;1;0;1;5;5;1;1;1;3;1;7;1;1;1;1;1;0;1;1;5;1;1;1;1;1;1;1;1;1;1;1;1;1;1;1;1;1;6;5;1;1;1;1;1;1;1;1;6;1;1;1;1;1;1;1;1;1;1;1;1;3;1;1;1;1;1;1;1;1;1;5;1;4;1;1;5;1;1;1;1;1;1;1;1;7;1;1;1;1;1;1;1;1;1;1;1;1;1;1;1;1;1;1;1;1;5;1;1;1;1;1;1;1;0,122259721659;0,144558466043;0,387217274149;0,187535994759;0,252689912781;5,03446072102;0;0;0;0
2;1;1;2;3;2;2;2;2;2;1;2;2;2;2;2;2;2;2;2;2;2;2;2;2;2;2;2;2;2;2;2;2;2;2;2;2;2;2;2;2;2;2;2;2;1;2;2;1;2;1;2;2;1;0;3;2;2;1;1;2;2;1;1;1;2;1;2;2;2;2;2;2;2;2;0;2;2;2;2;2;1;1;2;2;2;2;1;2;2;2;2;0;2;2;2;0;2;2;2;2;2;0;2;1;1;2;2;2;2;1;2;2;2;2;2;2;1;2;2;1;2;2;2;2;1;2;2;2;2;2;2;2;2;2;2;2;2;1;1;2;2;2;2;2;2;2;2;2;0;2;0;1;2;2;2;2;2;2;2;2;1;2;2;2;2;0;2;2;2;2;1;2;1;2;2;1;2;2;2;2;2;2;2;2;2;2;2;2;2;2;2;2;2;2;0;2;2;2;2;2;2;2;2;2;2;1;2;2;2;2;2;2;2;0,181889937596;0,200707867983;0,530153636591;0,219386861356;0,310346786296;6,11827384575;0;0;0;0
2;1;1;2;3;2;2;2;2;2;1;2;2;2;2;2;2;2;2;2;2;2;2;2;2;2;2;2;2;2;2;2;2;2;2;2;2;2;2;2;2;2;2;2;2;1;2;2;1;2;1;2;2;1;0;3;2;2;1;1;2;2;1;1;1;2;1;2;2;2;2;2;2;2;2;0;2;2;2;2;2;1;1;2;2;2;2;1;2;2;2;2;0;2;2;2;0;2;2;2;2;2;0;2;1;1;2;2;2;2;1;2;2;2;2;2;2;1;2;2;1;2;2;2;2;1;2;2;2;2;2;2;2;2;2;2;2;2;1;1;2;2;2;2;2;2;2;2;2;0;2;0;1;2;2;2;2;2;2;2;2;1;2;2;2;2;0;2;2;2;2;1;2;1;2;2;1;2;2;2;2;2;2;2;2;2;2;2;2;2;2;2;2;2;2;0;2;2;2;2;2;2;2;2;2;2;1;2;2;2;2;2;2;2;0,181889937596;0,200707867983;0,530153636591;0,219386861356;0,310346786296;6,11827384575;0;0;0;0
2;1;1;2;3;2;2;2;2;2;1;2;2;2;2;2;2;2;2;2;2;2;2;2;2;2;2;2;2;2;2;2;2;2;2;2;2;2;2;2;2;2;2;2;2;1;2;2;1;2;1;2;2;1;0;3;2;2;1;1;2;2;1;1;1;2;1;2;2;2;2;2;2;2;2;0;2;2;2;2;2;1;1;2;2;2;2;1;2;2;2;2;0;2;2;2;0;2;2;2;2;2;0;2;1;1;2;2;2;2;1;2;2;2;2;2;2;1;2;2;1;2;2;2;2;1;2;2;2;2;2;2;2;2;2;2;2;2;1;1;2;2;2;2;2;2;2;2;2;0;2;0;1;2;2;2;2;2;2;2;2;1;2;2;2;2;0;2;2;2;2;1;2;1;2;2;1;2;2;2;2;2;2;2;2;2;2;2;2;2;2;2;2;2;2;0;2;2;2;2;2;2;2;2;2;2;1;2;2;2;2;2;2;2;0,181889937596;0,200707867983;0,530153636591;0,219386861356;0,310346786296;6,11827384575;0;0;0;0
0;2;3;0;1;2;0;0;0;0;2;0;0;0;0;0;0;0;0;0;0;0;0;0;0;0;0;0;0;2;0;0;0;0;0;0;0;0;0;0;0;0;0;0;0;2;0;0;2;0;0;0;0;2;2;1;0;0;0;2;0;0;2;2;2;0;2;0;0;0;0;0;0;0;0;0;0;0;0;0;0;2;2;0;0;0;0;2;0;0;0;0;2;0;0;0;0;0;0;2;0;0;2;0;2;2;0;0;2;0;2;0;0;0;0;0;0;2;0;0;2;2;2;0;0;2;0;0;0;0;0;0;0;0;0;2;0;0;0;2;0;0;0;0;0;0;0;0;2;2;0;2;2;0;0;0;0;0;0;0;0;0;2;0;0;0;2;0;0;0;0;2;0;3;0;0;2;0;0;0;0;0;0;0;0;0;0;0;0;0;0;0;0;0;0;2;0;0;0;0;0;0;0;0;0;0;2;0;0;0;0;0;0;0;0,177284263167;0,166391684071;0,475090617726;0,183803112614;0,265059842857;6,57010476728;0;0;0;0
0;2;3;0;1;2;0;0;0;0;2;0;0;0;0;0;0;0;0;0;0;0;0;0;0;0;0;0;0;2;0;0;0;0;0;0;0;0;0;0;0;0;0;0;0;2;0;0;2;0;0;0;0;2;2;1;0;0;0;2;0;0;2;2;2;0;2;0;0;0;0;0;0;0;0;0;0;0;0;0;0;2;2;0;0;0;0;2;0;0;0;0;2;0;0;0;0;0;0;2;0;0;2;0;2;2;0;0;2;0;2;0;0;0;0;0;0;2;0;0;2;2;2;0;0;2;0;0;0;0;0;0;0;0;0;2;0;0;0;2;0;0;0;0;0;0;0;0;2;2;0;2;2;0;0;0;0;0;0;0;0;0;2;0;0;0;2;0;0;0;0;2;0;3;0;0;2;0;0;0;0;0;0;0;0;0;0;0;0;0;0;0;0;0;0;2;0;0;0;0;0;0;0;0;0;0;2;0;0;0;0;0;0;0;0,177284263167;0,166391684071;0,475090617726;0,183803112614;0,265059842857;6,57010476728;0;0;0;0
0;0;0;0;1;0;0;0;0;0;0;0;0;0;0;0;0;0;0;0;0;0;0;0;0;0;0;0;0;0;0;0;0;0;0;0;0;0;0;0;0;0;0;0;0;0;0;0;0;0;0;0;0;0;2;1;0;0;0;0;0;0;0;0;0;0;0;0;0;0;0;0;0;0;0;0;0;0;0;0;0;0;0;0;0;0;0;0;0;0;0;0;0;0;0;0;0;0;0;0;0;0;2;0;0;0;0;0;0;0;0;0;0;0;0;0;0;2;0;0;0;0;0;0;0;0;0;0;0;0;0;0;0;0;0;0;0;0;0;0;0;0;0;0;0;0;0;0;0;2;0;0;0;0;0;0;0;0;0;0;0;0;0;0;0;0;0;0;0;0;0;0;0;0;0;0;0;0;0;0;0;0;0;0;0;0;0;0;0;0;0;0;0;0;0;0;0;0;0;0;0;0;0;0;0;0;0;0;0;0;0;0;0;0;0,00925862323067;0,0162002360632;0,308245111099;0,0297687298251;0,0542940218491;6,84534740616;0;0;0;0
2;1;1;2;3;2;2;2;2;2;1;2;2;2;2;2;2;2;2;2;2;2;2;2;2;2;2;2;2;2;2;2;2;2;2;2;2;2;2;2;2;2;2;2;2;1;2;2;1;2;1;2;2;1;0;3;2;2;2;1;2;2;1;1;1;2;1;2;2;2;2;2;2;2;2;0;2;2;2;2;2;2;1;2;2;2;2;1;2;2;2;2;0;2;2;2;0;2;2;2;2;2;0;2;1;1;2;2;2;2;1;2;2;2;2;2;2;0;2;2;1;2;0;2;2;1;2;2;2;2;2;2;2;2;2;2;2;2;2;1;2;2;2;2;2;2;2;2;2;0;2;2;1;2;2;2;2;2;2;2;2;2;0;2;2;2;0;2;2;2;2;1;2;1;2;2;1;2;2;2;2;2;2;2;2;2;2;2;2;2;2;2;2;2;2;0;2;2;2;2;2;2;2;2;2;2;1;2;2;2;2;2;2;2;0,163474449702;0,207731296765;0,562001367717;0,226432463682;0,322805413002;6,89863045194;0;0;0;0
2;1;1;2;3;2;2;2;2;2;1;2;2;2;2;2;2;2;2;2;2;2;2;2;2;2;2;2;2;2;2;2;2;2;2;2;2;2;2;2;2;2;2;2;2;1;2;2;1;2;1;2;2;1;0;3;2;2;2;1;2;2;1;1;1;2;1;2;2;2;2;2;2;2;2;0;2;2;2;2;2;2;1;2;2;2;2;1;2;2;2;2;0;2;2;2;0;2;2;2;2;2;0;2;1;1;2;2;2;2;1;2;2;2;2;2;2;0;2;2;1;2;0;2;2;1;2;2;2;2;2;2;2;2;2;2;2;2;2;1;2;2;2;2;2;2;2;2;2;0;2;2;1;2;2;2;2;2;2;2;2;2;0;2;2;2;0;2;2;2;2;1;2;1;2;2;1;2;2;2;2;2;2;2;2;2;2;2;2;2;2;2;2;2;2;0;2;2;2;2;2;2;2;2;2;2;1;2;2;2;2;2;2;2;0,163474449702;0,207731296765;0,562001367717;0,226432463682;0,322805413002;6,89863045194;0;0;0;0
2;1;1;2;3;2;2;2;2;2;1;2;2;2;2;2;2;2;2;2;2;2;2;2;2;2;2;2;2;2;2;2;2;2;2;2;2;2;2;2;2;2;2;2;2;1;2;2;1;2;1;2;2;1;0;3;2;2;2;1;2;2;1;1;1;2;1;2;2;2;2;2;2;2;2;0;2;2;2;2;2;2;1;2;2;2;2;1;2;2;2;2;0;2;2;2;0;2;2;2;2;2;0;2;1;1;2;2;2;2;1;2;2;2;2;2;2;0;2;2;1;2;0;2;2;1;2;2;2;2;2;2;2;2;2;2;2;2;2;1;2;2;2;2;2;2;2;2;2;0;2;2;1;2;2;2;2;2;2;2;2;2;0;2;2;2;0;2;2;2;2;1;2;1;2;2;1;2;2;2;2;2;2;2;2;2;2;2;2;2;2;2;2;2;2;0;2;2;2;2;2;2;2;2;2;2;1;2;2;2;2;2;2;2;0,163474449702;0,207731296765;0,562001367717;0,226432463682;0,322805413002;6,89863045194;0;0;0;0
0;0;0;0;1;0;0;0;0;0;0;0;0;0;0;0;0;0;0;0;0;0;0;0;0;0;0;0;0;0;0;0;0;0;0;0;0;0;0;0;0;0;0;0;0;0;0;0;0;0;0;0;0;0;0;1;0;0;0;0;0;0;0;0;0;0;0;0;0;0;0;0;0;0;0;0;0;0;0;0;0;0;0;0;0;0;0;0;0;0;0;0;0;0;0;0;0;0;0;0;0;0;2;0;0;0;0;0;0;0;0;0;0;0;0;0;0;2;0;0;0;0;0;0;0;0;0;0;0;0;0;0;0;0;0;0;0;0;0;0;0;0;0;0;0;0;0;0;0;2;0;0;0;0;0;0;0;0;0;0;0;0;0;0;0;0;0;0;0;0;0;0;0;0;0;0;0;0;0;0;0;0;0;0;0;0;0;0;0;0;0;0;0;0;0;0;0;0;0;0;0;0;0;0;0;0;0;0;0;0;0;0;0;0;0,00391627606214;0,0143755905571;0,327489402489;0,0274779019006;0,0507016931632;7,37721382749;0;0;0;0
0;0;0;0;1;0;0;0;0;0;0;0;0;0;0;0;0;0;0;0;0;0;0;0;0;0;0;0;0;0;0;0;0;0;0;0;0;0;0;0;0;0;0;0;0;0;0;0;0;0;0;0;0;0;0;1;0;0;0;0;0;0;0;0;0;0;0;0;0;0;0;0;0;0;0;0;0;0;0;0;0;0;0;0;0;0;0;0;0;0;0;0;0;0;0;0;0;0;0;0;0;0;2;0;0;0;0;0;0;0;0;0;0;0;0;0;0;2;0;0;0;0;0;0;0;0;0;0;0;0;0;0;0;0;0;0;0;0;0;0;0;0;0;0;0;0;0;0;0;2;0;0;0;0;0;0;0;0;0;0;0;0;0;0;0;0;0;0;0;0;0;0;0;0;0;0;0;0;0;0;0;0;0;0;0;0;0;0;0;0;0;0;0;0;0;0;0;0;0;0;0;0;0;0;0;0;0;0;0;0;0;0;0;0;0,00391627606214;0,0143755905571;0,327489402489;0,0274779019006;0,0507016931632;7,37721382749;0;0;0;0
0;0;0;0;1;0;0;0;0;0;0;0;0;0;0;0;0;0;0;0;0;0;0;0;0;0;0;0;0;0;0;0;0;0;0;0;0;0;0;0;0;0;0;0;0;0;0;0;0;0;0;0;0;0;0;1;0;0;0;0;0;0;0;0;0;0;0;0;0;0;0;0;0;0;0;0;0;0;0;0;0;0;0;0;0;0;0;0;0;0;0;0;0;0;0;0;0;0;0;0;0;0;2;0;0;0;0;0;0;0;0;0;0;0;0;0;0;2;0;0;0;0;0;0;0;0;0;0;0;0;0;0;0;0;0;0;0;0;0;0;0;0;0;0;0;0;0;0;0;2;0;0;0;0;0;0;0;0;0;0;0;0;0;0;0;0;0;0;0;0;0;0;0;0;0;0;0;0;0;0;0;0;0;0;0;0;0;0;0;0;0;0;0;0;0;0;0;0;0;0;0;0;0;0;0;0;0;0;0;0;0;0;0;0;0,00391627606214;0,0143755905571;0,327489402489;0,0274779019006;0,0507016931632;7,37721382749;0;0;0;0
0;0;0;0;1;0;0;0;0;0;0;0;0;0;0;0;0;0;0;0;0;0;0;0;0;0;0;0;0;0;0;0;0;0;0;0;0;0;0;0;0;0;0;0;0;0;0;0;0;0;0;0;0;0;0;1;0;0;0;0;0;0;0;0;0;0;0;0;0;0;0;0;0;0;0;0;0;0;0;0;0;0;0;0;0;0;0;0;0;0;0;0;0;0;0;0;0;0;0;0;0;0;2;0;0;0;0;0;0;0;0;0;0;0;0;0;0;2;0;0;0;0;0;0;0;0;0;0;0;0;0;0;0;0;0;0;0;0;0;0;0;0;0;0;0;0;0;0;0;2;0;0;0;0;0;0;0;0;0;0;0;0;0;0;0;0;0;0;0;0;0;0;0;0;0;0;0;0;0;0;0;0;0;0;0;0;0;0;0;0;0;0;0;0;0;0;0;0;0;0;0;0;0;0;0;0;0;0;0;0;0;0;0;0;0,00391627606214;0,0143755905571;0,327489402489;0,0274779019006;0,0507016931632;7,37721382749;0;0;0;0
0;0;0;0;1;0;0;0;0;0;0;0;0;0;0;0;0;0;0;0;0;0;0;0;0;0;0;0;0;0;0;0;0;0;0;0;0;0;0;0;0;0;0;0;0;0;0;0;0;0;0;0;0;0;0;1;0;0;0;0;0;0;0;0;0;0;0;0;0;0;0;0;0;0;0;0;0;0;0;0;0;0;0;0;0;0;0;0;0;0;0;0;0;0;0;0;0;0;0;0;0;0;2;0;0;0;0;0;0;0;0;0;0;0;0;0;0;2;0;0;0;0;0;0;0;0;0;0;0;0;0;0;0;0;0;0;0;0;0;0;0;0;0;0;0;0;0;0;0;2;0;0;0;0;0;0;0;0;0;0;0;0;0;0;0;0;0;0;0;0;0;0;0;0;0;0;0;0;0;0;0;0;0;0;0;0;0;0;0;0;0;0;0;0;0;0;0;0;0;0;0;0;0;0;0;0;0;0;0;0;0;0;0;0;0,00391627606214;0,0143755905571;0,327489402489;0,0274779019006;0,0507016931632;7,37721382749;0;0;0;0
0;0;0;0;1;0;0;0;0;0;0;0;0;0;0;0;0;0;0;0;0;0;0;0;0;0;0;0;0;0;0;0;0;0;0;0;0;0;0;0;0;0;0;0;0;0;0;0;0;0;0;0;0;0;0;1;0;0;0;0;0;0;0;0;0;0;0;0;0;0;0;0;0;0;0;0;0;0;0;0;0;0;0;0;0;0;0;0;0;0;0;0;0;0;0;0;0;0;0;0;0;0;2;0;0;0;0;0;0;0;0;0;0;0;0;0;0;2;0;0;0;0;0;0;0;0;0;0;0;0;0;0;0;0;0;0;0;0;0;0;0;0;0;0;0;0;0;0;0;2;0;0;0;0;0;0;0;0;0;0;0;0;0;0;0;0;0;0;0;0;0;0;0;0;0;0;0;0;0;0;0;0;0;0;0;0;0;0;0;0;0;0;0;0;0;0;0;0;0;0;0;0;0;0;0;0;0;0;0;0;0;0;0;0;0,00391627606214;0,0143755905571;0,327489402489;0,0274779019006;0,0507016931632;7,37721382749;0;0;0;0
0;0;0;0;1;0;0;0;0;0;0;0;0;0;0;0;0;0;0;0;0;0;0;0;0;0;0;0;0;0;0;0;0;0;0;0;0;0;0;0;0;0;0;0;0;0;0;0;0;0;0;0;0;0;0;1;0;0;0;0;0;0;0;0;0;0;0;0;0;0;0;0;0;0;0;0;0;0;0;0;0;0;0;0;0;0;0;0;0;0;0;0;0;0;0;0;0;0;0;0;0;0;2;0;0;0;0;0;0;0;0;0;0;0;0;0;0;2;0;0;0;0;0;0;0;0;0;0;0;0;0;0;0;0;0;0;0;0;0;0;0;0;0;0;0;0;0;0;0;2;0;0;0;0;0;0;0;0;0;0;0;0;0;0;0;0;0;0;0;0;0;0;0;0;0;0;0;0;0;0;0;0;0;0;0;0;0;0;0;0;0;0;0;0;0;0;0;0;0;0;0;0;0;0;0;0;0;0;0;0;0;0;0;0;0,00391627606214;0,0143755905571;0,327489402489;0,0274779019006;0,0507016931632;7,37721382749;0;0;0;0
0;0;0;0;1;0;0;0;0;0;0;0;0;0;0;0;0;0;0;0;0;0;0;0;0;0;0;0;0;0;0;0;0;0;0;0;0;0;0;0;0;0;0;0;0;0;0;0;0;0;0;0;0;0;0;1;0;0;0;0;0;0;0;0;0;0;0;0;0;0;0;0;0;0;0;0;0;0;0;0;0;0;0;0;0;0;0;0;0;0;0;0;0;0;0;0;0;0;0;0;0;0;2;0;0;0;0;0;0;0;0;0;0;0;0;0;0;2;0;0;0;0;0;0;0;0;0;0;0;0;0;0;0;0;0;0;0;0;0;0;0;0;0;0;0;0;0;0;0;2;0;0;0;0;0;0;0;0;0;0;0;0;0;0;0;0;0;0;0;0;0;0;0;0;0;0;0;0;0;0;0;0;0;0;0;0;0;0;0;0;0;0;0;0;0;0;0;0;0;0;0;0;0;0;0;0;0;0;0;0;0;0;0;0;0,00391627606214;0,0143755905571;0,327489402489;0,0274779019006;0,0507016931632;7,37721382749;0;0;0;0
0;0;0;0;1;0;0;0;0;0;0;0;0;0;0;0;0;0;0;0;0;0;0;0;0;0;0;0;0;0;0;0;0;0;0;0;0;0;0;0;0;0;0;0;0;0;0;0;0;0;0;0;0;0;0;1;0;0;0;0;0;0;0;0;0;0;0;0;0;0;0;0;0;0;0;0;0;0;0;0;0;0;0;0;0;0;0;0;0;0;0;0;0;0;0;0;0;0;0;0;0;0;2;0;0;0;0;0;0;0;0;0;0;0;0;0;0;2;0;0;0;0;0;0;0;0;0;0;0;0;0;0;0;0;0;0;0;0;0;0;0;0;0;0;0;0;0;0;0;2;0;0;0;0;0;0;0;0;0;0;0;0;0;0;0;0;0;0;0;0;0;0;0;0;0;0;0;0;0;0;0;0;0;0;0;0;0;0;0;0;0;0;0;0;0;0;0;0;0;0;0;0;0;0;0;0;0;0;0;0;0;0;0;0;0,00391627606214;0,0143755905571;0,327489402489;0,0274779019006;0,0507016931632;7,37721382749;0;0;0;0
0;0;0;0;1;0;0;0;0;0;0;0;0;0;0;0;0;0;0;0;0;0;0;0;0;0;0;0;0;0;0;0;0;0;0;0;0;0;0;0;0;0;0;0;0;0;0;0;0;0;0;0;0;0;0;1;0;0;0;0;0;0;0;0;0;0;0;0;0;0;0;0;0;0;0;0;0;0;0;0;0;0;0;0;0;0;0;0;0;0;0;0;0;0;0;0;0;0;0;0;0;0;2;0;0;0;0;0;0;0;0;0;0;0;0;0;0;2;0;0;0;0;0;0;0;0;0;0;0;0;0;0;0;0;0;0;0;0;0;0;0;0;0;0;0;0;0;0;0;2;0;0;0;0;0;0;0;0;0;0;0;0;0;0;0;0;0;0;0;0;0;0;0;0;0;0;0;0;0;0;0;0;0;0;0;0;0;0;0;0;0;0;0;0;0;0;0;0;0;0;0;0;0;0;0;0;0;0;0;0;0;0;0;0;0,00391627606214;0,0143755905571;0,327489402489;0,0274779019006;0,0507016931632;7,37721382749;0;0;0;0
0;0;0;0;1;0;0;0;0;0;0;0;0;0;0;0;0;0;0;0;0;0;0;0;0;0;0;0;0;0;0;0;0;0;0;0;0;0;0;0;0;0;0;0;0;0;0;0;0;0;0;0;0;0;0;1;0;0;0;0;0;0;0;0;0;0;0;0;0;0;0;0;0;0;0;0;0;0;0;0;0;0;0;0;0;0;0;0;0;0;0;0;0;0;0;0;0;0;0;0;0;0;2;0;0;0;0;0;0;0;0;0;0;0;0;0;0;2;0;0;0;0;0;0;0;0;0;0;0;0;0;0;0;0;0;0;0;0;0;0;0;0;0;0;0;0;0;0;0;2;0;0;0;0;0;0;0;0;0;0;0;0;0;0;0;0;0;0;0;0;0;0;0;0;0;0;0;0;0;0;0;0;0;0;0;0;0;0;0;0;0;0;0;0;0;0;0;0;0;0;0;0;0;0;0;0;0;0;0;0;0;0;0;0;0,00391627606214;0,0143755905571;0,327489402489;0,0274779019006;0,0507016931632;7,37721382749;0;0;0;0
0;0;0;0;1;0;0;0;0;0;0;0;0;0;0;0;0;0;0;0;0;0;0;0;0;0;0;0;0;0;0;0;0;0;0;0;0;0;0;0;0;0;0;0;0;0;0;0;0;0;0;0;0;0;0;1;0;0;0;0;0;0;0;0;0;0;0;0;0;0;0;0;0;0;0;0;0;0;0;0;0;0;0;0;0;0;0;0;0;0;0;0;0;0;0;0;0;0;0;0;0;0;2;0;0;0;0;0;0;0;0;0;0;0;0;0;0;2;0;0;0;0;0;0;0;0;0;0;0;0;0;0;0;0;0;0;0;0;0;0;0;0;0;0;0;0;0;0;0;2;0;0;0;0;0;0;0;0;0;0;0;0;0;0;0;0;0;0;0;0;0;0;0;0;0;0;0;0;0;0;0;0;0;0;0;0;0;0;0;0;0;0;0;0;0;0;0;0;0;0;0;0;0;0;0;0;0;0;0;0;0;0;0;0;0,00391627606214;0,0143755905571;0,327489402489;0,0274779019006;0,0507016931632;7,37721382749;0;0;0;0
0;0;0;0;1;0;0;0;0;0;0;0;0;0;0;0;0;0;0;0;0;0;0;0;0;0;0;0;0;0;0;0;0;0;0;0;0;0;0;0;0;0;0;0;0;0;0;0;0;0;0;0;0;0;0;1;0;0;0;0;0;0;0;0;0;0;0;0;0;0;0;0;0;0;0;0;0;0;0;0;0;0;0;0;0;0;0;0;0;0;0;0;0;0;0;0;0;0;0;0;0;0;2;0;0;0;0;0;0;0;0;0;0;0;0;0;0;2;0;0;0;0;0;0;0;0;0;0;0;0;0;0;0;0;0;0;0;0;0;0;0;0;0;0;0;0;0;0;0;2;0;0;0;0;0;0;0;0;0;0;0;0;0;0;0;0;0;0;0;0;0;0;0;0;0;0;0;0;0;0;0;0;0;0;0;0;0;0;0;0;0;0;0;0;0;0;0;0;0;0;0;0;0;0;0;0;0;0;0;0;0;0;0;0;0,00391627606214;0,0143755905571;0,327489402489;0,0274779019006;0,0507016931632;7,37721382749;0;0;0;0
0;0;0;0;1;0;0;0;0;0;0;0;0;0;0;0;0;0;0;0;0;0;0;0;0;0;0;0;0;0;0;0;0;0;0;0;0;0;0;0;0;0;0;0;0;0;0;0;0;0;0;0;0;0;0;1;0;0;0;0;0;0;0;0;0;0;0;0;0;0;0;0;0;0;0;0;0;0;0;0;0;0;0;0;0;0;0;0;0;0;0;0;0;0;0;0;0;0;0;0;0;0;2;0;0;0;0;0;0;0;0;0;0;0;0;0;0;2;0;0;0;0;0;0;0;0;0;0;0;0;0;0;0;0;0;0;0;0;0;0;0;0;0;0;0;0;0;0;0;2;0;0;0;0;0;0;0;0;0;0;0;0;0;0;0;0;0;0;0;0;0;0;0;0;0;0;0;0;0;0;0;0;0;0;0;0;0;0;0;0;0;0;0;0;0;0;0;0;0;0;0;0;0;0;0;0;0;0;0;0;0;0;0;0;0,00391627606214;0,0143755905571;0,327489402489;0,0274779019006;0,0507016931632;7,37721382749;0;0;0;0
0;0;0;0;1;0;0;0;0;0;0;0;0;0;0;0;0;0;0;0;0;0;0;0;0;0;0;0;0;0;0;0;0;0;0;0;0;0;0;0;0;0;0;0;0;0;0;0;0;0;0;0;0;0;0;1;0;0;0;0;0;0;0;0;0;0;0;0;0;0;0;0;0;0;0;0;0;0;0;0;0;0;0;0;0;0;0;0;0;0;0;0;0;0;0;0;0;0;0;0;0;0;2;0;0;0;0;0;0;0;0;0;0;0;0;0;0;2;0;0;0;0;0;0;0;0;0;0;0;0;0;0;0;0;0;0;0;0;0;0;0;0;0;0;0;0;0;0;0;2;0;0;0;0;0;0;0;0;0;0;0;0;0;0;0;0;0;0;0;0;0;0;0;0;0;0;0;0;0;0;0;0;0;0;0;0;0;0;0;0;0;0;0;0;0;0;0;0;0;0;0;0;0;0;0;0;0;0;0;0;0;0;0;0;0,00391627606214;0,0143755905571;0,327489402489;0,0274779019006;0,0507016931632;7,37721382749;0;0;0;0
0;0;0;0;1;0;0;0;0;0;0;0;0;0;0;0;0;0;0;0;0;0;0;0;0;0;0;0;0;0;0;0;0;0;0;0;0;0;0;0;0;0;0;0;0;0;0;0;0;0;0;0;0;0;0;1;0;0;0;0;0;0;0;0;0;0;0;0;0;0;0;0;0;0;0;0;0;0;0;0;0;0;0;0;0;0;0;0;0;0;0;0;0;0;0;0;0;0;0;0;0;0;2;0;0;0;0;0;0;0;0;0;0;0;0;0;0;2;0;0;0;0;0;0;0;0;0;0;0;0;0;0;0;0;0;0;0;0;0;0;0;0;0;0;0;0;0;0;0;2;0;0;0;0;0;0;0;0;0;0;0;0;0;0;0;0;0;0;0;0;0;0;0;0;0;0;0;0;0;0;0;0;0;0;0;0;0;0;0;0;0;0;0;0;0;0;0;0;0;0;0;0;0;0;0;0;0;0;0;0;0;0;0;0;0,00391627606214;0,0143755905571;0,327489402489;0,0274779019006;0,0507016931632;7,37721382749;0;0;0;0
0;0;0;0;1;0;0;0;0;0;0;0;0;0;0;0;0;0;0;0;0;0;0;0;0;0;0;0;0;0;0;0;0;0;0;0;0;0;0;0;0;0;0;0;0;0;0;0;0;0;0;0;0;0;0;1;0;0;0;0;0;0;0;0;0;0;0;0;0;0;0;0;0;0;0;0;0;0;0;0;0;0;0;0;0;0;0;0;0;0;0;0;0;0;0;0;0;0;0;0;0;0;2;0;0;0;0;0;0;0;0;0;0;0;0;0;0;2;0;0;0;0;0;0;0;0;0;0;0;0;0;0;0;0;0;0;0;0;0;0;0;0;0;0;0;0;0;0;0;2;0;0;0;0;0;0;0;0;0;0;0;0;0;0;0;0;0;0;0;0;0;0;0;0;0;0;0;0;0;0;0;0;0;0;0;0;0;0;0;0;0;0;0;0;0;0;0;0;0;0;0;0;0;0;0;0;0;0;0;0;0;0;0;0;0,00391627606214;0,0143755905571;0,327489402489;0,0274779019006;0,0507016931632;7,37721382749;0;0;0;0
0;0;0;0;1;0;0;0;0;0;0;0;0;0;0;0;0;0;0;0;0;0;0;0;0;0;0;0;0;0;0;0;0;0;0;0;0;0;0;0;0;0;0;0;0;0;0;0;0;0;0;0;0;0;0;1;0;0;0;0;0;0;0;0;0;0;0;0;0;0;0;0;0;0;0;0;0;0;0;0;0;0;0;0;0;0;0;0;0;0;0;0;0;0;0;0;0;0;0;0;0;0;2;0;0;0;0;0;0;0;0;0;0;0;0;0;0;2;0;0;0;0;0;0;0;0;0;0;0;0;0;0;0;0;0;0;0;0;0;0;0;0;0;0;0;0;0;0;0;2;0;0;0;0;0;0;0;0;0;0;0;0;0;0;0;0;0;0;0;0;0;0;0;0;0;0;0;0;0;0;0;0;0;0;0;0;0;0;0;0;0;0;0;0;0;0;0;0;0;0;0;0;0;0;0;0;0;0;0;0;0;0;0;0;0,00391627606214;0,0143755905571;0,327489402489;0,0274779019006;0,0507016931632;7,37721382749;0;0;0;0
0;0;0;0;1;0;0;0;0;0;0;0;0;0;0;0;0;0;0;0;0;0;0;0;0;0;0;0;0;0;0;0;0;0;0;0;0;0;0;0;0;0;0;0;0;0;0;0;0;0;0;0;0;0;0;1;0;0;0;0;0;0;0;0;0;0;0;0;0;0;0;0;0;0;0;0;0;0;0;0;0;0;0;0;0;0;0;0;0;0;0;0;0;0;0;0;0;0;0;0;0;0;2;0;0;0;0;0;0;0;0;0;0;0;0;0;0;2;0;0;0;0;0;0;0;0;0;0;0;0;0;0;0;0;0;0;0;0;0;0;0;0;0;0;0;0;0;0;0;2;0;0;0;0;0;0;0;0;0;0;0;0;0;0;0;0;0;0;0;0;0;0;0;0;0;0;0;0;0;0;0;0;0;0;0;0;0;0;0;0;0;0;0;0;0;0;0;0;0;0;0;0;0;0;0;0;0;0;0;0;0;0;0;0;0,00391627606214;0,0143755905571;0,327489402489;0,0274779019006;0,0507016931632;7,37721382749;0;0;0;0
0;0;0;0;1;0;0;0;0;0;0;0;0;0;0;0;0;0;0;0;0;0;0;0;0;0;0;0;0;0;0;0;0;0;0;0;0;0;0;0;0;0;0;0;0;0;0;0;0;0;0;0;0;0;0;1;0;0;0;0;0;0;0;0;0;0;0;0;0;0;0;0;0;0;0;0;0;0;0;0;0;0;0;0;0;0;0;0;0;0;0;0;0;0;0;0;0;0;0;0;0;0;2;0;0;0;0;0;0;0;0;0;0;0;0;0;0;2;0;0;0;0;0;0;0;0;0;0;0;0;0;0;0;0;0;0;0;0;0;0;0;0;0;0;0;0;0;0;0;2;0;0;0;0;0;0;0;0;0;0;0;0;0;0;0;0;0;0;0;0;0;0;0;0;0;0;0;0;0;0;0;0;0;0;0;0;0;0;0;0;0;0;0;0;0;0;0;0;0;0;0;0;0;0;0;0;0;0;0;0;0;0;0;0;0,00391627606214;0,0143755905571;0,327489402489;0,0274779019006;0,0507016931632;7,37721382749;0;0;0;0
