10;40;30;db;Cosine;4;4
3;3;0;3;0;2;0;3;0;0;3;0;0;0;0;0;0;0;3;3;1;0;0;0;0;3;0;0;0;0;0;2;0;0;0;0;3;0;0;0;0;0;0;0;0;0;0;0;5;0;0;0;0;0;0;0;0;0;3;0;0;0;0;0;0;0;3;5;0;0;0;0;0;0;0;0;0;3;0;0;0;0;0;0;0;0;3;3;6;5;0;0;2;0;0;0;0;0;4;3;0;0;0;0;0;5;2;0;0;4;0;3;0;0;0;0;2;0;0;0;0;2;0;0;0;0;0;0;0;0;3;0;0;0;0;6;0;0;3;3;0;0;3;0;0;3;0;0;0;0;0;0;0;0;3;0;3;0;0;3;0;0;3;3;0;0;0;0;1;0;0;0;4;3;0;5;0;0;0;0;0;0;0;0;0;0;0;0;0;0;0;3;2;0;0;0;5;4;0;0;1;3;0;0;0;0;0;0;3;0;3;0;0;0;0,178090354516;0,191740420667;0,390500865128;0,228794955025;0,2885361889;2,45853664144;0;0;0;0
4;4;2;2;2;2;2;2;2;2;5;2;2;2;2;2;2;2;2;2;1;2;2;2;2;5;2;2;2;2;2;2;2;2;2;2;5;2;2;2;2;2;4;2;2;2;2;2;0;2;2;2;2;2;2;2;2;2;5;2;2;2;2;2;2;2;2;4;2;2;2;2;2;2;1;2;2;2;2;2;2;2;2;2;2;2;2;2;1;3;2;2;2;2;2;2;2;2;2;2;2;2;2;2;2;4;2;2;0;0;2;2;2;2;2;2;2;2;2;2;2;2;2;2;2;2;2;2;2;2;2;2;2;2;2;1;2;2;5;2;2;2;2;2;2;5;2;2;2;2;2;2;2;2;2;2;4;2;2;2;2;2;2;2;2;2;2;2;1;2;2;2;2;5;2;4;2;2;2;2;2;2;2;2;2;2;2;2;2;2;2;2;3;2;2;2;2;5;2;2;5;5;2;2;2;2;2;2;5;2;2;2;2;2;0,0792479589478;0,102024747512;0,355993696214;0,13629021749;0,197115757519;2,54761567754;0;0;0;0
2;3;3;2;3;3;3;2;3;2;2;3;3;3;3;3;3;3;2;2;2;3;3;3;3;2;3;3;3;3;3;3;3;3;3;3;2;3;3;3;3;3;2;3;3;3;3;3;0;3;3;3;3;2;3;3;3;3;2;3;3;3;3;3;3;3;2;3;3;3;3;3;3;3;2;3;3;3;3;3;3;3;3;3;3;3;2;2;4;1;3;3;3;3;3;3;3;3;3;2;3;3;3;3;3;3;3;3;0;0;3;2;3;3;3;2;3;3;3;3;3;3;3;3;3;3;3;3;3;3;2;3;3;3;3;4;3;3;2;2;3;3;2;3;3;2;3;3;3;3;3;3;2;3;2;3;3;3;3;2;3;3;2;2;3;3;3;3;2;3;3;3;3;2;3;3;3;3;2;3;3;3;3;3;3;3;3;3;3;3;3;2;1;3;2;3;3;3;3;3;2;2;3;3;3;3;3;3;2;3;2;3;3;3;0,209206029738;0,199268992562;0,516521698966;0,221654516586;0,310195221895;2,8563019759;0;0;0;0
2;3;3;2;3;3;3;2;3;2;2;3;3;3;3;3;3;3;2;2;2;3;3;3;3;2;3;3;3;3;3;3;3;3;3;3;2;3;3;3;3;3;2;3;3;3;3;3;0;3;3;3;3;2;3;3;3;3;2;3;3;3;3;3;3;3;2;3;3;3;3;3;3;3;2;3;3;3;3;3;3;3;3;3;3;3;2;2;4;1;3;3;3;3;3;3;3;3;3;2;3;3;3;3;3;3;3;3;0;0;3;2;3;3;3;2;3;3;3;3;3;3;3;3;3;3;3;3;3;3;2;3;3;3;3;4;3;3;2;2;3;3;2;3;3;2;3;3;3;3;3;3;2;3;2;3;3;3;3;2;3;3;2;2;3;3;3;3;2;3;3;3;3;2;3;3;3;3;2;3;3;3;3;3;3;3;3;3;3;3;3;2;1;3;2;3;3;3;3;3;2;2;3;3;3;3;3;3;2;3;2;3;3;3;0,209206029738;0,199268992562;0,516521698966;0,221654516586;0,310195221895;2,8563019759;0;0;0;0
2;3;3;2;3;3;3;2;3;2;2;3;3;3;3;3;3;3;2;2;2;3;3;3;3;2;3;3;3;3;3;3;3;3;3;3;2;3;3;3;3;3;2;3;3;3;3;3;0;3;3;3;3;2;3;3;3;3;2;3;3;3;3;3;3;3;2;3;3;3;3;3;3;3;2;3;3;3;3;3;3;3;3;3;3;3;2;2;4;1;3;3;3;3;3;3;3;3;3;2;3;3;3;3;3;3;3;3;0;0;3;2;3;3;3;2;3;3;3;3;3;3;3;3;3;3;3;3;3;3;2;3;3;3;3;4;3;3;2;2;3;3;2;3;3;2;3;3;3;3;3;3;2;3;2;3;3;3;3;2;3;3;2;2;3;3;3;3;2;3;3;3;3;2;3;3;3;3;2;3;3;3;3;3;3;3;3;3;3;3;3;2;1;3;2;3;3;3;3;3;2;2;3;3;3;3;3;3;2;3;2;3;3;3;0,209206029738;0,199268992562;0,516521698966;0,221654516586;0,310195221895;2,8563019759;0;0;0;0
2;3;3;2;3;3;3;2;3;2;2;3;3;3;3;3;3;3;2;2;2;3;3;3;3;2;3;3;3;3;3;3;3;3;3;3;2;3;3;3;3;3;2;3;3;3;3;3;0;3;3;3;3;2;3;3;3;3;2;3;3;3;3;3;3;3;2;3;3;3;3;3;3;3;2;3;3;3;3;3;3;3;3;3;3;3;2;2;4;1;3;3;3;3;3;3;3;3;3;2;3;3;3;3;3;3;3;3;0;0;3;2;3;3;3;2;3;3;3;3;3;3;3;3;3;3;3;3;3;3;2;3;3;3;3;4;3;3;2;2;3;3;2;3;3;2;3;3;3;3;3;3;2;3;2;3;3;3;3;2;3;3;2;2;3;3;3;3;2;3;3;3;3;2;3;3;3;3;2;3;3;3;3;3;3;3;3;3;3;3;3;2;1;3;2;3;3;3;3;3;2;2;3;3;3;3;3;3;2;3;2;3;3;3;0,209206029738;0,199268992562;0,516521698966;0,221654516586;0,310195221895;2,8563019759;0;0;0;0
2;3;3;2;3;3;3;2;3;2;2;3;3;3;3;3;3;3;2;2;2;3;3;3;3;2;3;3;3;3;3;3;3;3;3;3;2;3;3;3;3;3;2;3;3;3;3;3;0;3;3;3;3;2;3;3;3;3;2;3;3;3;3;3;3;3;2;3;3;3;3;3;3;3;2;3;3;3;3;3;3;3;3;3;3;3;2;2;4;1;3;3;3;3;3;3;3;3;3;2;3;3;3;3;3;3;3;3;0;0;3;2;3;3;3;2;3;3;3;3;3;3;3;3;3;3;3;3;3;3;2;3;3;3;3;4;3;3;2;2;3;3;2;3;3;2;3;3;3;3;3;3;2;3;2;3;3;3;3;2;3;3;2;2;3;3;3;3;2;3;3;3;3;2;3;3;3;3;2;3;3;3;3;3;3;3;3;3;3;3;3;2;1;3;2;3;3;3;3;3;2;2;3;3;3;3;3;3;2;3;2;3;3;3;0,209206029738;0,199268992562;0,516521698966;0,221654516586;0,310195221895;2,8563019759;0;0;0;0
2;3;3;2;3;3;3;2;3;2;2;3;3;3;3;3;3;3;2;2;2;3;3;3;3;2;3;3;3;3;3;3;3;3;3;3;2;3;3;3;3;3;2;3;3;3;3;3;0;3;3;3;3;2;3;3;3;3;2;3;3;3;3;3;3;3;2;3;3;3;3;3;3;3;2;3;3;3;3;3;3;3;3;3;3;3;2;2;4;1;3;3;3;3;3;3;3;3;3;2;3;3;3;3;3;3;3;3;0;0;3;2;3;3;3;2;3;3;3;3;3;3;3;3;3;3;3;3;3;3;2;3;3;3;3;4;3;3;2;2;3;3;2;3;3;2;3;3;3;3;3;3;2;3;2;3;3;3;3;2;3;3;2;2;3;3;3;3;2;3;3;3;3;2;3;3;3;3;2;3;3;3;3;3;3;3;3;3;3;3;3;2;1;3;2;3;3;3;3;3;2;2;3;3;3;3;3;3;2;3;2;3;3;3;0,209206029738;0,199268992562;0,516521698966;0,221654516586;0,310195221895;2,8563019759;0;0;0;0
2;3;3;2;3;3;3;2;3;2;2;3;3;3;3;3;3;3;2;2;2;3;3;3;3;2;3;3;3;3;3;3;3;3;3;3;2;3;3;3;3;3;2;3;3;3;3;3;0;3;3;3;3;2;3;3;3;3;2;3;3;3;3;3;3;3;2;3;3;3;3;3;3;3;2;3;3;3;3;3;3;3;3;3;3;3;2;2;4;1;3;3;3;3;3;3;3;3;3;2;3;3;3;3;3;3;3;3;0;0;3;2;3;3;3;2;3;3;3;3;3;3;3;3;3;3;3;3;3;3;2;3;3;3;3;4;3;3;2;2;3;3;2;3;3;2;3;3;3;3;3;3;2;3;2;3;2;3;3;2;3;3;2;2;3;3;3;3;2;3;3;3;3;2;3;3;3;3;2;3;3;3;3;3;3;3;3;3;3;3;3;2;1;3;2;3;3;3;3;3;2;2;3;3;3;3;3;3;2;3;2;3;3;3;0,205453037951;0,195203685325;0,502046925551;0,217689537934;0,303695501865;2,8784167005;0;0;0;0
2;3;3;2;3;3;3;2;3;2;2;3;3;3;3;3;3;3;2;2;2;3;3;3;3;2;3;3;3;3;3;3;3;3;3;3;2;3;3;3;3;3;2;3;3;3;3;3;0;3;3;3;3;2;3;3;3;3;2;3;3;3;3;3;3;3;2;3;3;3;3;3;3;3;2;3;3;3;3;3;3;3;3;3;3;3;2;2;4;1;3;3;3;3;3;3;3;3;3;2;3;3;3;3;3;3;3;3;0;0;3;2;3;3;3;2;3;3;3;3;3;3;3;3;3;3;3;3;3;3;2;3;3;3;3;4;3;3;2;2;3;3;2;3;3;2;3;3;3;3;3;3;2;3;2;3;2;3;3;2;3;3;2;2;3;3;3;3;2;3;3;3;3;2;3;3;3;3;2;3;3;3;3;3;3;3;3;3;3;3;3;2;1;3;2;3;3;3;3;3;2;2;3;3;3;3;3;3;2;3;2;3;3;3;0,205453037951;0,195203685325;0,502046925551;0,217689537934;0,303695501865;2,8784167005;0;0;0;0
2;3;3;2;3;3;3;2;3;2;2;3;3;3;3;3;3;3;2;2;2;3;3;3;3;2;3;3;3;3;3;3;3;3;3;3;2;3;3;3;3;3;2;3;3;3;3;3;0;3;3;3;3;2;3;3;3;3;2;3;3;3;3;3;3;3;2;3;3;3;3;3;3;3;2;3;3;3;3;3;3;3;3;3;3;3;2;2;4;1;3;3;3;3;3;3;3;3;3;2;3;3;3;3;3;3;3;3;0;0;3;2;3;3;3;2;3;3;3;3;3;3;3;3;3;3;3;3;3;3;2;3;3;3;3;4;3;3;2;2;3;3;2;3;3;2;3;3;3;3;3;3;2;3;2;3;2;3;3;2;3;3;2;2;3;3;3;3;2;3;3;3;3;2;3;3;3;3;2;3;3;3;3;3;3;3;3;3;3;3;3;2;1;3;2;3;3;3;3;3;2;2;3;3;3;3;3;3;2;3;2;3;3;3;0,205453037951;0,195203685325;0,502046925551;0,217689537934;0,303695501865;2,8784167005;0;0;0;0
2;3;3;2;3;3;3;2;3;2;2;3;3;3;3;3;3;3;2;2;2;3;3;3;3;2;3;3;3;3;3;3;3;3;3;3;2;3;3;3;3;3;2;3;3;3;3;3;0;3;3;3;3;2;3;3;3;3;2;3;3;3;3;3;3;3;2;3;3;3;3;3;3;3;2;3;3;3;3;3;3;3;3;3;3;3;2;2;4;1;3;3;3;3;3;3;3;3;3;2;3;3;3;3;3;3;3;3;0;0;3;2;3;3;3;2;3;3;3;3;3;3;3;3;3;3;3;3;3;3;2;3;3;3;3;4;3;3;2;2;3;3;2;3;3;2;3;3;3;3;3;3;2;3;2;3;2;3;3;2;3;3;2;2;3;3;3;3;2;3;3;3;3;2;3;3;3;3;2;3;3;3;3;3;3;3;3;3;3;3;3;2;1;3;2;3;3;3;3;3;2;2;3;3;3;3;3;3;2;3;2;3;3;3;0,205453037951;0,195203685325;0,502046925551;0,217689537934;0,303695501865;2,8784167005;0;0;0;0
2;2;0;2;0;0;0;2;0;0;2;0;0;0;0;0;0;0;2;2;1;0;0;0;0;2;0;0;0;0;0;0;0;0;0;0;2;0;0;0;0;0;0;0;0;0;0;0;4;0;0;0;0;0;0;0;0;0;2;0;0;0;0;0;0;0;2;4;0;0;0;0;0;0;0;0;0;2;0;0;0;0;0;0;0;0;2;2;5;4;0;0;0;0;0;0;0;0;0;2;0;0;0;0;0;4;0;0;0;3;0;2;0;0;0;0;0;0;0;0;0;0;0;0;0;0;0;0;0;0;2;0;0;0;0;5;0;0;2;2;0;0;0;0;0;2;0;0;0;0;0;0;0;0;2;0;2;0;0;2;0;0;0;2;0;0;0;0;0;0;0;0;0;2;0;4;0;0;0;0;0;0;0;0;0;0;0;0;0;0;0;2;0;0;0;0;4;3;0;0;1;2;0;0;0;0;0;0;2;0;2;0;0;0;0,166604977536;0,195210996971;0,500820987561;0,223747780056;0,309308347752;3,64628136621;0;0;0;0
2;2;0;2;0;0;0;2;0;0;2;0;0;0;0;0;0;0;2;2;1;0;0;0;0;2;0;0;0;0;0;0;0;0;0;0;2;0;0;0;0;0;0;0;0;0;0;0;4;0;0;0;0;2;0;0;0;0;2;0;0;0;0;0;0;0;2;4;0;0;0;0;0;0;0;0;0;2;0;0;0;0;0;0;0;0;2;2;5;4;0;0;0;0;0;0;0;0;0;2;0;0;0;0;0;4;0;0;0;3;0;2;0;0;0;0;0;0;0;0;0;0;0;0;0;0;0;0;0;0;2;0;0;0;0;5;0;0;2;2;2;0;2;0;0;2;0;0;0;0;0;0;0;0;2;0;2;0;0;2;0;0;0;2;0;0;0;0;0;0;0;0;0;2;0;4;0;0;0;0;0;0;0;0;0;0;0;0;0;0;0;2;0;0;0;0;4;3;0;0;1;2;0;0;0;0;0;0;2;0;2;0;2;0;0,188737438999;0,195608067469;0,47885109889;0,22406766536;0,305284346471;3,7778419197;0;0;0;0
2;2;0;2;0;0;0;2;0;0;2;0;0;0;0;0;0;0;2;2;1;0;0;0;0;2;0;0;0;0;0;0;0;0;0;0;2;0;0;0;0;0;0;0;0;0;0;0;4;0;0;0;0;2;0;0;0;0;2;0;0;0;0;0;0;0;2;4;0;0;0;0;0;0;0;0;0;2;0;0;0;0;0;0;0;0;2;2;5;4;0;0;0;0;0;0;0;0;0;2;0;0;0;0;0;4;0;0;0;3;0;2;0;0;0;0;0;0;0;0;0;0;0;0;0;0;0;0;0;0;2;0;0;0;0;5;0;0;2;2;2;0;2;0;0;2;0;0;0;0;0;0;0;0;2;0;2;0;0;2;0;0;0;2;0;0;0;0;0;0;0;0;0;2;0;4;0;0;0;0;0;0;0;0;0;0;0;0;0;0;0;2;0;0;0;0;4;3;0;0;1;2;0;0;0;0;0;0;2;0;2;0;2;0;0,188737438999;0,195608067469;0,47885109889;0,22406766536;0,305284346471;3,7778419197;0;0;0;0
2;2;0;2;0;0;0;2;0;0;2;0;0;0;0;0;0;0;2;2;1;0;0;0;0;2;0;0;0;0;0;0;0;0;0;0;2;0;0;0;0;0;0;0;0;0;0;0;4;0;0;0;0;2;0;0;0;0;2;0;0;0;0;0;0;0;2;4;0;0;0;0;0;0;0;0;0;2;0;0;0;0;0;0;0;0;2;2;5;4;0;0;0;0;0;0;0;0;0;2;0;0;0;0;0;4;0;0;0;3;0;2;0;0;0;0;0;0;0;0;0;0;0;0;0;0;0;0;0;0;2;0;0;0;0;5;0;0;2;2;2;0;2;0;0;2;0;0;0;0;0;0;0;0;2;0;2;0;0;2;0;0;0;2;0;0;0;0;0;0;0;0;0;2;0;4;0;0;0;0;0;0;0;0;0;0;0;0;0;0;0;2;0;0;0;0;4;3;0;0;1;2;0;0;0;0;0;0;2;0;2;0;2;0;0,188737438999;0,195608067469;0,47885109889;0,22406766536;0,305284346471;3,7778419197;0;0;0;0
2;2;0;2;0;0;0;2;0;0;2;0;0;0;0;0;0;0;2;2;1;0;0;0;0;2;0;0;0;0;0;0;0;0;0;0;2;0;0;0;0;0;0;0;0;0;0;0;4;0;0;0;0;2;0;0;0;0;2;0;0;0;0;0;0;0;2;4;0;0;0;0;0;0;0;0;0;2;0;0;0;0;0;0;0;0;2;2;5;4;0;0;0;0;0;0;0;0;0;2;0;0;0;0;0;4;0;0;0;3;0;2;0;0;0;0;0;0;0;0;0;0;0;0;0;0;0;0;0;0;2;0;0;0;0;5;0;0;2;2;2;0;2;0;0;2;0;0;0;0;0;0;0;0;2;0;2;0;0;2;0;0;0;2;0;0;0;0;0;0;0;0;0;2;0;4;0;0;0;0;0;0;0;0;0;0;0;0;0;0;0;2;0;0;0;0;4;3;0;0;1;2;0;0;0;0;0;0;2;0;2;0;2;0;0,188737438999;0,195608067469;0,47885109889;0,22406766536;0,305284346471;3,7778419197;0;0;0;0
2;2;0;2;0;0;0;2;0;0;2;0;0;0;0;0;0;0;2;2;1;0;0;0;0;2;0;0;0;0;0;0;0;0;0;0;2;0;0;0;0;0;0;0;0;0;0;0;4;0;0;0;0;2;0;0;0;0;2;0;0;0;0;0;0;0;2;4;0;0;0;0;0;0;0;0;0;2;0;0;0;0;0;0;0;0;2;2;5;4;0;0;0;0;0;0;0;0;0;2;0;0;0;0;0;4;0;0;0;3;0;2;0;0;0;0;0;0;0;0;0;0;0;0;0;0;0;0;0;0;2;0;0;0;0;5;0;0;2;2;2;0;2;0;0;2;0;0;0;0;0;0;0;0;2;0;2;0;0;2;0;0;0;2;0;0;0;0;0;0;0;0;0;2;0;4;0;0;0;0;0;0;0;0;0;0;0;0;0;0;0;2;0;0;0;0;4;3;0;0;1;2;0;0;0;0;0;0;2;0;2;0;2;0;0,188737438999;0,195608067469;0,47885109889;0,22406766536;0,305284346471;3,7778419197;0;0;0;0
2;2;0;2;0;0;0;2;0;0;2;0;0;0;0;0;0;0;2;2;1;0;0;0;0;2;0;0;0;0;0;0;0;0;0;0;2;0;0;0;0;0;0;0;0;0;0;0;4;0;0;0;0;2;0;0;0;0;2;0;0;0;0;0;0;0;2;4;0;0;0;0;0;0;0;0;0;2;0;0;0;0;0;0;0;0;2;2;5;4;0;0;0;0;0;0;0;0;0;2;0;0;0;0;0;4;0;0;0;3;0;2;0;0;0;0;0;0;0;0;0;0;0;0;0;0;0;0;0;0;2;0;0;0;0;5;0;0;2;2;2;0;2;0;0;2;0;0;0;0;0;0;0;0;2;0;2;0;0;2;0;0;0;2;0;0;0;0;0;0;0;0;0;2;0;4;0;0;0;0;0;0;0;0;0;0;0;0;0;0;0;2;0;0;0;0;4;3;0;0;1;2;0;0;0;0;0;0;2;0;2;0;2;0;0,188737438999;0,195608067469;0,47885109889;0,22406766536;0,305284346471;3,7778419197;0;0;0;0
2;2;0;2;0;0;0;2;0;0;2;0;0;0;0;0;0;0;2;2;1;0;0;0;0;2;0;0;0;0;0;0;0;0;0;0;2;0;0;0;0;0;0;0;0;0;0;0;4;0;0;0;0;2;0;0;0;0;2;0;0;0;0;0;0;0;2;4;0;0;0;0;0;0;0;0;0;2;0;0;0;0;0;0;0;0;2;2;5;4;0;0;0;0;0;0;0;0;0;2;0;0;0;0;0;4;0;0;0;3;0;2;0;0;0;0;0;0;0;0;0;0;0;0;0;0;0;0;0;0;2;0;0;0;0;5;0;0;2;2;2;0;2;0;0;2;0;0;0;0;0;0;0;0;2;0;2;0;0;2;0;0;0;2;0;0;0;0;0;0;0;0;0;2;0;4;0;0;0;0;0;0;0;0;0;0;0;0;0;0;0;2;0;0;0;0;4;3;0;0;1;2;0;0;0;0;0;0;2;0;2;0;2;0;0,188737438999;0,195608067469;0,47885109889;0,22406766536;0,305284346471;3,7778419197;0;0;0;0
2;2;0;2;0;0;0;2;0;0;2;0;0;0;0;0;0;0;2;2;1;0;0;0;0;2;0;0;0;0;0;0;0;0;0;0;2;0;0;0;0;0;0;0;0;0;0;0;4;0;0;0;0;2;0;0;0;0;2;0;0;0;0;0;0;0;2;4;0;0;0;0;0;0;0;0;0;2;0;0;0;0;0;0;0;0;2;2;5;4;0;0;0;0;0;0;0;0;0;2;0;0;0;0;0;4;0;0;0;3;0;2;0;0;0;0;0;0;0;0;0;0;0;0;0;0;0;0;0;0;2;0;0;0;0;5;0;0;2;2;2;0;2;0;0;2;0;0;0;0;0;0;0;0;2;0;2;0;0;2;0;0;0;2;0;0;0;0;0;0;0;0;0;2;0;4;0;0;0;0;0;0;0;0;0;0;0;0;0;0;0;2;0;0;0;0;4;3;0;0;1;2;0;0;0;0;0;0;2;0;2;0;2;0;0,188737438999;0,195608067469;0,47885109889;0,22406766536;0,305284346471;3,7778419197;0;0;0;0
2;2;0;2;0;0;0;2;0;0;2;0;0;0;0;0;0;0;2;2;1;0;0;0;0;2;0;0;0;0;0;0;0;0;0;0;2;0;0;0;0;0;0;0;0;0;0;0;4;0;0;0;0;2;0;0;0;0;2;0;0;0;0;0;0;0;2;4;0;0;0;0;0;0;0;0;0;2;0;0;0;0;0;0;0;0;2;2;5;4;0;0;0;0;0;0;0;0;0;2;0;0;0;0;0;4;0;0;0;3;0;2;0;0;0;0;0;0;0;0;0;0;0;0;0;0;0;0;0;0;2;0;0;0;0;5;0;0;2;2;2;0;2;0;0;2;0;0;0;0;0;0;0;0;2;0;2;0;0;2;0;0;0;2;0;0;0;0;0;0;0;0;0;2;0;4;0;0;0;0;0;0;0;0;0;0;0;0;0;0;0;2;0;0;0;0;4;3;0;0;1;2;0;0;0;0;0;0;2;0;2;0;2;0;0,188737438999;0,195608067469;0,47885109889;0,22406766536;0,305284346471;3,7778419197;0;0;0;0
2;2;0;2;0;0;0;2;0;0;2;0;0;0;0;0;0;0;2;2;1;0;0;0;0;2;0;0;0;0;0;0;0;0;0;0;2;0;0;0;0;0;0;0;0;0;0;0;4;0;0;0;0;2;0;0;0;0;2;0;0;0;0;0;0;0;2;4;0;0;0;0;0;0;0;0;0;2;0;0;0;0;0;0;0;0;2;2;5;4;0;0;0;0;0;0;0;0;0;2;0;0;0;0;0;4;0;0;0;3;0;2;0;0;0;0;0;0;0;0;0;0;0;0;0;0;0;0;0;0;2;0;0;0;0;5;0;0;2;2;2;0;2;0;0;2;0;0;0;0;0;0;0;0;2;0;2;0;0;2;0;0;0;2;0;0;0;0;0;0;0;0;0;2;0;4;0;0;0;0;0;0;0;0;0;0;0;0;0;0;0;2;0;0;0;0;4;3;0;0;1;2;0;0;0;0;0;0;2;0;2;0;2;0;0,188737438999;0,195608067469;0,47885109889;0,22406766536;0,305284346471;3,7778419197;0;0;0;0
2;2;0;2;0;0;0;2;0;0;2;0;0;0;0;0;0;0;2;2;1;0;0;0;0;2;0;0;0;0;0;0;0;0;0;0;2;0;0;0;0;0;0;0;0;0;0;0;4;0;0;0;0;2;0;0;0;0;2;0;0;0;0;0;0;0;2;4;0;0;0;0;0;0;0;0;0;2;0;0;0;0;0;0;0;0;2;2;5;4;0;0;0;0;0;0;0;0;0;2;0;0;0;0;0;4;0;0;0;3;0;2;0;0;0;0;0;0;0;0;0;0;0;0;0;0;0;0;0;0;2;0;0;0;0;5;0;0;2;2;2;0;2;0;0;2;0;0;0;0;0;0;0;0;2;0;2;0;0;2;0;0;0;2;0;0;0;0;0;0;0;0;0;2;0;4;0;0;0;0;0;0;0;0;0;0;0;0;0;0;0;2;0;0;0;0;4;3;0;0;1;2;0;0;0;0;0;0;2;0;2;0;2;0;0,188737438999;0,195608067469;0,47885109889;0,22406766536;0,305284346471;3,7778419197;0;0;0;0
2;2;0;2;0;0;0;2;0;0;2;0;0;0;0;0;0;0;2;2;1;0;0;0;0;2;0;0;0;0;0;0;0;0;0;0;2;0;0;0;0;0;0;0;0;0;0;0;4;0;0;0;0;2;0;0;0;0;2;0;0;0;0;0;0;0;2;4;0;0;0;0;0;0;0;0;0;2;0;0;0;0;0;0;0;0;2;2;5;4;0;0;0;0;0;0;0;0;0;2;0;0;0;0;0;4;0;0;0;3;0;2;0;0;0;0;0;0;0;0;0;0;0;0;0;0;0;0;0;0;2;0;0;0;0;5;0;0;2;2;2;0;2;0;0;2;0;0;0;0;0;0;0;0;2;0;2;0;0;2;0;0;0;2;0;0;0;0;0;0;0;0;0;2;0;4;0;0;0;0;0;0;0;0;0;0;0;0;0;0;0;2;0;0;0;0;4;3;0;0;1;2;0;0;0;0;0;0;2;0;2;0;2;0;0,188737438999;0,195608067469;0,47885109889;0,22406766536;0,305284346471;3,7778419197;0;0;0;0
2;2;0;2;0;0;0;2;0;0;2;0;0;0;0;0;0;0;2;2;1;0;0;0;0;2;0;0;0;0;0;0;0;0;0;0;2;0;0;0;0;0;0;0;0;0;0;0;4;0;0;0;0;2;0;0;0;0;2;0;0;0;0;0;0;0;2;4;0;0;0;0;0;0;0;0;0;2;0;0;0;0;0;0;0;0;2;2;5;4;0;0;0;0;0;0;0;0;0;2;0;0;0;0;0;4;0;0;0;3;0;2;0;0;0;0;0;0;0;0;0;0;0;0;0;0;0;0;0;0;2;0;0;0;0;5;0;0;2;2;2;0;2;0;0;2;0;0;0;0;0;0;0;0;2;0;2;0;0;2;0;0;0;2;0;0;0;0;0;0;0;0;0;2;0;4;0;0;0;0;0;0;0;0;0;0;0;0;0;0;0;2;0;0;0;0;4;3;0;0;1;2;0;0;0;0;0;0;2;0;2;0;2;0;0,188737438999;0,195608067469;0,47885109889;0,22406766536;0,305284346471;3,7778419197;0;0;0;0
2;2;0;2;0;0;0;2;0;0;2;0;0;0;0;0;0;0;2;2;1;0;0;0;0;2;0;0;0;0;0;0;0;0;0;0;2;0;0;0;0;0;0;0;0;0;0;0;4;0;0;0;0;2;0;0;0;0;2;0;0;0;0;0;0;0;2;4;0;0;0;0;0;0;0;0;0;2;0;0;0;0;0;0;0;0;2;2;5;4;0;0;0;0;0;0;0;0;0;2;0;0;0;0;0;4;0;0;0;3;0;2;0;0;0;0;0;0;0;0;0;0;0;0;0;0;0;0;0;0;2;0;0;0;0;5;0;0;2;2;2;0;2;0;0;2;0;0;0;0;0;0;0;0;2;0;2;0;0;2;0;0;0;2;0;0;0;0;0;0;0;0;0;2;0;4;0;0;0;0;0;0;0;0;0;0;0;0;0;0;0;2;0;0;0;0;4;3;0;0;1;2;0;0;0;0;0;0;2;0;2;0;2;0;0,188737438999;0,195608067469;0,47885109889;0,22406766536;0,305284346471;3,7778419197;0;0;0;0
2;2;0;2;0;0;0;2;0;0;2;0;0;0;0;0;0;0;2;2;1;0;0;0;0;2;0;0;0;0;0;0;0;0;0;0;2;0;0;0;0;0;0;0;0;0;0;0;4;0;0;0;0;2;0;0;0;0;2;0;0;0;0;0;0;0;2;4;0;0;0;0;0;0;0;0;0;2;0;0;0;0;0;0;0;0;2;2;5;4;0;0;0;0;0;0;0;0;0;2;0;0;0;0;0;4;0;0;0;3;0;2;0;0;0;0;0;0;0;0;0;0;0;0;0;0;0;0;0;0;2;0;0;0;0;5;0;0;2;2;2;0;2;0;0;2;0;0;0;0;0;0;0;0;2;0;2;0;0;2;0;0;0;2;0;0;0;0;0;0;0;0;0;2;0;4;0;0;0;0;0;0;0;0;0;0;0;0;0;0;0;2;0;0;0;0;4;3;0;0;1;2;0;0;0;0;0;0;2;0;2;0;2;0;0,188737438999;0,195608067469;0,47885109889;0,22406766536;0,305284346471;3,7778419197;0;0;0;0
2;2;0;2;0;0;0;2;0;0;2;0;0;0;0;0;0;0;2;2;1;0;0;0;0;2;0;0;0;0;0;0;0;0;0;0;2;0;0;0;0;0;0;0;0;0;0;0;4;0;0;0;0;2;0;0;0;0;2;0;0;0;0;0;0;0;2;4;0;0;0;0;0;0;0;0;0;2;0;0;0;0;0;0;0;0;2;2;5;4;0;0;0;0;0;0;0;0;0;2;0;0;0;0;0;4;0;0;0;3;0;2;0;0;0;0;0;0;0;0;0;0;0;0;0;0;0;0;0;0;2;0;0;0;0;5;0;0;2;2;2;0;2;0;0;2;0;0;0;0;0;0;0;0;2;0;2;0;0;2;0;0;0;2;0;0;0;0;0;0;0;0;0;2;0;4;0;0;0;0;0;0;0;0;0;0;0;0;0;0;0;2;0;0;0;0;4;3;0;0;1;2;0;0;0;0;0;0;2;0;2;0;2;0;0,188737438999;0,195608067469;0,47885109889;0,22406766536;0,305284346471;3,7778419197;0;0;0;0
2;2;0;2;0;0;0;2;0;0;2;0;0;0;0;0;0;0;2;2;1;0;0;0;0;2;0;0;0;0;0;0;0;0;0;0;2;0;0;0;0;0;0;0;0;0;0;0;4;0;0;0;0;2;0;0;0;0;2;0;0;0;0;0;0;0;2;4;0;0;0;0;0;0;0;0;0;2;0;0;0;0;0;0;0;0;2;2;5;4;0;0;0;0;0;0;0;0;0;2;0;0;0;0;0;4;0;0;0;3;0;2;0;0;0;0;0;0;0;0;0;0;0;0;0;0;0;0;0;0;2;0;0;0;0;5;0;0;2;2;2;0;2;0;0;2;0;0;0;0;0;0;0;0;2;0;2;0;0;2;0;0;0;2;0;0;0;0;0;0;0;0;0;2;0;4;0;0;0;0;0;0;0;0;0;0;0;0;0;0;0;2;0;0;0;0;4;3;0;0;1;2;0;0;0;0;0;0;2;0;2;0;2;0;0,188737438999;0,195608067469;0,47885109889;0,22406766536;0,305284346471;3,7778419197;0;0;0;0
