25;40;30;db;Minkowski_2;2;4
1;5;3;5;5;5;5;5;5;5;5;5;5;5;3;1;5;5;5;5;5;4;5;3;0;5;5;5;5;5;5;5;4;5;3;5;5;5;3;5;5;1;5;3;5;3;5;3;5;5;5;5;5;5;5;3;3;5;5;3;5;5;5;5;5;4;3;5;5;3;5;5;5;5;3;5;5;3;5;5;5;3;5;5;5;5;3;3;5;5;5;5;5;5;5;5;5;3;5;5;5;1;3;5;3;5;5;3;5;1;5;1;5;3;3;5;3;1;5;5;5;3;3;5;3;5;3;3;3;5;5;5;5;0;5;5;5;2;3;4;5;5;5;5;5;5;5;5;3;2;5;3;5;3;3;5;5;5;5;5;3;3;5;5;5;5;5;1;5;1;1;5;5;5;5;5;5;5;5;5;1;3;5;5;5;1;5;5;5;0;3;2;5;5;5;5;5;5;4;5;5;3;5;1;5;5;3;5;3;5;5;5;5;3;0,179193286859;0,203374653513;0,367143011374;0,23451539967;0,286211207117;0,676670772055;0;0;0;0
1;5;3;5;5;5;5;5;5;5;5;5;5;5;3;1;5;5;5;5;5;4;5;3;0;5;5;5;5;5;5;5;4;5;3;5;5;5;3;5;5;1;5;3;5;3;5;3;5;5;5;5;5;5;5;3;3;5;5;3;5;5;5;5;5;4;3;5;5;3;5;5;5;5;3;5;5;3;5;5;5;3;5;5;5;5;3;3;5;5;5;5;5;5;5;5;5;3;5;5;5;1;3;5;3;5;5;3;5;1;5;1;5;3;3;5;3;1;5;5;5;3;3;5;3;5;3;3;3;5;5;5;5;0;5;5;5;2;3;4;5;5;5;5;5;5;5;5;3;2;5;3;5;3;3;5;5;5;5;5;3;3;5;5;5;5;5;1;5;1;1;5;5;5;5;5;5;5;5;5;1;3;5;5;5;1;5;5;5;0;3;2;5;5;5;5;5;5;4;5;5;3;5;1;5;5;3;5;3;5;5;5;5;3;0,179193286859;0,203374653513;0,367143011374;0,23451539967;0,286211207117;0,676670772055;0;0;0;0
3;3;1;3;3;3;3;3;3;3;3;3;3;3;1;3;3;3;3;3;3;1;3;1;1;3;3;3;3;3;3;3;3;3;1;3;3;1;1;3;3;3;3;2;3;1;3;1;3;1;3;3;1;3;3;1;1;3;3;1;3;3;3;3;3;1;1;3;3;1;3;3;3;3;1;3;3;1;3;3;3;1;3;3;3;3;1;1;3;3;3;3;3;3;3;3;3;1;3;3;3;3;1;3;1;3;1;1;3;3;3;3;3;2;1;3;1;3;3;3;3;1;1;3;1;1;1;1;1;3;3;3;3;3;3;3;3;0;1;1;3;3;3;3;3;3;3;3;1;0;3;1;3;1;1;3;3;3;3;3;1;1;3;3;3;3;3;3;3;3;3;3;3;3;3;1;3;3;3;3;3;1;3;3;3;3;3;3;3;0;3;1;1;3;3;3;3;3;1;3;3;1;3;3;3;3;1;3;1;3;3;3;3;1;0,229994485444;0,226991128001;0,536884543905;0,243621675413;0,335158667163;0,773449108939;0;0;0;0
0;4;1;4;4;4;4;4;4;4;4;4;4;4;1;0;4;4;4;4;4;4;4;1;4;4;4;4;4;4;4;4;4;4;1;4;4;4;1;4;4;0;4;0;3;1;4;1;4;4;4;4;4;4;4;1;1;4;4;1;4;4;4;4;4;4;1;4;4;1;4;4;4;4;1;4;4;1;4;4;0;1;4;4;4;4;1;1;4;4;4;4;4;4;4;4;4;1;4;0;4;0;1;4;1;4;4;1;4;0;4;0;4;1;1;4;1;0;4;4;4;1;1;3;1;4;1;1;1;4;0;4;4;4;4;4;4;2;1;4;4;4;4;4;4;4;4;0;4;2;4;1;4;1;1;4;4;4;4;4;1;1;0;4;4;4;4;4;0;0;0;4;4;4;4;4;4;4;4;4;4;1;4;4;4;0;4;4;4;0;1;1;4;4;4;4;0;4;4;4;4;1;4;0;4;4;1;4;1;4;4;4;4;1;0,135086480977;0,152255487162;0,300890659062;0,177360742021;0,223172124274;0,839993238167;0;0;0;0
0;4;1;4;4;4;4;4;4;4;4;4;4;4;1;0;4;4;4;4;4;4;4;1;4;4;4;4;4;4;4;4;4;4;1;4;4;4;1;4;4;0;4;0;3;1;4;1;4;4;4;4;4;4;4;1;1;4;4;1;4;4;4;4;4;4;1;4;4;1;4;4;4;4;1;4;4;1;4;4;0;1;4;4;4;4;1;1;4;4;4;4;4;4;4;4;4;1;4;0;4;0;1;4;1;4;4;1;4;0;4;0;4;1;1;4;1;0;4;4;4;1;1;3;1;4;1;1;1;4;0;4;4;4;4;4;4;2;1;4;4;4;4;4;4;4;4;0;4;2;4;1;4;1;1;4;4;4;4;4;1;1;0;4;4;4;4;4;0;0;0;4;4;4;4;4;4;4;4;4;4;1;4;4;4;0;4;4;4;0;1;1;4;4;4;4;0;4;4;4;4;1;4;0;4;4;1;4;1;4;4;4;4;1;0,135086480977;0,152255487162;0,300890659062;0,177360742021;0,223172124274;0,839993238167;0;0;0;0
0;3;1;3;3;3;3;3;3;3;3;3;3;3;1;0;3;3;3;3;3;1;3;1;3;3;3;3;3;3;1;3;3;3;1;0;3;3;1;3;3;0;3;1;0;1;3;1;0;3;3;3;3;0;3;1;1;0;3;1;3;3;3;3;3;1;1;3;3;1;3;3;0;3;1;3;0;1;3;3;0;1;3;3;0;0;1;1;3;3;3;3;3;3;3;3;3;1;3;0;3;0;1;3;1;3;3;1;3;0;0;0;3;1;1;3;1;0;1;3;3;1;1;0;1;3;1;1;1;3;0;3;3;3;3;3;3;2;1;3;3;0;3;3;3;3;0;0;1;2;3;1;3;1;1;3;3;3;3;0;1;1;0;3;3;3;3;0;0;0;0;3;3;3;3;3;1;3;0;3;0;1;3;3;0;0;0;3;3;0;1;1;3;3;3;3;0;3;1;3;3;1;0;0;3;3;1;0;1;3;0;3;3;1;0,132945485877;0,189688930302;0,306087655798;0,208247715792;0,247861837521;0,902617078921;0;0;0;0
0;3;1;3;3;3;3;3;3;3;3;3;3;3;1;0;3;3;3;3;3;3;3;1;3;3;3;3;3;3;3;3;3;3;1;3;3;3;1;3;3;0;3;0;3;1;3;1;3;3;3;3;3;3;3;1;1;3;3;1;3;3;3;3;3;3;3;3;3;1;3;3;3;3;1;3;3;1;3;3;0;1;3;3;3;3;1;1;3;3;3;3;3;3;3;3;3;1;3;3;3;0;1;3;1;3;3;1;3;0;3;0;3;1;1;3;1;0;3;3;3;1;1;0;1;3;1;1;1;3;3;3;3;3;3;3;3;2;1;3;3;3;3;3;3;3;3;0;3;2;3;1;3;1;1;3;3;3;3;3;1;1;3;3;3;3;3;3;0;0;0;3;3;3;3;3;3;3;3;3;3;1;3;3;3;0;3;3;3;0;3;1;3;3;3;3;0;3;3;3;3;1;3;0;3;3;1;3;1;3;3;3;3;1;0,13412093292;0,150870303002;0,318681205488;0,170757130516;0,222365451153;0,985009226532;0;0;0;0
0;3;1;3;3;3;3;3;3;3;3;3;3;3;1;0;3;3;3;3;3;3;3;1;3;3;3;3;3;3;3;3;3;3;1;3;3;3;1;3;3;0;3;0;3;1;3;1;3;3;3;3;3;3;3;1;1;3;3;1;3;3;3;3;3;3;3;3;3;1;3;3;3;3;1;3;3;1;3;3;0;1;3;3;3;3;1;1;3;3;3;3;3;3;3;3;3;1;3;3;3;0;1;3;1;3;3;1;3;0;3;0;3;1;1;3;1;0;3;3;3;1;1;0;1;3;1;1;1;3;3;3;3;3;3;3;3;2;1;3;3;3;3;3;3;3;3;0;3;2;3;1;3;1;1;3;3;3;3;3;1;1;3;3;3;3;3;3;0;0;0;3;3;3;3;3;3;3;3;3;3;1;3;3;3;0;3;3;3;0;3;1;3;3;3;3;0;3;3;3;3;1;3;0;3;3;1;3;1;3;3;3;3;1;0,13412093292;0,150870303002;0,318681205488;0,170757130516;0,222365451153;0,985009226532;0;0;0;0
0;3;1;3;3;3;3;3;3;3;3;3;3;3;1;0;3;3;3;3;3;3;3;1;3;3;3;3;3;3;3;3;3;3;1;3;3;3;1;3;3;0;3;0;3;1;3;1;3;3;3;3;3;3;3;1;1;3;3;1;3;3;3;3;3;3;1;3;3;1;3;3;3;3;1;3;3;1;3;3;3;1;3;3;3;3;1;1;3;3;3;3;3;3;3;3;3;1;3;3;3;0;1;3;1;3;3;1;3;0;3;0;3;1;1;3;1;0;3;3;3;1;1;0;1;3;1;1;1;3;3;3;3;3;3;3;3;2;1;3;3;3;3;3;3;3;3;0;3;2;3;1;3;1;1;3;3;3;3;3;1;1;3;3;3;3;3;3;0;0;0;3;3;3;3;3;3;3;3;3;3;1;3;3;3;0;3;3;3;0;1;1;3;3;3;3;0;3;1;3;3;1;3;0;3;3;1;3;1;3;3;3;3;1;0,144834749561;0,15643208034;0,32562474934;0,176153840641;0,228626933669;0,994729479235;0;0;0;0
0;0;1;0;0;0;0;0;0;0;0;0;0;0;1;0;0;0;0;0;0;1;0;1;0;0;0;0;0;0;0;0;0;0;1;0;0;0;1;0;0;0;0;0;0;1;0;1;0;0;0;0;0;0;0;0;1;0;0;1;0;0;0;0;0;0;1;0;0;1;0;0;0;0;1;0;0;1;0;0;0;1;0;0;0;0;1;1;0;0;0;0;0;0;0;0;0;1;0;0;0;0;1;0;1;0;0;1;0;0;0;0;0;1;1;0;1;0;0;0;0;1;1;0;1;0;1;1;1;0;0;0;0;0;0;0;0;2;1;0;0;0;0;0;0;0;0;0;1;2;0;1;0;1;1;0;0;0;0;0;1;1;0;0;0;0;0;0;0;0;0;0;0;0;0;0;0;0;0;0;0;1;0;0;0;0;0;0;0;0;1;1;0;0;0;0;0;0;1;0;0;1;0;0;0;0;1;0;1;0;0;0;0;1;0,183595843419;0,168592111677;0,482446050003;0,180705011612;0,262927782565;1,00737860203;0;0;0;0
0;0;1;0;0;0;0;0;0;0;0;0;0;0;1;0;0;0;0;0;0;1;0;1;0;0;0;0;0;0;0;0;0;0;1;0;0;0;1;0;0;0;0;0;0;1;0;1;0;0;0;0;0;0;0;0;1;0;0;1;0;0;0;0;0;0;1;0;0;1;0;0;0;0;1;0;0;1;0;0;0;1;0;0;0;0;1;1;0;0;0;0;0;0;0;0;0;1;0;0;0;0;1;0;1;0;0;1;0;0;0;0;0;1;1;0;1;0;0;0;0;1;1;0;1;0;1;1;1;0;0;0;0;0;0;0;0;2;1;0;0;0;0;0;0;0;0;0;1;2;0;1;0;1;1;0;0;0;0;0;1;1;0;0;0;0;0;0;0;0;0;0;0;0;0;0;0;0;0;0;0;1;0;0;0;0;0;0;0;0;1;1;0;0;0;0;0;0;1;0;0;1;0;0;0;0;1;0;1;0;0;0;0;1;0,183595843419;0,168592111677;0,482446050003;0,180705011612;0,262927782565;1,00737860203;0;0;0;0
0;0;1;0;0;0;0;0;0;0;0;0;0;0;1;0;0;0;0;0;0;1;0;1;0;0;0;0;0;0;0;0;0;0;1;0;0;0;1;0;0;0;0;0;0;1;0;1;0;0;0;0;0;0;0;0;1;0;0;1;0;0;0;0;0;0;1;0;0;1;0;0;0;0;1;0;0;1;0;0;0;1;0;0;0;0;1;1;0;0;0;0;0;0;0;0;0;1;0;0;0;0;1;0;1;0;0;1;0;0;0;0;0;1;1;0;1;0;0;0;0;1;1;0;1;0;1;1;1;0;0;0;0;0;0;0;0;2;1;0;0;0;0;0;0;0;0;0;1;2;0;1;0;1;1;0;0;0;0;0;1;1;0;0;0;0;0;0;0;0;0;0;0;0;0;0;0;0;0;0;0;1;0;0;0;0;0;0;0;0;1;1;0;0;0;0;0;0;1;0;0;1;0;0;0;0;1;0;1;0;0;0;0;1;0,183595843419;0,168592111677;0,482446050003;0,180705011612;0,262927782565;1,00737860203;0;0;0;0
0;0;1;0;0;0;0;0;0;0;0;0;0;0;1;0;0;0;0;0;0;1;0;1;0;0;0;0;0;0;0;0;0;0;1;0;0;0;1;0;0;0;0;0;0;1;0;1;0;0;0;0;0;0;0;0;1;0;0;1;0;0;0;0;0;0;1;0;0;1;0;0;0;0;1;0;0;1;0;0;0;1;0;0;0;0;1;1;0;0;0;0;0;0;0;0;0;1;0;0;0;0;1;0;1;0;0;1;0;0;0;0;0;1;1;0;1;0;0;0;0;1;1;0;1;0;1;1;1;0;0;0;0;0;0;0;0;2;1;0;0;0;0;0;0;0;0;0;1;2;0;1;0;1;1;0;0;0;0;0;1;1;0;0;0;0;0;0;0;0;0;0;0;0;0;0;0;0;0;0;0;1;0;0;0;0;0;0;0;0;1;1;0;0;0;0;0;0;1;0;0;1;0;0;0;0;1;0;1;0;0;0;0;1;0,183595843419;0,168592111677;0,482446050003;0,180705011612;0,262927782565;1,00737860203;0;0;0;0
0;0;1;0;0;0;0;0;0;0;0;0;0;0;1;0;0;0;0;0;0;1;0;1;0;0;0;0;0;0;0;0;0;0;1;0;0;0;1;0;0;0;0;0;0;1;0;1;0;0;0;0;0;0;0;0;1;0;0;1;0;0;0;0;0;0;1;0;0;1;0;0;0;0;1;0;0;1;0;0;0;1;0;0;0;0;1;1;0;0;0;0;0;0;0;0;0;1;0;0;0;0;1;0;1;0;0;1;0;0;0;0;0;1;1;0;1;0;0;0;0;1;1;0;1;0;1;1;1;0;0;0;0;0;0;0;0;2;1;0;0;0;0;0;0;0;0;0;1;2;0;1;0;1;1;0;0;0;0;0;1;1;0;0;0;0;0;0;0;0;0;0;0;0;0;0;0;0;0;0;0;1;0;0;0;0;0;0;0;0;1;1;0;0;0;0;0;0;1;0;0;1;0;0;0;0;1;0;1;0;0;0;0;1;0,183595843419;0,168592111677;0,482446050003;0,180705011612;0,262927782565;1,00737860203;0;0;0;0
0;0;1;0;0;0;0;0;0;0;0;0;0;0;1;0;0;0;0;0;0;1;0;1;0;0;0;0;0;0;0;0;0;0;1;0;0;0;1;0;0;0;0;0;0;1;0;1;0;0;0;0;0;0;0;0;1;0;0;1;0;0;0;0;0;0;1;0;0;1;0;0;0;0;1;0;0;1;0;0;0;1;0;0;0;0;1;1;0;0;0;0;0;0;0;0;0;1;0;0;0;0;1;0;1;0;0;1;0;0;0;0;0;1;1;0;1;0;0;0;0;1;1;0;1;0;1;1;1;0;0;0;0;0;0;0;0;2;1;0;0;0;0;0;0;0;0;0;1;2;0;1;0;1;1;0;0;0;0;0;1;1;0;0;0;0;0;0;0;0;0;0;0;0;0;0;0;0;0;0;0;1;0;0;0;0;0;0;0;0;1;1;0;0;0;0;0;0;1;0;0;1;0;0;0;0;1;0;1;0;0;0;0;1;0,183595843419;0,168592111677;0,482446050003;0,180705011612;0,262927782565;1,00737860203;0;0;0;0
0;0;1;0;0;0;0;0;0;0;0;0;0;0;1;0;0;0;0;0;0;1;0;1;0;0;0;0;0;0;0;0;0;0;1;0;0;0;1;0;0;0;0;0;0;1;0;1;0;0;0;0;0;0;0;0;1;0;0;1;0;0;0;0;0;0;1;0;0;1;0;0;0;0;1;0;0;1;0;0;0;1;0;0;0;0;1;1;0;0;0;0;0;0;0;0;0;1;0;0;0;0;1;0;1;0;0;1;0;0;0;0;0;1;1;0;1;0;0;0;0;1;1;0;1;0;1;1;1;0;0;0;0;0;0;0;0;2;1;0;0;0;0;0;0;0;0;0;1;2;0;1;0;1;1;0;0;0;0;0;1;1;0;0;0;0;0;0;0;0;0;0;0;0;0;0;0;0;0;0;0;1;0;0;0;0;0;0;0;0;1;1;0;0;0;0;0;0;1;0;0;1;0;0;0;0;1;0;1;0;0;0;0;1;0,183595843419;0,168592111677;0,482446050003;0,180705011612;0,262927782565;1,00737860203;0;0;0;0
0;0;1;0;0;0;0;0;0;0;0;0;0;0;1;0;0;0;0;0;0;1;0;1;0;0;0;0;0;0;0;0;0;0;1;0;0;0;1;0;0;0;0;0;0;1;0;1;0;0;0;0;0;0;0;0;1;0;0;1;0;0;0;0;0;0;1;0;0;1;0;0;0;0;1;0;0;1;0;0;0;1;0;0;0;0;1;1;0;0;0;0;0;0;0;0;0;1;0;0;0;0;1;0;1;0;0;1;0;0;0;0;0;1;1;0;1;0;0;0;0;1;1;0;1;0;1;1;1;0;0;0;0;0;0;0;0;2;1;0;0;0;0;0;0;0;0;0;1;2;0;1;0;1;1;0;0;0;0;0;1;1;0;0;0;0;0;0;0;0;0;0;0;0;0;0;0;0;0;0;0;1;0;0;0;0;0;0;0;0;1;1;0;0;0;0;0;0;1;0;0;1;0;0;0;0;1;0;1;0;0;0;0;1;0,183595843419;0,168592111677;0,482446050003;0,180705011612;0,262927782565;1,00737860203;0;0;0;0
0;0;1;0;0;0;0;0;0;0;0;0;0;0;1;0;0;0;0;0;0;1;0;1;0;0;0;0;0;0;0;0;0;0;1;0;0;0;1;0;0;0;0;0;0;1;0;1;0;0;0;0;0;0;0;0;1;0;0;1;0;0;0;0;0;0;1;0;0;1;0;0;0;0;1;0;0;1;0;0;0;1;0;0;0;0;1;1;0;0;0;0;0;0;0;0;0;1;0;0;0;0;1;0;1;0;0;1;0;0;0;0;0;1;1;0;1;0;0;0;0;1;1;0;1;0;1;1;1;0;0;0;0;0;0;0;0;2;1;0;0;0;0;0;0;0;0;0;1;2;0;1;0;1;1;0;0;0;0;0;1;1;0;0;0;0;0;0;0;0;0;0;0;0;0;0;0;0;0;0;0;1;0;0;0;0;0;0;0;0;1;1;0;0;0;0;0;0;1;0;0;1;0;0;0;0;1;0;1;0;0;0;0;1;0,183595843419;0,168592111677;0,482446050003;0,180705011612;0,262927782565;1,00737860203;0;0;0;0
3;3;1;3;3;3;3;3;3;3;3;3;3;3;1;3;3;3;3;3;3;3;3;1;3;3;3;3;3;3;3;3;3;3;1;3;3;3;1;3;3;3;3;1;3;1;3;1;3;3;3;3;3;3;3;1;1;3;3;1;3;3;3;3;3;3;1;3;3;1;3;3;3;3;1;3;3;1;3;3;3;1;3;3;3;3;1;1;3;3;3;3;3;3;3;3;3;1;3;3;3;3;1;3;1;3;3;1;3;3;3;3;3;1;1;3;1;3;3;3;3;1;1;0;1;3;1;1;1;3;3;3;3;3;3;3;3;2;1;3;3;3;3;3;3;3;3;3;1;2;3;1;3;1;1;3;3;3;3;3;1;1;3;3;3;3;3;3;3;3;3;3;3;3;3;3;3;3;3;3;3;1;3;3;3;0;3;3;3;0;1;1;3;3;3;3;3;3;1;3;3;1;3;3;3;3;1;3;1;3;3;3;3;1;0,180677498584;0,163458543088;0,427061668643;0,181534896962;0,254771717079;1,03713127569;0;0;0;0
3;3;1;3;3;3;3;3;3;3;3;3;3;3;1;3;3;3;3;3;3;3;3;1;3;3;3;3;3;3;3;3;3;3;1;3;3;3;1;3;3;3;3;1;3;1;3;1;3;3;3;3;3;3;3;1;1;3;3;1;3;3;3;3;3;3;1;3;3;1;3;3;3;3;1;3;3;1;3;3;3;1;3;3;3;3;1;1;3;3;3;3;3;3;3;3;3;1;3;3;3;3;1;3;1;3;3;1;3;3;3;3;3;1;1;3;1;3;3;3;3;1;1;0;1;3;1;1;1;3;3;3;3;3;3;3;3;2;1;3;3;3;3;3;3;3;3;3;1;2;3;1;3;1;1;3;3;3;3;3;1;1;3;3;3;3;3;3;3;3;3;3;3;3;3;3;3;3;3;3;3;1;3;3;3;0;3;3;3;0;1;1;3;3;3;3;3;3;1;3;3;1;3;3;3;3;1;3;1;3;3;3;3;1;0,180677498584;0,163458543088;0,427061668643;0,181534896962;0,254771717079;1,03713127569;0;0;0;0
3;3;1;3;3;3;3;3;3;3;3;3;3;3;1;3;3;3;3;3;3;3;3;1;3;3;3;3;3;3;3;3;3;3;1;3;3;3;1;3;3;3;3;1;3;1;3;1;3;3;3;3;3;3;3;1;1;3;3;1;3;3;3;3;3;3;1;3;3;1;3;3;3;3;1;3;3;1;3;3;3;1;3;3;3;3;1;1;3;3;3;3;3;3;3;3;3;1;3;3;3;3;1;3;1;3;3;1;3;3;3;3;3;1;1;3;1;3;3;3;3;1;1;0;1;3;1;1;1;3;3;3;3;3;3;3;3;2;1;3;3;3;3;3;3;3;3;3;1;2;3;1;3;1;1;3;3;3;3;3;1;1;3;3;3;3;3;3;3;3;3;3;3;3;3;3;3;3;3;3;3;1;3;3;3;0;3;3;3;0;1;1;3;3;3;3;3;3;1;3;3;1;3;3;3;3;1;3;1;3;3;3;3;1;0,180677498584;0,163458543088;0,427061668643;0,181534896962;0,254771717079;1,03713127569;0;0;0;0
3;3;1;3;3;3;3;3;3;3;3;3;3;3;1;3;3;3;3;3;3;3;3;1;3;3;3;3;3;3;3;3;3;3;1;3;3;3;1;3;3;3;3;1;3;1;3;1;3;3;3;3;3;3;3;1;1;3;3;1;3;3;3;3;3;3;1;3;3;1;3;3;3;3;1;3;3;1;3;3;3;1;3;3;3;3;1;1;3;3;3;3;3;3;3;3;3;1;3;3;3;3;1;3;1;3;3;1;3;3;3;3;3;1;1;3;1;3;3;3;3;1;1;0;1;3;1;1;1;3;3;3;3;3;3;3;3;2;1;3;3;3;3;3;3;3;3;3;1;2;3;1;3;1;1;3;3;3;3;3;1;1;3;3;3;3;3;3;3;3;3;3;3;3;3;3;3;3;3;3;3;1;3;3;3;0;3;3;3;0;1;1;3;3;3;3;3;3;1;3;3;1;3;3;3;3;1;3;1;3;3;3;3;1;0,180677498584;0,163458543088;0,427061668643;0,181534896962;0,254771717079;1,03713127569;0;0;0;0
3;3;1;3;3;3;3;3;3;3;3;3;3;3;1;3;3;3;3;3;3;3;3;1;3;3;3;3;3;3;3;3;3;3;1;3;3;3;1;3;3;3;3;1;3;1;3;1;3;3;3;3;3;3;3;1;1;3;3;1;3;3;3;3;3;3;1;3;3;1;3;3;3;3;1;3;3;1;3;3;3;1;3;3;3;3;1;1;3;3;3;3;3;3;3;3;3;1;3;3;3;3;1;3;1;3;3;1;3;3;3;3;3;1;1;3;1;3;3;3;3;1;1;0;1;3;1;1;1;3;3;3;3;3;3;3;3;2;1;3;3;3;3;3;3;3;3;3;1;2;3;1;3;1;1;3;3;3;3;3;1;1;3;3;3;3;3;3;3;3;3;3;3;3;3;3;3;3;3;3;3;1;3;3;3;0;3;3;3;0;1;1;3;3;3;3;3;3;1;3;3;1;3;3;3;3;1;3;1;3;3;3;3;1;0,180677498584;0,163458543088;0,427061668643;0,181534896962;0,254771717079;1,03713127569;0;0;0;0
3;3;1;3;3;3;3;3;3;3;3;3;3;3;1;3;3;3;3;3;3;3;3;1;3;3;3;3;3;3;3;3;3;3;1;3;3;3;1;3;3;3;3;1;3;1;3;1;3;3;3;3;3;3;3;1;1;3;3;1;3;3;3;3;3;3;1;3;3;1;3;3;3;3;1;3;3;1;3;3;3;1;3;3;3;3;1;1;3;3;3;3;3;3;3;3;3;1;3;3;3;3;1;3;1;3;3;1;3;3;3;3;3;1;1;3;1;3;3;3;3;1;1;0;1;3;1;1;1;3;3;3;3;3;3;3;3;2;1;3;3;3;3;3;3;3;3;3;1;2;3;1;3;1;1;3;3;3;3;3;1;1;3;3;3;3;3;3;3;3;3;3;3;3;3;3;3;3;3;3;3;1;3;3;3;0;3;3;3;0;1;1;3;3;3;3;3;3;1;3;3;1;3;3;3;3;1;3;1;3;3;3;3;1;0,180677498584;0,163458543088;0,427061668643;0,181534896962;0,254771717079;1,03713127569;0;0;0;0
3;3;1;3;3;3;3;3;3;3;3;3;3;3;1;3;3;3;3;3;3;3;3;1;3;3;3;3;3;3;3;3;3;3;1;3;3;3;1;3;3;3;3;1;3;1;3;1;3;3;3;3;3;3;3;1;1;3;3;1;3;3;3;3;3;3;1;3;3;1;3;3;3;3;1;3;3;1;3;3;3;1;3;3;3;3;1;1;3;3;3;3;3;3;3;3;3;1;3;3;3;3;1;3;1;3;3;1;3;3;3;3;3;1;1;3;1;3;3;3;3;1;1;0;1;3;1;1;1;3;3;3;3;3;3;3;3;2;1;3;3;3;3;3;3;3;3;3;1;2;3;1;3;1;1;3;3;3;3;3;1;1;3;3;3;3;3;3;3;3;3;3;3;3;3;3;3;3;3;3;3;1;3;3;3;0;3;3;3;0;1;1;3;3;3;3;3;3;1;3;3;1;3;3;3;3;1;3;1;3;3;3;3;1;0,180677498584;0,163458543088;0,427061668643;0,181534896962;0,254771717079;1,03713127569;0;0;0;0
3;3;1;3;3;3;3;3;3;3;3;3;3;3;1;3;3;3;3;3;3;3;3;1;3;3;3;3;3;3;3;3;3;3;1;3;3;3;1;3;3;3;3;1;3;1;3;1;3;3;3;3;3;3;3;1;1;3;3;1;3;3;3;3;3;3;1;3;3;1;3;3;3;3;1;3;3;1;3;3;3;1;3;3;3;3;1;1;3;3;3;3;3;3;3;3;3;1;3;3;3;3;1;3;1;3;3;1;3;3;3;3;3;1;1;3;1;3;3;3;3;1;1;0;1;3;1;1;1;3;3;3;3;3;3;3;3;2;1;3;3;3;3;3;3;3;3;3;1;2;3;1;3;1;1;3;3;3;3;3;1;1;3;3;3;3;3;3;3;3;3;3;3;3;3;3;3;3;3;3;3;1;3;3;3;0;3;3;3;0;1;1;3;3;3;3;3;3;1;3;3;1;3;3;3;3;1;3;1;3;3;3;3;1;0,180677498584;0,163458543088;0,427061668643;0,181534896962;0,254771717079;1,03713127569;0;0;0;0
3;3;1;3;3;3;3;3;3;3;3;3;3;3;1;3;3;3;3;3;3;3;3;1;3;3;3;3;3;3;3;3;3;3;1;3;3;3;1;3;3;3;3;1;3;1;3;1;3;3;3;3;3;3;3;1;1;3;3;1;3;3;3;3;3;3;1;3;3;1;3;3;3;3;1;3;3;1;3;3;3;1;3;3;3;3;1;1;3;3;3;3;3;3;3;3;3;1;3;3;3;3;1;3;1;3;3;1;3;3;3;3;3;1;1;3;1;3;3;3;3;1;1;0;1;3;1;1;1;3;3;3;3;3;3;3;3;2;1;3;3;3;3;3;3;3;3;3;1;2;3;1;3;1;1;3;3;3;3;3;1;1;3;3;3;3;3;3;3;3;3;3;3;3;3;3;3;3;3;3;3;1;3;3;3;0;3;3;3;0;1;1;3;3;3;3;3;3;1;3;3;1;3;3;3;3;1;3;1;3;3;3;3;1;0,180677498584;0,163458543088;0,427061668643;0,181534896962;0,254771717079;1,03713127569;0;0;0;0
3;3;1;3;3;3;3;3;3;3;3;3;3;3;1;3;3;3;3;3;3;3;3;1;3;3;3;3;3;3;3;3;3;3;1;3;3;3;1;3;3;3;3;1;3;1;3;1;3;3;3;3;3;3;3;1;1;3;3;1;3;3;3;3;3;3;1;3;3;1;3;3;3;3;1;3;3;1;3;3;3;1;3;3;3;3;1;1;3;3;3;3;3;3;3;3;3;1;3;3;3;3;1;3;1;3;3;1;3;3;3;3;3;1;1;3;1;3;3;3;3;1;1;0;1;3;1;1;1;3;3;3;3;3;3;3;3;2;1;3;3;3;3;3;3;3;3;3;1;2;3;1;3;1;1;3;3;3;3;3;1;1;3;3;3;3;3;3;3;3;3;3;3;3;3;3;3;3;3;3;3;1;3;3;3;0;3;3;3;0;1;1;3;3;3;3;3;3;1;3;3;1;3;3;3;3;1;3;1;3;3;3;3;1;0,180677498584;0,163458543088;0,427061668643;0,181534896962;0,254771717079;1,03713127569;0;0;0;0
3;3;1;3;3;3;3;3;3;3;3;3;3;3;1;3;3;3;3;3;3;3;3;1;3;3;3;3;3;3;3;3;3;3;1;3;3;3;1;3;3;3;3;1;3;1;3;1;3;3;3;3;3;3;3;1;1;3;3;1;3;3;3;3;3;3;1;3;3;1;3;3;3;3;1;3;3;1;3;3;3;1;3;3;3;3;1;1;3;3;3;3;3;3;3;3;3;1;3;3;3;3;1;3;1;3;3;1;3;3;3;3;3;1;1;3;1;3;3;3;3;1;1;0;1;3;1;1;1;3;3;3;3;3;3;3;3;2;1;3;3;3;3;3;3;3;3;3;1;2;3;1;3;1;1;3;3;3;3;3;1;1;3;3;3;3;3;3;3;3;3;3;3;3;3;3;3;3;3;3;3;1;3;3;3;0;3;3;3;0;1;1;3;3;3;3;3;3;1;3;3;1;3;3;3;3;1;3;1;3;3;3;3;1;0,180677498584;0,163458543088;0,427061668643;0,181534896962;0,254771717079;1,03713127569;0;0;0;0
3;3;1;3;3;3;3;3;3;3;3;3;3;3;1;3;3;3;3;3;3;3;3;1;3;3;3;3;3;3;3;3;3;3;1;3;3;3;1;3;3;3;3;1;3;1;3;1;3;3;3;3;3;3;3;1;1;3;3;1;3;3;3;3;3;3;1;3;3;1;3;3;3;3;1;3;3;1;3;3;3;1;3;3;3;3;1;1;3;3;3;3;3;3;3;3;3;1;3;3;3;3;1;3;1;3;3;1;3;3;3;3;3;1;1;3;1;3;3;3;3;1;1;0;1;3;1;1;1;3;3;3;3;3;3;3;3;2;1;3;3;3;3;3;3;3;3;3;1;2;3;1;3;1;1;3;3;3;3;3;1;1;3;3;3;3;3;3;3;3;3;3;3;3;3;3;3;3;3;3;3;1;3;3;3;0;3;3;3;0;1;1;3;3;3;3;3;3;1;3;3;1;3;3;3;3;1;3;1;3;3;3;3;1;0,180677498584;0,163458543088;0,427061668643;0,181534896962;0,254771717079;1,03713127569;0;0;0;0
