25;40;30;db;Minkowski_2;2;4
4;4;4;4;2;2;4;4;1;3;4;4;2;4;2;4;4;2;4;4;1;4;4;2;4;4;4;4;0;4;4;4;1;4;1;4;4;4;4;4;4;4;4;4;4;4;4;2;4;4;2;3;4;0;1;4;4;4;4;4;4;0;4;4;4;4;4;4;4;4;4;4;4;4;1;4;4;2;4;1;4;2;4;4;4;4;4;4;4;0;1;4;4;2;2;1;0;4;4;4;4;3;2;4;2;4;4;4;0;2;4;4;0;2;1;4;4;4;2;0;4;4;4;4;0;4;4;4;4;4;4;4;4;2;4;1;4;4;2;4;4;4;4;2;4;2;4;4;4;4;3;4;2;4;1;2;4;4;4;4;2;4;4;4;4;4;4;0;2;4;4;3;4;4;4;4;4;4;0;4;4;4;4;4;4;4;4;0;1;0;2;4;0;4;2;4;4;4;0;4;4;4;4;4;2;4;2;4;4;4;4;4;4;4;0,166861306711;0,205962924664;0,366886711912;0,232988488264;0,284993879885;1,50179783092;0;0;0;0
2;2;2;2;4;1;2;2;4;4;2;2;4;2;3;2;2;0;2;2;2;2;2;3;2;2;2;2;0;2;2;2;2;2;2;2;2;2;2;2;2;2;2;2;2;2;2;0;2;2;0;4;2;0;2;2;2;2;2;2;2;0;2;2;2;2;2;2;2;2;2;2;2;2;2;2;2;0;2;2;2;0;2;2;2;2;2;2;2;2;2;2;2;4;0;2;0;2;2;2;2;4;0;2;4;2;2;2;0;0;2;2;0;0;2;2;2;2;0;0;2;2;2;2;0;2;2;2;2;2;2;2;2;0;2;2;2;2;2;2;2;2;2;0;2;0;2;2;2;2;4;2;1;2;2;0;0;2;2;2;0;2;2;2;2;2;2;0;4;2;2;4;2;2;2;2;2;2;4;2;2;2;2;2;2;2;2;2;2;0;0;2;2;2;3;2;2;2;0;2;2;2;2;0;2;2;2;2;2;2;2;2;2;2;0,190695907419;0,205949799503;0,478575364533;0,230266028023;0,310928931234;1,55856827167;0;0;0;0
2;2;2;2;4;1;2;2;4;4;2;2;4;2;3;2;2;0;2;2;2;2;2;3;2;2;2;2;0;2;2;2;2;2;2;2;2;2;2;2;2;2;2;2;2;2;2;0;2;2;0;4;2;0;2;2;2;2;2;2;2;0;2;2;2;2;2;2;2;2;2;2;2;2;2;2;2;0;2;2;2;0;2;2;2;2;2;2;2;2;2;2;2;4;0;2;0;2;2;2;2;4;0;2;4;2;2;2;0;0;2;2;0;0;2;2;2;2;0;0;2;2;2;2;0;2;2;2;2;2;2;2;2;0;2;2;2;2;2;2;2;2;2;0;2;0;2;2;2;2;4;2;1;2;2;0;0;2;2;2;0;2;2;2;2;2;2;0;4;2;2;4;2;2;2;2;2;2;4;2;2;2;2;2;2;2;2;2;2;0;0;2;2;2;3;2;2;2;0;2;2;2;2;0;2;2;2;2;2;2;2;2;2;2;0,190695907419;0,205949799503;0,478575364533;0,230266028023;0,310928931234;1,55856827167;0;0;0;0
2;2;2;2;4;1;2;2;4;4;2;2;4;2;3;2;2;0;2;2;2;2;2;3;2;2;2;2;0;2;2;2;2;2;2;2;2;2;2;2;2;2;2;2;2;2;2;0;2;2;0;4;2;0;2;2;2;2;2;2;2;0;2;2;2;2;2;2;2;2;2;2;2;2;2;2;2;0;2;2;2;0;2;2;2;2;2;2;2;2;2;2;2;4;0;2;0;2;2;2;2;4;0;2;4;2;2;2;0;0;2;2;0;0;2;2;2;2;0;0;2;2;2;2;0;2;2;2;2;2;2;2;2;0;2;2;2;2;2;2;2;2;2;0;2;0;2;2;2;2;4;2;1;2;2;0;0;2;2;2;0;2;2;2;2;2;2;0;4;2;2;4;2;2;2;2;2;2;4;2;2;2;2;2;2;2;2;2;2;0;0;2;2;2;3;2;2;2;0;2;2;2;2;0;2;2;2;2;2;2;2;2;2;2;0,190695907419;0,205949799503;0,478575364533;0,230266028023;0,310928931234;1,55856827167;0;0;0;0
2;2;2;2;4;1;2;2;2;4;2;2;0;2;3;2;2;0;2;2;2;2;2;3;2;2;2;2;0;2;2;2;2;2;2;2;2;2;2;2;2;2;2;2;2;2;2;0;2;2;0;4;2;0;2;2;2;2;2;2;2;0;2;2;2;2;2;2;2;2;2;2;2;2;2;2;2;0;2;2;2;0;2;2;2;2;0;2;2;2;2;2;2;0;0;2;0;2;2;2;2;4;0;2;4;2;2;2;0;0;2;2;0;0;2;2;2;2;0;0;2;2;2;2;0;2;2;2;2;2;2;2;2;0;2;2;2;2;0;2;2;2;2;0;2;0;2;2;2;2;4;2;1;2;2;0;0;2;2;2;0;2;2;2;2;2;2;0;0;2;2;4;2;2;2;2;2;2;4;2;2;2;2;2;2;2;2;2;2;0;0;2;2;2;3;2;2;2;0;2;2;2;2;0;2;2;2;2;2;2;2;2;2;2;0,182189006073;0,182476441241;0,438944991391;0,207200269908;0,281514161407;1,57197714532;0;0;0;0
2;2;2;2;3;1;2;2;2;4;2;2;0;2;1;2;2;0;2;2;2;2;2;2;2;2;2;2;0;2;2;2;2;2;2;2;2;2;2;2;2;2;2;2;2;2;2;0;2;2;0;4;2;0;2;2;2;2;2;2;2;0;2;2;2;2;2;2;2;2;2;2;2;2;2;2;2;0;2;2;2;0;2;2;2;2;2;2;2;2;2;2;2;2;0;2;0;2;2;2;2;4;0;2;2;2;2;2;0;0;2;2;0;0;2;2;2;2;0;0;2;2;2;2;0;2;2;2;2;2;2;2;2;2;2;2;2;2;2;2;2;2;2;0;2;0;2;2;2;2;4;2;1;2;2;0;0;2;2;2;0;2;2;2;2;2;2;0;4;2;2;4;2;2;2;2;2;2;3;2;2;2;2;2;2;2;2;2;2;0;0;2;2;2;2;2;2;2;0;2;2;2;2;0;2;2;2;2;2;2;2;2;2;2;0,14516595011;0,158028558344;0,430234661055;0,183311473191;0,257085637522;1,62173492694;0;0;0;0
2;2;2;2;3;1;2;2;3;3;2;2;0;2;0;2;2;0;2;2;2;2;2;0;2;2;2;2;0;2;2;2;2;2;2;2;2;2;2;2;2;2;2;2;2;2;2;0;2;2;0;3;2;0;2;2;2;2;2;2;2;0;2;2;2;2;2;2;2;2;2;2;2;2;2;2;2;0;2;2;2;0;2;2;2;2;2;2;2;2;2;2;2;0;0;2;0;2;2;2;2;3;0;2;3;2;2;2;0;0;2;2;0;0;2;2;2;2;0;0;2;2;2;2;0;2;2;2;2;2;2;2;2;0;2;2;2;2;2;2;2;2;2;0;2;0;2;2;2;2;3;2;1;2;2;0;0;2;2;2;0;2;2;2;2;2;2;0;3;2;2;3;2;2;2;2;2;2;3;2;2;2;2;2;2;2;2;2;2;0;0;2;2;2;2;2;2;2;0;2;2;2;2;0;2;2;2;2;2;2;2;2;2;2;0,182507924896;0,191873746357;0,480679129197;0,210774960339;0,293049461781;1,63373948038;0;0;0;0
2;2;2;2;3;1;2;2;3;3;2;2;0;2;0;2;2;0;2;2;2;2;2;0;2;2;2;2;0;2;2;2;2;2;2;2;2;2;2;2;2;2;2;2;2;2;2;0;2;2;0;3;2;0;2;2;2;2;2;2;2;0;2;2;2;2;2;2;2;2;2;2;2;2;2;2;2;0;2;2;2;0;2;2;2;2;2;2;2;2;2;2;2;0;0;2;0;2;2;2;2;3;0;2;3;2;2;2;0;0;2;2;0;0;2;2;2;2;0;0;2;2;2;2;0;2;2;2;2;2;2;2;2;0;2;2;2;2;2;2;2;2;2;0;2;0;2;2;2;2;3;2;1;2;2;0;0;2;2;2;0;2;2;2;2;2;2;0;3;2;2;3;2;2;2;2;2;2;3;2;2;2;2;2;2;2;2;2;2;0;0;2;2;2;2;2;2;2;0;2;2;2;2;0;2;2;2;2;2;2;2;2;2;2;0,182507924896;0,191873746357;0,480679129197;0,210774960339;0,293049461781;1,63373948038;0;0;0;0
2;2;2;2;3;1;2;2;2;3;2;2;2;2;2;2;2;2;2;2;2;2;2;2;2;2;2;2;0;2;2;2;2;2;2;2;2;2;2;2;2;2;2;2;2;2;2;2;2;2;2;3;2;0;2;2;2;2;2;2;2;0;2;2;2;2;2;2;2;2;2;2;2;2;2;2;2;2;2;2;2;2;2;2;2;2;2;2;2;2;2;2;2;2;2;2;0;2;2;2;2;3;2;2;3;2;2;2;0;2;2;2;0;2;2;2;2;2;2;0;2;2;2;2;0;2;2;2;2;2;2;2;2;2;2;2;2;2;2;2;2;2;2;2;2;2;2;2;2;2;3;2;1;2;2;0;3;2;2;2;2;2;2;2;2;2;2;0;3;2;2;3;2;2;2;2;2;2;3;2;2;2;2;2;2;2;2;2;2;0;2;2;2;2;2;2;2;2;0;2;2;2;2;0;2;2;2;2;2;2;2;2;2;2;0,0490864965874;0,0712359701984;0,301163365864;0,0931626956116;0,142304522701;1,72642903702;0;0;0;0
2;2;2;2;2;1;2;2;2;3;2;2;2;2;2;2;2;2;2;2;2;2;2;2;2;2;2;2;0;2;2;2;2;2;2;2;2;2;2;2;2;2;2;2;2;2;2;2;2;2;2;3;2;0;2;2;2;2;2;2;2;0;2;2;2;2;2;2;2;2;2;2;2;2;2;2;2;2;2;2;2;2;2;2;2;2;2;2;2;2;2;2;2;2;2;2;0;2;2;2;2;3;2;2;2;2;2;2;0;2;2;2;0;2;2;2;2;2;2;0;2;2;2;2;0;2;2;2;2;2;2;2;2;2;2;2;2;2;2;2;2;2;2;2;2;2;2;2;2;2;3;2;1;2;2;2;2;2;2;2;2;2;2;2;2;2;2;0;2;2;2;3;2;2;2;2;2;2;0;2;2;2;2;2;2;2;2;2;2;0;2;2;2;2;2;2;2;2;0;2;2;2;2;0;2;2;2;2;2;2;2;2;2;2;0,0428208174722;0,0629326918292;0,325920186427;0,0843705843094;0,134041896764;2,08226454703;0;0;0;0
2;2;2;2;2;1;2;2;2;3;2;2;2;2;2;2;2;2;2;2;2;2;2;2;2;2;2;2;0;2;2;2;2;2;2;2;2;2;2;2;2;2;2;2;2;2;2;2;2;2;2;3;2;0;2;2;2;2;2;2;2;0;2;2;2;2;2;2;2;2;2;2;2;2;2;2;2;2;2;2;2;2;2;2;2;2;2;2;2;2;2;2;2;2;2;2;0;2;2;2;2;3;2;2;2;2;2;2;0;2;2;2;0;2;2;2;2;2;2;0;2;2;2;2;0;2;2;2;2;2;2;2;2;2;2;2;2;2;2;2;2;2;2;2;2;2;2;2;2;2;3;2;1;2;2;2;2;2;2;2;2;2;2;2;2;2;2;0;2;2;2;3;2;2;2;2;2;2;0;2;2;2;2;2;2;2;2;2;2;0;2;2;2;2;2;2;2;2;0;2;2;2;2;0;2;2;2;2;2;2;2;2;2;2;0,0428208174722;0,0629326918292;0,325920186427;0,0843705843094;0,134041896764;2,08226454703;0;0;0;0
2;2;2;2;2;1;2;2;2;3;2;2;2;2;2;2;2;2;2;2;2;2;2;2;2;2;2;2;0;2;2;2;2;2;2;2;2;2;2;2;2;2;2;2;2;2;2;2;2;2;2;3;2;0;2;2;2;2;2;2;2;0;2;2;2;2;2;2;2;2;2;2;2;2;2;2;2;2;2;2;2;2;2;2;2;2;2;2;2;2;2;2;2;2;2;2;0;2;2;2;2;3;2;2;2;2;2;2;0;2;2;2;0;2;2;2;2;2;2;0;2;2;2;2;0;2;2;2;2;2;2;2;2;2;2;2;2;2;2;2;2;2;2;2;2;2;2;2;2;2;3;2;1;2;2;2;2;2;2;2;2;2;2;2;2;2;2;0;2;2;2;3;2;2;2;2;2;2;0;2;2;2;2;2;2;2;2;2;2;0;2;2;2;2;2;2;2;2;0;2;2;2;2;0;2;2;2;2;2;2;2;2;2;2;0,0428208174722;0,0629326918292;0,325920186427;0,0843705843094;0,134041896764;2,08226454703;0;0;0;0
2;2;2;2;2;1;2;2;2;3;2;2;2;2;2;2;2;2;2;2;2;2;2;2;2;2;2;2;0;2;2;2;2;2;2;2;2;2;2;2;2;2;2;2;2;2;2;2;2;2;2;3;2;0;2;2;2;2;2;2;2;0;2;2;2;2;2;2;2;2;2;2;2;2;2;2;2;2;2;2;2;2;2;2;2;2;2;2;2;2;2;2;2;2;2;2;0;2;2;2;2;3;2;2;2;2;2;2;0;2;2;2;0;2;2;2;2;2;2;0;2;2;2;2;0;2;2;2;2;2;2;2;2;2;2;2;2;2;2;2;2;2;2;2;2;2;2;2;2;2;3;2;1;2;2;2;2;2;2;2;2;2;2;2;2;2;2;0;2;2;2;3;2;2;2;2;2;2;0;2;2;2;2;2;2;2;2;2;2;0;2;2;2;2;2;2;2;2;0;2;2;2;2;0;2;2;2;2;2;2;2;2;2;2;0,0428208174722;0,0629326918292;0,325920186427;0,0843705843094;0,134041896764;2,08226454703;0;0;0;0
2;2;2;2;3;1;2;2;2;3;2;2;2;2;2;2;2;2;2;2;2;2;2;2;2;2;2;2;0;2;2;2;2;2;2;2;2;2;2;2;2;2;2;2;2;2;2;2;2;2;2;3;2;0;2;2;2;2;2;2;2;0;2;2;2;2;2;2;2;2;2;2;2;2;2;2;2;2;2;2;2;2;2;2;2;2;2;2;2;2;2;2;2;2;2;2;0;2;2;2;2;3;2;2;2;2;2;2;0;2;2;2;0;2;2;2;2;2;2;0;2;2;2;2;0;2;2;2;2;2;2;2;2;2;2;2;2;2;2;2;2;2;2;2;2;2;2;2;2;2;3;2;1;2;2;2;3;2;2;2;2;2;2;2;2;2;2;0;3;2;2;3;2;2;2;2;2;2;0;2;2;2;2;2;2;2;2;2;2;0;2;2;2;2;2;2;2;2;0;2;2;2;2;2;2;2;2;2;2;2;2;2;2;2;0,0396210170302;0,0705806140108;0,327417925043;0,0923263097053;0,144036707347;2,21631637729;0;0;0;0
2;2;2;2;2;1;2;2;2;3;2;2;2;2;2;2;2;2;2;2;2;2;2;2;2;2;2;2;0;2;2;2;2;2;2;2;2;2;2;2;2;2;2;2;2;2;2;2;2;2;2;3;2;0;2;2;2;2;2;2;2;0;2;2;2;2;2;2;2;2;2;2;2;2;2;2;2;2;2;2;2;2;2;2;2;2;2;2;2;2;2;2;2;2;2;2;0;2;2;2;2;3;2;2;2;2;2;2;0;2;2;2;0;2;2;2;2;2;2;0;2;2;2;2;0;2;2;2;2;2;2;2;2;2;2;2;2;2;2;2;2;2;2;2;2;2;2;2;2;2;3;2;1;2;2;3;3;2;2;2;2;2;2;2;2;2;2;0;3;2;2;3;2;2;2;2;2;2;0;2;2;2;2;2;2;2;2;2;2;0;2;2;2;2;2;2;2;2;0;2;2;2;2;2;2;2;2;2;2;2;2;2;2;2;0,0396210170302;0,0705806140108;0,327417925043;0,0923263097053;0,144036707347;2,2518307448;0;0;0;0
2;2;2;2;2;1;2;2;2;0;2;2;0;2;0;2;2;0;2;2;2;2;2;0;2;2;2;2;0;2;2;2;2;2;2;2;2;2;2;2;2;2;2;2;2;2;2;0;2;2;0;0;2;0;2;2;2;2;2;2;2;0;2;2;2;2;2;2;2;2;2;2;2;2;2;2;2;0;2;2;2;0;2;2;2;2;2;2;2;2;2;2;2;0;0;2;0;2;2;2;2;0;0;2;2;2;2;2;0;0;2;2;0;0;2;2;2;2;0;0;2;2;2;2;0;2;2;2;2;2;2;2;2;2;2;2;2;2;2;2;2;2;2;0;2;0;2;2;2;2;0;2;1;2;2;0;0;2;2;2;0;2;2;2;2;2;2;0;0;2;2;0;2;2;2;2;2;2;0;2;2;2;2;2;2;2;2;2;2;0;0;2;2;2;2;2;2;2;0;2;2;2;2;0;2;2;2;2;2;2;2;2;2;2;0,152848375687;0,132244242947;0,415900367562;0,144967026684;0,214994989193;2,35238082713;0;0;0;0
2;2;2;2;2;1;2;2;2;0;2;2;0;2;0;2;2;0;2;2;2;2;2;0;2;2;2;2;0;2;2;2;2;2;2;2;2;2;2;2;2;2;2;2;2;2;2;0;2;2;0;0;2;0;2;2;2;2;2;2;2;0;2;2;2;2;2;2;2;2;2;2;2;2;2;2;2;0;2;2;2;0;2;2;2;2;2;2;2;2;2;2;2;0;0;2;0;2;2;2;2;0;0;2;2;2;2;2;0;0;2;2;0;0;2;2;2;2;0;0;2;2;2;2;0;2;2;2;2;2;2;2;2;2;2;2;2;2;2;2;2;2;2;0;2;0;2;2;2;2;0;2;1;2;2;0;0;2;2;2;0;2;2;2;2;2;2;0;0;2;2;0;2;2;2;2;2;2;0;2;2;2;2;2;2;2;2;2;2;0;0;2;2;2;2;2;2;2;0;2;2;2;2;0;2;2;2;2;2;2;2;2;2;2;0,152848375687;0,132244242947;0,415900367562;0,144967026684;0,214994989193;2,35238082713;0;0;0;0
2;2;2;2;2;1;2;2;2;0;2;2;0;2;0;2;2;0;2;2;2;2;2;0;2;2;2;2;0;2;2;2;2;2;2;2;2;2;2;2;2;2;2;2;2;2;2;0;2;2;0;0;2;0;2;2;2;2;2;2;2;0;2;2;2;2;2;2;2;2;2;2;2;2;2;2;2;0;2;2;2;0;2;2;2;2;2;2;2;2;2;2;2;0;0;2;0;2;2;2;2;0;0;2;2;2;2;2;0;0;2;2;0;0;2;2;2;2;0;0;2;2;2;2;0;2;2;2;2;2;2;2;2;2;2;2;2;2;2;2;2;2;2;0;2;0;2;2;2;2;0;2;1;2;2;0;0;2;2;2;0;2;2;2;2;2;2;0;0;2;2;0;2;2;2;2;2;2;0;2;2;2;2;2;2;2;2;2;2;0;0;2;2;2;2;2;2;2;0;2;2;2;2;0;2;2;2;2;2;2;2;2;2;2;0,152848375687;0,132244242947;0,415900367562;0,144967026684;0,214994989193;2,35238082713;0;0;0;0
2;2;2;2;2;1;2;2;2;0;2;2;0;2;0;2;2;0;2;2;2;2;2;0;2;2;2;2;0;2;2;2;2;2;2;2;2;2;2;2;2;2;2;2;2;2;2;0;2;2;0;0;2;0;2;2;2;2;2;2;2;0;2;2;2;2;2;2;2;2;2;2;2;2;2;2;2;0;2;2;2;0;2;2;2;2;2;2;2;2;2;2;2;0;0;2;0;2;2;2;2;0;0;2;2;2;2;2;0;0;2;2;0;0;2;2;2;2;0;0;2;2;2;2;0;2;2;2;2;2;2;2;2;2;2;2;2;2;2;2;2;2;2;0;2;0;2;2;2;2;0;2;1;2;2;0;0;2;2;2;0;2;2;2;2;2;2;0;0;2;2;0;2;2;2;2;2;2;0;2;2;2;2;2;2;2;2;2;2;0;0;2;2;2;2;2;2;2;0;2;2;2;2;0;2;2;2;2;2;2;2;2;2;2;0,152848375687;0,132244242947;0,415900367562;0,144967026684;0,214994989193;2,35238082713;0;0;0;0
2;2;2;2;2;1;2;2;2;0;2;2;0;2;0;2;2;0;2;2;2;2;2;0;2;2;2;2;0;2;2;2;2;2;2;2;2;2;2;2;2;2;2;2;2;2;2;0;2;2;0;0;2;0;2;2;2;2;2;2;2;0;2;2;2;2;2;2;2;2;2;2;2;2;2;2;2;0;2;2;2;0;2;2;2;2;2;2;2;2;2;2;2;0;0;2;0;2;2;2;2;0;0;2;2;2;2;2;0;0;2;2;0;0;2;2;2;2;0;0;2;2;2;2;0;2;2;2;2;2;2;2;2;2;2;2;2;2;2;2;2;2;2;0;2;0;2;2;2;2;0;2;1;2;2;0;0;2;2;2;0;2;2;2;2;2;2;0;0;2;2;0;2;2;2;2;2;2;0;2;2;2;2;2;2;2;2;2;2;0;0;2;2;2;2;2;2;2;0;2;2;2;2;0;2;2;2;2;2;2;2;2;2;2;0,152848375687;0,132244242947;0,415900367562;0,144967026684;0,214994989193;2,35238082713;0;0;0;0
2;2;2;2;2;1;2;2;2;0;2;2;0;2;0;2;2;0;2;2;2;2;2;0;2;2;2;2;0;2;2;2;2;2;2;2;2;2;2;2;2;2;2;2;2;2;2;0;2;2;0;0;2;0;2;2;2;2;2;2;2;0;2;2;2;2;2;2;2;2;2;2;2;2;2;2;2;0;2;2;2;0;2;2;2;2;2;2;2;2;2;2;2;0;0;2;0;2;2;2;2;0;0;2;2;2;2;2;0;0;2;2;0;0;2;2;2;2;0;0;2;2;2;2;0;2;2;2;2;2;2;2;2;2;2;2;2;2;2;2;2;2;2;0;2;0;2;2;2;2;0;2;1;2;2;0;0;2;2;2;0;2;2;2;2;2;2;0;0;2;2;0;2;2;2;2;2;2;0;2;2;2;2;2;2;2;2;2;2;0;0;2;2;2;2;2;2;2;0;2;2;2;2;0;2;2;2;2;2;2;2;2;2;2;0,152848375687;0,132244242947;0,415900367562;0,144967026684;0,214994989193;2,35238082713;0;0;0;0
2;2;2;2;2;1;2;2;2;0;2;2;0;2;0;2;2;0;2;2;2;2;2;0;2;2;2;2;0;2;2;2;2;2;2;2;2;2;2;2;2;2;2;2;2;2;2;0;2;2;0;0;2;0;2;2;2;2;2;2;2;0;2;2;2;2;2;2;2;2;2;2;2;2;2;2;2;0;2;2;2;0;2;2;2;2;2;2;2;2;2;2;2;0;0;2;0;2;2;2;2;0;0;2;2;2;2;2;0;0;2;2;0;0;2;2;2;2;0;0;2;2;2;2;0;2;2;2;2;2;2;2;2;2;2;2;2;2;2;2;2;2;2;0;2;0;2;2;2;2;0;2;1;2;2;0;0;2;2;2;0;2;2;2;2;2;2;0;0;2;2;0;2;2;2;2;2;2;0;2;2;2;2;2;2;2;2;2;2;0;0;2;2;2;2;2;2;2;0;2;2;2;2;0;2;2;2;2;2;2;2;2;2;2;0,152848375687;0,132244242947;0,415900367562;0,144967026684;0,214994989193;2,35238082713;0;0;0;0
2;2;2;2;2;1;2;2;2;0;2;2;0;2;0;2;2;0;2;2;2;2;2;0;2;2;2;2;0;2;2;2;2;2;2;2;2;2;2;2;2;2;2;2;2;2;2;0;2;2;0;0;2;0;2;2;2;2;2;2;2;0;2;2;2;2;2;2;2;2;2;2;2;2;2;2;2;0;2;2;2;0;2;2;2;2;2;2;2;2;2;2;2;0;0;2;0;2;2;2;2;0;0;2;2;2;2;2;0;0;2;2;0;0;2;2;2;2;0;0;2;2;2;2;0;2;2;2;2;2;2;2;2;2;2;2;2;2;2;2;2;2;2;0;2;0;2;2;2;2;0;2;1;2;2;0;0;2;2;2;0;2;2;2;2;2;2;0;0;2;2;0;2;2;2;2;2;2;0;2;2;2;2;2;2;2;2;2;2;0;0;2;2;2;2;2;2;2;0;2;2;2;2;0;2;2;2;2;2;2;2;2;2;2;0,152848375687;0,132244242947;0,415900367562;0,144967026684;0,214994989193;2,35238082713;0;0;0;0
2;2;2;2;2;1;2;2;2;0;2;2;0;2;0;2;2;0;2;2;2;2;2;0;2;2;2;2;0;2;2;2;2;2;2;2;2;2;2;2;2;2;2;2;2;2;2;0;2;2;0;0;2;0;2;2;2;2;2;2;2;0;2;2;2;2;2;2;2;2;2;2;2;2;2;2;2;0;2;2;2;0;2;2;2;2;2;2;2;2;2;2;2;0;0;2;0;2;2;2;2;0;0;2;2;2;2;2;0;0;2;2;0;0;2;2;2;2;0;0;2;2;2;2;0;2;2;2;2;2;2;2;2;0;2;2;2;2;2;2;2;2;2;0;2;0;2;2;2;2;0;2;1;2;2;0;0;2;2;2;0;2;2;2;2;2;2;0;0;2;2;2;2;2;2;2;2;2;0;2;2;2;2;2;2;2;2;2;2;0;0;2;2;2;2;2;2;2;0;2;2;2;2;0;2;2;2;2;2;2;2;2;2;2;0,164319522275;0,143105835129;0,446604648033;0,155669369345;0,230867219571;2,37486141504;0;0;0;0
2;2;2;2;2;1;2;2;2;0;2;2;0;2;0;2;2;0;2;2;2;2;2;0;2;2;2;2;0;2;2;2;2;2;2;2;2;2;2;2;2;2;2;2;2;2;2;0;2;2;0;0;2;0;2;2;2;2;2;2;2;0;2;2;2;2;2;2;2;2;2;2;2;2;2;2;2;0;2;2;2;0;2;2;2;2;2;2;2;2;2;2;2;0;0;2;0;2;2;2;2;0;0;2;2;2;2;2;0;0;2;2;0;0;2;2;2;2;0;0;2;2;2;2;0;2;2;2;2;2;2;2;2;0;2;2;2;2;2;2;2;2;2;0;2;0;2;2;2;2;0;2;1;2;2;0;0;2;2;2;0;2;2;2;2;2;2;0;0;2;2;2;2;2;2;2;2;2;0;2;2;2;2;2;2;2;2;2;2;0;0;2;2;2;2;2;2;2;0;2;2;2;2;0;2;2;2;2;2;2;2;2;2;2;0,164319522275;0,143105835129;0,446604648033;0,155669369345;0,230867219571;2,37486141504;0;0;0;0
2;2;2;2;2;1;2;2;2;0;2;2;0;2;0;2;2;0;2;2;2;2;2;0;2;2;2;2;0;2;2;2;2;2;2;2;2;2;2;2;2;2;2;2;2;2;2;0;2;2;0;0;2;0;2;2;2;2;2;2;2;0;2;2;2;2;2;2;2;2;2;2;2;2;2;2;2;0;2;2;2;0;2;2;2;2;2;2;2;2;2;2;2;0;0;2;0;2;2;2;2;0;0;2;2;2;2;2;0;0;2;2;0;0;2;2;2;2;0;0;2;2;2;2;0;2;2;2;2;2;2;2;2;0;2;2;2;2;2;2;2;2;2;0;2;0;2;2;2;2;0;2;1;2;2;0;0;2;2;2;0;2;2;2;2;2;2;0;0;2;2;2;2;2;2;2;2;2;0;2;2;2;2;2;2;2;2;2;2;0;0;2;2;2;2;2;2;2;0;2;2;2;2;0;2;2;2;2;2;2;2;2;2;2;0,164319522275;0,143105835129;0,446604648033;0,155669369345;0,230867219571;2,37486141504;0;0;0;0
2;2;2;2;2;1;2;2;2;0;2;2;0;2;0;2;2;0;2;2;2;2;2;0;2;2;2;2;0;2;2;2;2;2;2;2;2;2;2;2;2;2;2;2;2;2;2;0;2;2;0;0;2;0;2;2;2;2;2;2;2;0;2;2;2;2;2;2;2;2;2;2;2;2;2;2;2;0;2;2;2;0;2;2;2;2;2;2;2;2;2;2;2;0;0;2;0;2;2;2;2;0;0;2;2;2;2;2;0;0;2;2;0;0;2;2;2;2;0;0;2;2;2;2;0;2;2;2;2;2;2;2;2;0;2;2;2;2;2;2;2;2;2;0;2;0;2;2;2;2;0;2;1;2;2;0;0;2;2;2;0;2;2;2;2;2;2;0;0;2;2;2;2;2;2;2;2;2;0;2;2;2;2;2;2;2;2;2;2;0;0;2;2;2;2;2;2;2;0;2;2;2;2;0;2;2;2;2;2;2;2;2;2;2;0,164319522275;0,143105835129;0,446604648033;0,155669369345;0,230867219571;2,37486141504;0;0;0;0
2;2;2;2;2;1;2;2;2;0;2;2;0;2;0;2;2;0;2;2;2;2;2;0;2;2;2;2;0;2;2;2;2;2;2;2;2;2;2;2;2;2;2;2;2;2;2;0;2;2;0;0;2;0;2;2;2;2;2;2;2;0;2;2;2;2;2;2;2;2;2;2;2;2;2;2;2;0;2;2;2;0;2;2;2;2;2;2;2;2;2;2;2;0;0;2;0;2;2;2;2;0;0;2;2;2;2;2;0;0;2;2;0;0;2;2;2;2;0;0;2;2;2;2;0;2;2;2;2;2;2;2;2;0;2;2;2;2;2;2;2;2;2;0;2;0;2;2;2;2;0;2;1;2;2;0;0;2;2;2;0;2;2;2;2;2;2;0;0;2;2;2;2;2;2;2;2;2;0;2;2;2;2;2;2;2;2;2;2;0;0;2;2;2;2;2;2;2;0;2;2;2;2;0;2;2;2;2;2;2;2;2;2;2;0,164319522275;0,143105835129;0,446604648033;0,155669369345;0,230867219571;2,37486141504;0;0;0;0
2;2;2;2;2;1;2;2;2;0;2;2;0;2;0;2;2;0;2;2;2;2;2;0;2;2;2;2;0;2;2;2;2;2;2;2;2;2;2;2;2;2;2;2;2;2;2;0;2;2;0;0;2;0;2;2;2;2;2;2;2;0;2;2;2;2;2;2;2;2;2;2;2;2;2;2;2;0;2;2;2;0;2;2;2;2;2;2;2;2;2;2;2;0;0;2;0;2;2;2;2;0;0;2;2;2;2;2;0;0;2;2;0;0;2;2;2;2;0;0;2;2;2;2;0;2;2;2;2;2;2;2;2;0;2;2;2;2;2;2;2;2;2;0;2;0;2;2;2;2;0;2;1;2;2;0;0;2;2;2;0;2;2;2;2;2;2;0;0;2;2;2;2;2;2;2;2;2;0;2;2;2;2;2;2;2;2;2;2;0;0;2;2;2;2;2;2;2;0;2;2;2;2;0;2;2;2;2;2;2;2;2;2;2;0,164319522275;0,143105835129;0,446604648033;0,155669369345;0,230867219571;2,37486141504;0;0;0;0
2;2;2;2;2;1;2;2;2;0;2;2;0;2;0;2;2;0;2;2;2;2;2;0;2;2;2;2;0;2;2;2;2;2;2;2;2;2;2;2;2;2;2;2;2;2;2;0;2;2;0;0;2;0;2;2;2;2;2;2;2;0;2;2;2;2;2;2;2;2;2;2;2;2;2;2;2;0;2;2;2;0;2;2;2;2;2;2;2;2;2;2;2;0;0;2;0;2;2;2;2;0;0;2;2;2;2;2;0;0;2;2;0;0;2;2;2;2;0;0;2;2;2;2;0;2;2;2;2;2;2;2;2;0;2;2;2;2;2;2;2;2;2;0;2;0;2;2;2;2;0;2;1;2;2;0;0;2;2;2;0;2;2;2;2;2;2;0;0;2;2;2;2;2;2;2;2;2;0;2;2;2;2;2;2;2;2;2;2;0;0;2;2;2;2;2;2;2;0;2;2;2;2;0;2;2;2;2;2;2;2;2;2;2;0,164319522275;0,143105835129;0,446604648033;0,155669369345;0,230867219571;2,37486141504;0;0;0;0
