25;40;30;cs;Minkowski_2;1;1
0;0;4;0;4;4;4;0;0;0;0;0;0;0;0;0;0;0;0;0;0;3;0;1;0;0;0;0;0;0;4;4;4;0;3;0;4;0;0;3;0;0;0;4;0;0;0;0;4;0;0;0;0;4;0;0;0;0;6;0;0;1;4;0;0;0;0;0;0;0;4;0;0;0;1;4;0;4;0;0;0;0;4;4;2;0;0;0;4;0;0;0;4;0;4;0;0;0;0;0;0;0;4;0;0;0;0;4;0;4;0;0;0;0;4;2;4;0;0;0;2;0;0;0;2;0;4;2;2;0;0;2;0;0;0;0;0;2;0;0;4;0;4;0;4;0;0;0;1;0;1;0;1;4;0;0;0;0;4;6;0;4;0;0;0;0;0;0;0;3;0;0;0;0;0;1;0;0;0;0;0;1;4;0;0;4;0;0;0;0;0;5;0;0;0;4;0;5;0;4;0;0;0;0;4;0;0;0;0;4;4;4;0;2;0,255974989794;0,281088770161;0,481319381043;0,313741640533;0,379870043005;0,803800007336;0;0;0;0
0;0;2;0;2;2;0;0;0;0;0;0;0;0;0;0;0;0;0;0;0;0;0;1;0;0;0;0;0;0;2;0;2;0;2;0;0;5;0;2;0;5;0;2;0;0;0;5;0;0;6;0;0;2;0;0;5;0;3;0;0;5;0;0;0;0;0;0;0;0;0;0;0;0;0;0;0;0;0;0;0;0;2;2;0;0;5;0;2;0;0;0;0;0;2;0;5;0;5;0;0;5;2;0;0;0;0;0;0;0;0;0;0;0;2;2;0;0;0;0;2;0;0;0;2;5;2;2;0;5;0;2;0;0;0;0;0;2;0;0;2;0;0;0;0;5;0;5;0;0;1;0;3;0;0;0;0;0;2;2;0;2;0;0;0;0;0;0;0;0;0;5;5;0;0;2;0;0;0;0;0;2;0;0;0;2;0;0;0;0;0;4;0;0;0;6;0;4;0;0;0;0;0;0;2;0;0;0;0;2;0;2;0;6;0,151351739952;0,171131806873;0,352534876676;0,206867192432;0,26073518208;0,866198467103;0;0;0;0
0;0;1;0;2;2;0;0;0;0;0;0;0;0;0;0;0;0;0;0;0;1;0;2;0;0;0;0;0;0;1;2;1;0;2;0;1;0;0;2;0;0;0;1;0;0;0;0;2;0;0;0;0;1;0;0;0;0;5;0;0;5;1;0;0;0;0;0;0;0;0;0;0;0;2;0;0;2;0;0;0;0;1;2;1;0;0;0;1;0;0;0;0;0;1;0;0;0;0;0;0;0;2;0;0;0;0;1;0;0;0;0;0;0;2;1;1;0;0;0;1;0;0;0;1;0;1;1;0;0;0;1;0;0;0;0;0;1;0;0;1;0;0;0;2;0;0;0;0;0;2;0;5;0;0;0;0;0;1;4;0;1;0;0;0;0;0;0;0;2;0;0;0;0;0;2;0;0;0;0;0;2;0;0;0;1;0;0;0;0;0;3;0;0;0;0;0;3;0;1;0;0;0;0;1;0;0;0;0;2;0;1;0;4;0,24107441139;0,29349134382;0,577037452549;0,319599062745;0,411360960339;0,941847254134;0;0;0;0
0;0;1;0;2;2;0;0;0;0;0;0;0;0;0;0;0;0;0;0;0;1;0;2;0;0;0;0;0;0;1;2;1;0;2;0;1;0;0;2;0;0;0;1;0;0;0;0;2;0;0;0;0;1;0;0;0;0;5;0;0;5;1;0;0;0;0;0;0;0;0;0;0;0;2;0;0;2;0;0;0;0;1;2;1;0;0;0;1;0;0;0;0;0;1;0;0;0;0;0;0;0;2;0;0;0;0;1;0;0;0;0;0;0;2;1;1;0;0;0;1;0;0;0;1;0;1;1;0;0;0;1;0;0;0;0;0;1;0;0;1;0;0;0;2;0;0;0;0;0;2;0;5;0;0;0;0;0;1;4;0;1;0;0;0;0;0;0;0;2;0;0;0;0;0;2;0;0;0;0;0;2;0;0;0;1;0;0;0;0;0;3;0;0;0;0;0;3;0;1;0;0;0;0;1;0;0;0;0;2;0;1;0;4;0,24107441139;0,29349134382;0,577037452549;0,319599062745;0,411360960339;0,941847254134;0;0;0;0
5;5;1;5;2;2;5;5;5;5;5;5;5;5;5;5;5;5;5;5;5;5;5;2;5;5;5;5;5;5;1;1;1;5;1;5;5;5;5;1;5;5;5;1;5;5;5;5;5;5;5;5;5;1;5;5;5;5;3;5;5;3;1;5;5;5;5;5;5;5;5;5;5;5;1;5;5;1;5;5;5;5;1;2;5;5;5;5;1;5;1;5;5;5;1;5;5;5;5;5;5;5;1;5;5;5;5;5;5;5;5;5;5;5;1;1;1;5;5;5;1;5;5;5;1;5;1;1;4;5;5;1;5;5;5;5;5;5;5;5;1;5;1;5;1;5;5;5;5;5;2;5;3;5;5;5;5;5;1;3;5;1;5;5;5;5;5;5;5;5;5;5;5;5;5;2;5;5;5;5;5;2;5;5;5;1;5;5;5;5;5;0;5;5;0;1;5;0;5;1;5;5;5;5;1;5;5;5;5;1;5;1;5;4;0,205066634625;0,221359239486;0,476749229651;0,250668349514;0,328575899048;1,05826432137;0;0;0;0
5;5;1;5;2;2;5;5;5;5;5;5;5;5;5;5;5;5;5;5;5;5;5;2;5;5;5;5;5;5;1;1;1;5;1;5;5;5;5;1;5;5;5;1;5;5;5;5;5;5;5;5;5;1;5;5;5;5;3;5;5;3;1;5;5;5;5;5;5;5;5;5;5;5;1;5;5;1;5;5;5;5;1;2;5;5;5;5;1;5;1;5;5;5;1;5;5;5;5;5;5;5;1;5;5;5;5;5;5;5;5;5;5;5;1;1;1;5;5;5;1;5;5;5;1;5;1;1;4;5;5;1;5;5;5;5;5;5;5;5;1;5;1;5;1;5;5;5;5;5;2;5;3;5;5;5;5;5;1;3;5;1;5;5;5;5;5;5;5;5;5;5;5;5;5;2;5;5;5;5;5;2;5;5;5;1;5;5;5;5;5;0;5;5;0;1;5;0;5;1;5;5;5;5;1;5;5;5;5;1;5;1;5;4;0,205066634625;0,221359239486;0,476749229651;0,250668349514;0,328575899048;1,05826432137;0;0;0;0
5;5;1;5;2;2;5;5;5;5;5;5;5;5;5;5;5;5;5;5;5;5;5;2;5;5;5;5;5;5;1;1;1;5;1;5;5;5;5;1;5;5;5;1;5;5;5;5;5;5;5;5;5;1;5;5;5;5;3;5;5;3;1;5;5;5;5;5;5;5;5;5;5;5;1;5;5;1;5;5;5;5;1;2;5;5;5;5;1;5;1;5;5;5;1;5;5;5;5;5;5;5;1;5;5;5;5;5;5;5;5;5;5;5;1;1;1;5;5;5;1;5;5;5;1;5;1;1;4;5;5;1;5;5;5;5;5;5;5;5;1;5;1;5;1;5;5;5;5;5;2;5;3;5;5;5;5;5;1;3;5;1;5;5;5;5;5;5;5;5;5;5;5;5;5;2;5;5;5;5;5;2;5;5;5;1;5;5;5;5;5;0;5;5;0;1;5;0;5;1;5;5;5;5;1;5;5;5;5;1;5;1;5;4;0,205066634625;0,221359239486;0,476749229651;0,250668349514;0,328575899048;1,05826432137;0;0;0;0
5;5;1;5;2;2;5;5;5;5;5;5;5;5;5;5;5;5;5;5;5;5;5;2;5;5;5;5;5;5;1;1;1;5;1;5;5;5;5;1;5;5;5;1;5;5;5;5;5;5;5;5;5;1;5;5;5;5;3;5;5;3;1;5;5;5;5;5;5;5;5;5;5;5;1;5;5;1;5;5;5;5;1;2;5;5;5;5;1;5;1;5;5;5;1;5;5;5;5;5;5;5;1;5;5;5;5;5;5;5;5;5;5;5;1;1;1;5;5;5;1;5;5;5;1;5;1;1;4;5;5;1;5;5;5;5;5;5;5;5;1;5;1;5;1;5;5;5;5;5;2;5;3;5;5;5;5;5;1;3;5;1;5;5;5;5;5;5;5;5;5;5;5;5;5;2;5;5;5;5;5;2;5;5;5;1;5;5;5;5;5;0;5;5;0;1;5;0;5;1;5;5;5;5;1;5;5;5;5;1;5;1;5;4;0,205066634625;0,221359239486;0,476749229651;0,250668349514;0,328575899048;1,05826432137;0;0;0;0
0;0;0;0;0;0;0;0;0;0;0;0;0;0;0;0;0;0;0;0;0;0;0;0;0;0;0;0;0;0;0;0;0;0;0;0;0;0;0;0;0;0;0;0;0;0;0;0;0;0;0;0;0;0;0;0;0;0;0;0;0;0;0;0;0;0;0;0;0;0;0;0;0;0;0;0;0;0;0;0;0;0;0;0;0;0;0;0;0;0;0;0;0;0;0;0;0;0;0;0;0;0;0;0;0;0;0;0;0;0;0;0;0;0;0;0;0;0;0;0;0;0;0;0;0;0;0;0;0;0;0;0;0;0;0;0;0;0;0;0;0;0;0;0;0;0;0;0;0;0;0;0;0;0;0;0;0;0;0;0;0;0;0;0;0;0;0;0;0;0;0;0;0;0;0;0;0;0;0;0;0;0;0;0;0;0;0;0;0;0;0;1;0;0;0;0;0;1;0;0;0;0;0;0;0;0;0;0;0;0;0;0;0;0;0,0105786252684;0,0116572586248;0,507669359466;0,0178257137536;0,0344420686111;1,5532533691;0;0;0;0
0;0;0;0;0;0;0;0;0;0;0;0;0;0;0;0;0;0;0;0;0;0;0;0;0;0;0;0;0;0;0;0;0;0;0;0;0;0;0;0;0;0;0;0;0;0;0;0;0;0;0;0;0;0;0;0;0;0;0;0;0;0;0;0;0;0;0;0;0;0;0;0;0;0;0;0;0;0;0;0;0;0;0;0;0;0;0;0;0;0;0;0;0;0;0;0;0;0;0;0;0;0;0;0;0;0;0;0;0;0;0;0;0;0;0;0;0;0;0;0;0;0;0;0;0;0;0;0;0;0;0;0;0;0;0;0;0;0;0;0;0;0;0;0;0;0;0;0;0;0;0;0;0;0;0;0;0;0;0;0;0;0;0;0;0;0;0;0;0;0;0;0;0;0;0;0;0;0;0;0;0;0;0;0;0;0;0;0;0;0;0;1;0;0;0;0;0;1;0;0;0;0;0;0;0;0;0;0;0;0;0;0;0;0;0,0105786252684;0,0116572586248;0,507669359466;0,0178257137536;0,0344420686111;1,5532533691;0;0;0;0
0;0;0;0;0;0;0;0;0;0;0;0;0;0;0;0;0;0;0;0;0;0;0;0;0;0;0;0;0;0;0;0;0;0;0;0;0;0;0;0;0;0;0;0;0;0;0;0;0;0;0;0;0;0;0;0;0;0;0;0;0;0;0;0;0;0;0;0;0;0;0;0;0;0;0;0;0;0;0;0;0;0;0;0;0;0;0;0;0;0;0;0;0;0;0;0;0;0;0;0;0;0;0;0;0;0;0;0;0;0;0;0;0;0;0;0;0;0;0;0;0;0;0;0;0;0;0;0;0;0;0;0;0;0;0;0;0;0;0;0;0;0;0;0;0;0;0;0;0;0;0;0;0;0;0;0;0;0;0;0;0;0;0;0;0;0;0;0;0;0;0;0;0;0;0;0;0;0;0;0;0;0;0;0;0;0;0;0;0;0;0;1;0;0;0;0;0;1;0;0;0;0;0;0;0;0;0;0;0;0;0;0;0;0;0,0105786252684;0,0116572586248;0,507669359466;0,0178257137536;0,0344420686111;1,5532533691;0;0;0;0
0;0;0;0;0;0;0;0;0;0;0;0;0;0;0;0;0;0;0;0;0;0;0;0;0;0;0;0;0;0;0;0;0;0;0;0;0;0;0;0;0;0;0;0;0;0;0;0;0;0;0;0;0;0;0;0;0;0;0;0;0;0;0;0;0;0;0;0;0;0;0;0;0;0;0;0;0;0;0;0;0;0;0;0;0;0;0;0;0;0;0;0;0;0;0;0;0;0;0;0;0;0;0;0;0;0;0;0;0;0;0;0;0;0;0;0;0;0;0;0;0;0;0;0;0;0;0;0;0;0;0;0;0;0;0;0;0;0;0;0;0;0;0;0;0;0;0;0;0;0;0;0;0;0;0;0;0;0;0;0;0;0;0;0;0;0;0;0;0;0;0;0;0;0;0;0;0;0;0;0;0;0;0;0;0;0;0;0;0;0;0;1;0;0;0;0;0;1;0;0;0;0;0;0;0;0;0;0;0;0;0;0;0;0;0,0105786252684;0,0116572586248;0,507669359466;0,0178257137536;0,0344420686111;1,5532533691;0;0;0;0
0;0;0;0;0;0;0;0;0;0;0;0;0;0;0;0;0;0;0;0;0;0;0;0;0;0;0;0;0;0;0;0;0;0;0;0;0;0;0;0;0;0;0;0;0;0;0;0;0;0;0;0;0;0;0;0;0;0;0;0;0;0;0;0;0;0;0;0;0;0;0;0;0;0;0;0;0;0;0;0;0;0;0;0;0;0;0;0;0;0;0;0;0;0;0;0;0;0;0;0;0;0;0;0;0;0;0;0;0;0;0;0;0;0;0;0;0;0;0;0;0;0;0;0;0;0;0;0;0;0;0;0;0;0;0;0;0;0;0;0;0;0;0;0;0;0;0;0;0;0;0;0;0;0;0;0;0;0;0;0;0;0;0;0;0;0;0;0;0;0;0;0;0;0;0;0;0;0;0;0;0;0;0;0;0;0;0;0;0;0;0;1;0;0;0;0;0;1;0;0;0;0;0;0;0;0;0;0;0;0;0;0;0;0;0,0105786252684;0,0116572586248;0,507669359466;0,0178257137536;0,0344420686111;1,5532533691;0;0;0;0
0;0;0;0;0;0;0;0;0;0;0;0;0;0;0;0;0;0;0;0;0;0;0;0;0;0;0;0;0;0;0;0;0;0;0;0;0;0;0;0;0;0;0;0;0;0;0;0;0;0;0;0;0;0;0;0;0;0;0;0;0;0;0;0;0;0;0;0;0;0;0;0;0;0;0;0;0;0;0;0;0;0;0;0;0;0;0;0;0;0;0;0;0;0;0;0;0;0;0;0;0;0;0;0;0;0;0;0;0;0;0;0;0;0;0;0;0;0;0;0;0;0;0;0;0;0;0;0;0;0;0;0;0;0;0;0;0;0;0;0;0;0;0;0;0;0;0;0;0;0;0;0;0;0;0;0;0;0;0;0;0;0;0;0;0;0;0;0;0;0;0;0;0;0;0;0;0;0;0;0;0;0;0;0;0;0;0;0;0;0;0;1;0;0;0;0;0;1;0;0;0;0;0;0;0;0;0;0;0;0;0;0;0;0;0,0105786252684;0,0116572586248;0,507669359466;0,0178257137536;0,0344420686111;1,5532533691;0;0;0;0
0;0;0;0;0;0;0;0;0;0;0;0;0;0;0;0;0;0;0;0;0;0;0;0;0;0;0;0;0;0;0;0;0;0;0;0;0;0;0;0;0;0;0;0;0;0;0;0;0;0;0;0;0;0;0;0;0;0;0;0;0;0;0;0;0;0;0;0;0;0;0;0;0;0;0;0;0;0;0;0;0;0;0;0;0;0;0;0;0;0;0;0;0;0;0;0;0;0;0;0;0;0;0;0;0;0;0;0;0;0;0;0;0;0;0;0;0;0;0;0;0;0;0;0;0;0;0;0;0;0;0;0;0;0;0;0;0;0;0;0;0;0;0;0;0;0;0;0;0;0;0;0;0;0;0;0;0;0;0;0;0;0;0;0;0;0;0;0;0;0;0;0;0;0;0;0;0;0;0;0;0;0;0;0;0;0;0;0;0;0;0;1;0;0;0;0;0;1;0;0;0;0;0;0;0;0;0;0;0;0;0;0;0;0;0,0105786252684;0,0116572586248;0,507669359466;0,0178257137536;0,0344420686111;1,5532533691;0;0;0;0
0;0;0;0;0;0;0;0;0;0;0;0;0;0;0;0;0;0;0;0;0;0;0;0;0;0;0;0;0;0;0;0;0;0;0;0;0;0;0;0;0;0;0;0;0;0;0;0;0;0;0;0;0;0;0;0;0;0;0;0;0;0;0;0;0;0;0;0;0;0;0;0;0;0;0;0;0;0;0;0;0;0;0;0;0;0;0;0;0;0;0;0;0;0;0;0;0;0;0;0;0;0;0;0;0;0;0;0;0;0;0;0;0;0;0;0;0;0;0;0;0;0;0;0;0;0;0;0;0;0;0;0;0;0;0;0;0;0;0;0;0;0;0;0;0;0;0;0;0;0;0;0;0;0;0;0;0;0;0;0;0;0;0;0;0;0;0;0;0;0;0;0;0;0;0;0;0;0;0;0;0;0;0;0;0;0;0;0;0;0;0;1;0;0;0;0;0;1;0;0;0;0;0;0;0;0;0;0;0;0;0;0;0;0;0,0105786252684;0,0116572586248;0,507669359466;0,0178257137536;0,0344420686111;1,5532533691;0;0;0;0
0;0;0;0;0;0;0;0;0;0;0;0;0;0;0;0;0;0;0;0;0;0;0;0;0;0;0;0;0;0;0;0;0;0;0;0;0;0;0;0;0;0;0;0;0;0;0;0;0;0;0;0;0;0;0;0;0;0;0;0;0;0;0;0;0;0;0;0;0;0;0;0;0;0;0;0;0;0;0;0;0;0;0;0;0;0;0;0;0;0;0;0;0;0;0;0;0;0;0;0;0;0;0;0;0;0;0;0;0;0;0;0;0;0;0;0;0;0;0;0;0;0;0;0;0;0;0;0;0;0;0;0;0;0;0;0;0;0;0;0;0;0;0;0;0;0;0;0;0;0;0;0;0;0;0;0;0;0;0;0;0;0;0;0;0;0;0;0;0;0;0;0;0;0;0;0;0;0;0;0;0;0;0;0;0;0;0;0;0;0;0;1;0;0;0;0;0;1;0;0;0;0;0;0;0;0;0;0;0;0;0;0;0;0;0,0105786252684;0,0116572586248;0,507669359466;0,0178257137536;0,0344420686111;1,5532533691;0;0;0;0
0;0;0;0;0;0;0;0;0;0;0;0;0;0;0;0;0;0;0;0;0;0;0;0;0;0;0;0;0;0;0;0;0;0;0;0;0;0;0;0;0;0;0;0;0;0;0;0;0;0;0;0;0;0;0;0;0;0;0;0;0;0;0;0;0;0;0;0;0;0;0;0;0;0;0;0;0;0;0;0;0;0;0;0;0;0;0;0;0;0;0;0;0;0;0;0;0;0;0;0;0;0;0;0;0;0;0;0;0;0;0;0;0;0;0;0;0;0;0;0;0;0;0;0;0;0;0;0;0;0;0;0;0;0;0;0;0;0;0;0;0;0;0;0;0;0;0;0;0;0;0;0;0;0;0;0;0;0;0;0;0;0;0;0;0;0;0;0;0;0;0;0;0;0;0;0;0;0;0;0;0;0;0;0;0;0;0;0;0;0;0;1;0;0;0;0;0;1;0;0;0;0;0;0;0;0;0;0;0;0;0;0;0;0;0,0105786252684;0,0116572586248;0,507669359466;0,0178257137536;0,0344420686111;1,5532533691;0;0;0;0
0;0;0;0;0;0;0;0;0;0;0;0;0;0;0;0;0;0;0;0;0;0;0;0;0;0;0;0;0;0;0;0;0;0;0;0;0;0;0;0;0;0;0;0;0;0;0;0;0;0;0;0;0;0;0;0;0;0;0;0;0;0;0;0;0;0;0;0;0;0;0;0;0;0;0;0;0;0;0;0;0;0;0;0;0;0;0;0;0;0;0;0;0;0;0;0;0;0;0;0;0;0;0;0;0;0;0;0;0;0;0;0;0;0;0;0;0;0;0;0;0;0;0;0;0;0;0;0;0;0;0;0;0;0;0;0;0;0;0;0;0;0;0;0;0;0;0;0;0;0;0;0;0;0;0;0;0;0;0;0;0;0;0;0;0;0;0;0;0;0;0;0;0;0;0;0;0;0;0;0;0;0;0;0;0;0;0;0;0;0;0;1;0;0;0;0;0;1;0;0;0;0;0;0;0;0;0;0;0;0;0;0;0;0;0,0105786252684;0,0116572586248;0,507669359466;0,0178257137536;0,0344420686111;1,5532533691;0;0;0;0
0;0;0;0;0;0;0;0;0;0;0;0;0;0;0;0;0;0;0;0;0;0;0;0;0;0;0;0;0;0;0;0;0;0;0;0;0;0;0;0;0;0;0;0;0;0;0;0;0;0;0;0;0;0;0;0;0;0;0;0;0;0;0;0;0;0;0;0;0;0;0;0;0;0;0;0;0;0;0;0;0;0;0;0;0;0;0;0;0;0;0;0;0;0;0;0;0;0;0;0;0;0;0;0;0;0;0;0;0;0;0;0;0;0;0;0;0;0;0;0;0;0;0;0;0;0;0;0;0;0;0;0;0;0;0;0;0;0;0;0;0;0;0;0;0;0;0;0;0;0;0;0;0;0;0;0;0;0;0;0;0;0;0;0;0;0;0;0;0;0;0;0;0;0;0;0;0;0;0;0;0;0;0;0;0;0;0;0;0;0;0;1;0;0;0;0;0;1;0;0;0;0;0;0;0;0;0;0;0;0;0;0;0;0;0,0105786252684;0,0116572586248;0,507669359466;0,0178257137536;0,0344420686111;1,5532533691;0;0;0;0
1;1;1;1;1;1;1;1;1;1;1;1;1;1;1;1;1;1;1;1;1;1;1;1;1;1;1;1;1;1;1;1;1;1;1;1;1;1;1;1;1;1;1;1;1;1;1;1;1;1;1;1;1;1;1;1;1;1;1;1;1;1;1;1;1;1;1;1;1;1;1;1;1;1;1;1;1;1;1;1;1;1;1;1;1;1;1;1;1;1;1;1;1;1;1;1;1;1;1;1;1;1;1;1;1;1;1;1;1;1;1;1;1;1;1;1;1;1;1;1;1;1;1;1;1;1;1;1;1;1;1;1;1;1;1;1;1;1;1;1;1;1;1;1;1;1;1;1;1;1;1;1;1;1;1;1;1;1;1;1;1;1;1;1;1;1;1;1;1;1;1;1;1;1;1;1;1;1;1;1;1;1;1;1;1;1;1;1;1;1;1;0;1;1;0;1;1;0;1;1;1;1;1;1;1;1;1;1;1;1;1;1;1;1;0,00886768210805;0,00836503788577;0,314204298019;0,0153582229244;0,0292850026695;1,5532533691;0;0;0;0
1;1;1;1;1;1;1;1;1;1;1;1;1;1;1;1;1;1;1;1;1;1;1;1;1;1;1;1;1;1;1;1;1;1;1;1;1;1;1;1;1;1;1;1;1;1;1;1;1;1;1;1;1;1;1;1;1;1;1;1;1;1;1;1;1;1;1;1;1;1;1;1;1;1;1;1;1;1;1;1;1;1;1;1;1;1;1;1;1;1;1;1;1;1;1;1;1;1;1;1;1;1;1;1;1;1;1;1;1;1;1;1;1;1;1;1;1;1;1;1;1;1;1;1;1;1;1;1;1;1;1;1;1;1;1;1;1;1;1;1;1;1;1;1;1;1;1;1;1;1;1;1;1;1;1;1;1;1;1;1;1;1;1;1;1;1;1;1;1;1;1;1;1;1;1;1;1;1;1;1;1;1;1;1;1;1;1;1;1;1;1;0;1;1;0;1;1;0;1;1;1;1;1;1;1;1;1;1;1;1;1;1;1;1;0,00886768210805;0,00836503788577;0,314204298019;0,0153582229244;0,0292850026695;1,5532533691;0;0;0;0
1;1;1;1;1;1;1;1;1;1;1;1;1;1;1;1;1;1;1;1;1;1;1;1;1;1;1;1;1;1;1;1;1;1;1;1;1;1;1;1;1;1;1;1;1;1;1;1;1;1;1;1;1;1;1;1;1;1;1;1;1;1;1;1;1;1;1;1;1;1;1;1;1;1;1;1;1;1;1;1;1;1;1;1;1;1;1;1;1;1;1;1;1;1;1;1;1;1;1;1;1;1;1;1;1;1;1;1;1;1;1;1;1;1;1;1;1;1;1;1;1;1;1;1;1;1;1;1;1;1;1;1;1;1;1;1;1;1;1;1;1;1;1;1;1;1;1;1;1;1;1;1;1;1;1;1;1;1;1;1;1;1;1;1;1;1;1;1;1;1;1;1;1;1;1;1;1;1;1;1;1;1;1;1;1;1;1;1;1;1;1;0;1;1;0;1;1;0;1;1;1;1;1;1;1;1;1;1;1;1;1;1;1;1;0,00886768210805;0,00836503788577;0,314204298019;0,0153582229244;0,0292850026695;1,5532533691;0;0;0;0
1;1;1;1;1;1;1;1;1;1;1;1;1;1;1;1;1;1;1;1;1;1;1;1;1;1;1;1;1;1;1;1;1;1;1;1;1;1;1;1;1;1;1;1;1;1;1;1;1;1;1;1;1;1;1;1;1;1;1;1;1;1;1;1;1;1;1;1;1;1;1;1;1;1;1;1;1;1;1;1;1;1;1;1;1;1;1;1;1;1;1;1;1;1;1;1;1;1;1;1;1;1;1;1;1;1;1;1;1;1;1;1;1;1;1;1;1;1;1;1;1;1;1;1;1;1;1;1;1;1;1;1;1;1;1;1;1;1;1;1;1;1;1;1;1;1;1;1;1;1;1;1;1;1;1;1;1;1;1;1;1;1;1;1;1;1;1;1;1;1;1;1;1;1;1;1;1;1;1;1;1;1;1;1;1;1;1;1;1;1;1;0;1;1;0;1;1;0;1;1;1;1;1;1;1;1;1;1;1;1;1;1;1;1;0,00886768210805;0,00836503788577;0,314204298019;0,0153582229244;0,0292850026695;1,5532533691;0;0;0;0
1;1;1;1;1;1;1;1;1;1;1;1;1;1;1;1;1;1;1;1;1;1;1;1;1;1;1;1;1;1;1;1;1;1;1;1;1;1;1;1;1;1;1;1;1;1;1;1;1;1;1;1;1;1;1;1;1;1;1;1;1;1;1;1;1;1;1;1;1;1;1;1;1;1;1;1;1;1;1;1;1;1;1;1;1;1;1;1;1;1;1;1;1;1;1;1;1;1;1;1;1;1;1;1;1;1;1;1;1;1;1;1;1;1;1;1;1;1;1;1;1;1;1;1;1;1;1;1;1;1;1;1;1;1;1;1;1;1;1;1;1;1;1;1;1;1;1;1;1;1;1;1;1;1;1;1;1;1;1;1;1;1;1;1;1;1;1;1;1;1;1;1;1;1;1;1;1;1;1;1;1;1;1;1;1;1;1;1;1;1;1;0;1;1;0;1;1;0;1;1;1;1;1;1;1;1;1;1;1;1;1;1;1;1;0,00886768210805;0,00836503788577;0,314204298019;0,0153582229244;0,0292850026695;1,5532533691;0;0;0;0
1;1;1;1;1;1;1;1;1;1;1;1;1;1;1;1;1;1;1;1;1;1;1;1;1;1;1;1;1;1;1;1;1;1;1;1;1;1;1;1;1;1;1;1;1;1;1;1;1;1;1;1;1;1;1;1;1;1;1;1;1;1;1;1;1;1;1;1;1;1;1;1;1;1;1;1;1;1;1;1;1;1;1;1;1;1;1;1;1;1;1;1;1;1;1;1;1;1;1;1;1;1;1;1;1;1;1;1;1;1;1;1;1;1;1;1;1;1;1;1;1;1;1;1;1;1;1;1;1;1;1;1;1;1;1;1;1;1;1;1;1;1;1;1;1;1;1;1;1;1;1;1;1;1;1;1;1;1;1;1;1;1;1;1;1;1;1;1;1;1;1;1;1;1;1;1;1;1;1;1;1;1;1;1;1;1;1;1;1;1;1;0;1;1;0;1;1;0;1;1;1;1;1;1;1;1;1;1;1;1;1;1;1;1;0,00886768210805;0,00836503788577;0,314204298019;0,0153582229244;0,0292850026695;1,5532533691;0;0;0;0
1;1;1;1;1;1;1;1;1;1;1;1;1;1;1;1;1;1;1;1;1;1;1;1;1;1;1;1;1;1;1;1;1;1;1;1;1;1;1;1;1;1;1;1;1;1;1;1;1;1;1;1;1;1;1;1;1;1;1;1;1;1;1;1;1;1;1;1;1;1;1;1;1;1;1;1;1;1;1;1;1;1;1;1;1;1;1;1;1;1;1;1;1;1;1;1;1;1;1;1;1;1;1;1;1;1;1;1;1;1;1;1;1;1;1;1;1;1;1;1;1;1;1;1;1;1;1;1;1;1;1;1;1;1;1;1;1;1;1;1;1;1;1;1;1;1;1;1;1;1;1;1;1;1;1;1;1;1;1;1;1;1;1;1;1;1;1;1;1;1;1;1;1;1;1;1;1;1;1;1;1;1;1;1;1;1;1;1;1;1;1;0;1;1;0;1;1;0;1;1;1;1;1;1;1;1;1;1;1;1;1;1;1;1;0,00886768210805;0,00836503788577;0,314204298019;0,0153582229244;0,0292850026695;1,5532533691;0;0;0;0
1;1;1;1;1;1;1;1;1;1;1;1;1;1;1;1;1;1;1;1;1;1;1;1;1;1;1;1;1;1;1;1;1;1;1;1;1;1;1;1;1;1;1;1;1;1;1;1;1;1;1;1;1;1;1;1;1;1;1;1;1;1;1;1;1;1;1;1;1;1;1;1;1;1;1;1;1;1;1;1;1;1;1;1;1;1;1;1;1;1;1;1;1;1;1;1;1;1;1;1;1;1;1;1;1;1;1;1;1;1;1;1;1;1;1;1;1;1;1;1;1;1;1;1;1;1;1;1;1;1;1;1;1;1;1;1;1;1;1;1;1;1;1;1;1;1;1;1;1;1;1;1;1;1;1;1;1;1;1;1;1;1;1;1;1;1;1;1;1;1;1;1;1;1;1;1;1;1;1;1;1;1;1;1;1;1;1;1;1;1;1;0;1;1;0;1;1;0;1;1;1;1;1;1;1;1;1;1;1;1;1;1;1;1;0,00886768210805;0,00836503788577;0,314204298019;0,0153582229244;0,0292850026695;1,5532533691;0;0;0;0
1;1;1;1;1;1;1;1;1;1;1;1;1;1;1;1;1;1;1;1;1;1;1;1;1;1;1;1;1;1;1;1;1;1;1;1;1;1;1;1;1;1;1;1;1;1;1;1;1;1;1;1;1;1;1;1;1;1;1;1;1;1;1;1;1;1;1;1;1;1;1;1;1;1;1;1;1;1;1;1;1;1;1;1;1;1;1;1;1;1;1;1;1;1;1;1;1;1;1;1;1;1;1;1;1;1;1;1;1;1;1;1;1;1;1;1;1;1;1;1;1;1;1;1;1;1;1;1;1;1;1;1;1;1;1;1;1;1;1;1;1;1;1;1;1;1;1;1;1;1;1;1;1;1;1;1;1;1;1;1;1;1;1;1;1;1;1;1;1;1;1;1;1;1;1;1;1;1;1;1;1;1;1;1;1;1;1;1;1;1;1;0;1;1;0;1;1;0;1;1;1;1;1;1;1;1;1;1;1;1;1;1;1;1;0,00886768210805;0,00836503788577;0,314204298019;0,0153582229244;0,0292850026695;1,5532533691;0;0;0;0
1;1;1;1;1;1;1;1;1;1;1;1;1;1;1;1;1;1;1;1;1;1;1;1;1;1;1;1;1;1;1;1;1;1;1;1;1;1;1;1;1;1;1;1;1;1;1;1;1;1;1;1;1;1;1;1;1;1;1;1;1;1;1;1;1;1;1;1;1;1;1;1;1;1;1;1;1;1;1;1;1;1;1;1;1;1;1;1;1;1;1;1;1;1;1;1;1;1;1;1;1;1;1;1;1;1;1;1;1;1;1;1;1;1;1;1;1;1;1;1;1;1;1;1;1;1;1;1;1;1;1;1;1;1;1;1;1;1;1;1;1;1;1;1;1;1;1;1;1;1;1;1;1;1;1;1;1;1;1;1;1;1;1;1;1;1;1;1;1;1;1;1;1;1;1;1;1;1;1;1;1;1;1;1;1;1;1;1;1;1;1;0;1;1;0;1;1;0;1;1;1;1;1;1;1;1;1;1;1;1;1;1;1;1;0,00886768210805;0,00836503788577;0,314204298019;0,0153582229244;0,0292850026695;1,5532533691;0;0;0;0
