10;40;30;db;Cosine;4;2
7;7;7;5;6;7;7;7;7;7;6;7;6;7;7;7;6;7;7;7;6;6;7;7;7;7;7;7;6;7;6;7;7;6;7;0;7;6;7;7;7;6;7;3;7;7;1;6;7;7;6;7;5;6;6;6;7;7;6;4;7;7;7;7;6;6;7;7;6;6;6;6;7;6;7;7;7;7;7;7;7;6;6;7;7;0;6;6;6;7;5;4;6;1;7;6;7;7;7;7;7;7;2;6;6;7;3;6;7;6;6;1;7;7;6;6;7;2;6;4;6;6;6;6;7;1;0;7;6;4;6;7;4;7;7;7;7;7;7;6;7;7;6;7;6;7;7;7;1;7;7;7;7;4;0;6;6;7;7;4;6;6;7;7;6;7;6;7;7;7;7;7;7;7;6;7;7;7;6;7;7;1;4;7;7;7;1;4;0;7;6;7;6;6;6;6;7;6;7;6;7;7;6;7;7;6;7;7;7;7;7;7;7;2;0,183798884586;0,216418272983;0,329306676999;0,258121828476;0,289401146877;2,87035673005;0;0;0;0
0;1;1;2;1;1;1;1;0;1;3;1;1;1;1;1;3;1;1;1;3;3;0;1;0;0;0;0;1;0;3;1;1;3;0;5;1;1;1;1;3;1;1;1;1;3;3;1;3;1;3;0;1;3;3;3;1;0;3;0;1;0;1;1;2;3;1;1;3;1;3;3;0;3;1;1;1;1;0;1;1;3;3;1;1;1;1;3;1;0;2;0;3;3;0;3;3;1;1;1;0;1;4;3;3;1;3;3;1;3;1;3;1;1;1;3;1;4;1;0;3;3;3;3;1;3;5;3;3;0;1;3;1;1;1;0;0;0;1;0;1;1;3;1;1;0;3;1;5;0;1;1;1;0;5;1;3;1;1;0;3;3;1;1;3;1;3;1;1;1;1;1;0;1;3;3;1;1;1;1;1;3;5;1;1;1;3;0;0;1;1;1;3;3;3;1;0;2;1;3;1;1;3;0;0;1;0;3;1;1;1;1;0;3;0,119914924935;0,180046233148;0,26285651104;0,211480983337;0,234386503662;3,10196514538;0;0;0;0
0;1;1;2;1;1;1;1;0;1;3;1;1;1;1;1;3;1;1;1;3;3;0;1;0;0;0;0;1;0;3;1;1;3;0;5;1;1;1;1;3;1;1;1;1;3;3;1;3;1;3;0;1;3;3;3;1;0;3;0;1;0;1;1;2;3;1;1;3;1;3;3;0;3;1;1;1;1;0;1;1;3;3;1;1;1;1;3;1;0;2;0;3;3;0;3;3;1;1;1;0;1;4;3;3;1;3;3;1;3;1;3;1;1;1;3;1;4;1;0;3;3;3;3;1;3;5;3;3;0;1;3;1;1;1;0;0;0;1;0;1;1;3;1;1;0;3;1;5;0;1;1;1;0;5;1;3;1;1;0;3;3;1;1;3;1;3;1;1;1;1;1;0;1;3;3;1;1;1;1;1;3;5;1;1;1;3;0;0;1;1;1;3;3;3;1;0;2;1;3;1;1;3;0;0;1;0;3;1;1;1;1;0;3;0,119914924935;0,180046233148;0,26285651104;0,211480983337;0,234386503662;3,10196514538;0;0;0;0
5;2;2;0;2;2;2;2;5;2;5;2;2;2;2;2;2;2;2;2;1;1;5;2;5;2;5;5;2;5;2;2;2;1;2;2;2;2;2;2;5;2;2;2;2;5;1;2;5;2;0;5;2;2;0;0;2;2;2;2;2;2;2;2;0;0;2;2;0;2;5;5;5;2;2;2;2;2;2;2;2;2;0;2;2;2;2;0;2;5;3;2;0;1;5;0;5;2;2;2;5;2;3;0;1;2;0;1;2;0;2;1;2;2;2;0;2;3;2;2;0;0;0;0;2;1;2;5;5;2;2;5;2;2;2;2;2;2;2;2;2;2;5;2;2;2;5;2;4;5;2;2;2;2;4;2;1;2;2;2;2;1;2;2;0;2;0;2;2;2;2;2;2;2;0;5;2;2;2;2;2;1;3;2;2;2;0;2;0;2;2;2;0;0;1;2;2;0;2;1;2;2;0;2;5;2;2;2;2;2;2;2;5;5;0,162215913857;0,217425611398;0,3351666234;0,248582606019;0,285453371059;3,2890021438;0;0;0;0
5;2;2;0;2;2;2;2;5;2;5;2;2;2;2;2;2;2;2;2;1;1;5;2;5;2;5;5;2;5;2;2;2;1;2;2;2;2;2;2;5;2;2;2;2;5;1;2;5;2;0;5;2;2;0;0;2;2;2;2;2;2;2;2;0;0;2;2;0;2;5;5;5;2;2;2;2;2;2;2;2;2;0;2;2;2;2;0;2;5;3;2;0;1;5;0;5;2;2;2;5;2;3;0;1;2;0;1;2;0;2;1;2;2;2;0;2;3;2;2;0;0;0;0;2;1;2;5;5;2;2;5;2;2;2;2;2;2;2;2;2;2;5;2;2;2;5;2;4;5;2;2;2;2;4;2;1;2;2;2;2;1;2;2;0;2;0;2;2;2;2;2;2;2;0;5;2;2;2;2;2;1;3;2;2;2;0;2;0;2;2;2;0;0;1;2;2;0;2;1;2;2;0;2;5;2;2;2;2;2;2;2;5;5;0,162215913857;0,217425611398;0,3351666234;0,248582606019;0,285453371059;3,2890021438;0;0;0;0
5;2;2;0;2;2;2;2;5;2;5;2;2;2;2;2;2;2;2;2;1;1;5;2;5;2;5;5;2;5;2;2;2;1;2;2;2;2;2;2;5;2;2;2;2;5;1;2;5;2;0;5;2;2;0;0;2;2;2;2;2;2;2;2;0;0;2;2;0;2;5;5;5;2;2;2;2;2;2;2;2;2;0;2;2;2;2;0;2;5;3;2;0;1;5;0;5;2;2;2;5;2;3;0;1;2;0;1;2;0;2;1;2;2;2;0;2;3;2;2;0;0;0;0;2;1;2;5;5;2;2;5;2;2;2;2;2;2;2;2;2;2;5;2;2;2;5;2;4;5;2;2;2;2;4;2;1;2;2;2;2;1;2;2;0;2;0;2;2;2;2;2;2;2;0;5;2;2;2;2;2;1;3;2;2;2;0;2;0;2;2;2;0;0;1;2;2;0;2;1;2;2;0;2;5;2;2;2;2;2;2;2;5;5;0,162215913857;0,217425611398;0,3351666234;0,248582606019;0,285453371059;3,2890021438;0;0;0;0
0;1;1;2;1;1;1;1;0;1;3;1;1;1;1;1;3;1;1;1;3;3;0;1;0;1;0;1;1;0;3;1;1;3;0;5;1;1;1;1;3;1;1;1;1;1;3;1;3;1;3;0;1;3;3;3;1;0;3;0;1;0;1;1;3;3;1;1;3;1;3;3;0;3;1;1;1;1;1;1;1;3;3;1;1;1;1;3;1;0;2;0;3;3;0;3;3;1;1;1;3;1;4;3;3;1;3;3;1;3;1;3;1;1;1;3;1;4;1;0;3;3;3;3;1;3;5;3;3;0;1;3;1;1;1;0;0;1;1;0;1;1;3;1;1;1;3;1;5;0;1;1;1;0;5;1;3;1;1;0;3;3;1;1;3;1;3;1;1;1;1;1;0;1;3;3;1;1;1;1;1;3;1;1;1;1;3;1;0;1;1;1;3;3;3;1;1;3;1;3;1;1;3;1;0;1;0;3;1;1;1;1;0;3;0,128896226015;0,163590299943;0,262165500257;0,194399906162;0,223253658435;3,39952827475;0;0;0;0
3;3;3;0;3;3;3;3;3;3;3;3;3;3;3;3;3;3;3;3;3;0;3;3;3;3;3;3;0;3;3;3;3;0;3;3;3;3;3;3;3;3;3;3;3;3;0;3;3;3;3;3;3;3;0;3;3;3;3;3;3;3;3;3;0;3;3;3;0;3;3;3;3;3;3;3;3;3;3;3;3;3;0;3;3;3;3;0;3;3;3;3;3;0;3;0;3;3;3;3;3;3;1;0;0;3;0;0;3;0;3;0;3;3;3;0;3;1;3;3;0;0;0;0;3;0;3;3;3;3;3;3;3;3;3;3;3;3;3;3;3;3;3;3;3;3;3;3;2;3;3;3;3;3;2;3;3;3;3;3;3;0;3;3;0;3;3;3;3;3;3;3;3;3;0;3;3;3;3;3;3;2;3;3;3;3;0;3;0;3;3;3;0;0;0;3;3;0;3;2;3;3;3;3;3;3;3;3;3;3;3;3;3;2;0,146270777451;0,134463747514;0,395337992419;0,15407452708;0,221733258915;3,48913928013;0;0;0;0
3;3;3;0;3;3;3;3;3;3;3;3;3;3;3;3;3;3;3;3;3;0;3;3;3;3;3;3;0;3;3;3;3;0;3;3;3;3;3;3;3;3;3;3;3;3;0;3;3;3;3;3;3;3;0;3;3;3;3;3;3;3;3;3;0;3;3;3;0;3;3;3;3;3;3;3;3;3;3;3;3;3;0;3;3;3;3;0;3;3;3;3;3;0;3;0;3;3;3;3;3;3;1;0;0;3;0;0;3;0;3;0;3;3;3;0;3;1;3;3;0;0;0;0;3;0;3;3;3;3;3;3;3;3;3;3;3;3;3;3;3;3;3;3;3;3;3;3;2;3;3;3;3;3;2;3;3;3;3;3;3;0;3;3;0;3;3;3;3;3;3;3;3;3;0;3;3;3;3;3;3;2;3;3;3;3;0;3;0;3;3;3;0;0;0;3;3;0;3;2;3;3;3;3;3;3;3;3;3;3;3;3;3;2;0,146270777451;0,134463747514;0,395337992419;0,15407452708;0,221733258915;3,48913928013;0;0;0;0
3;3;3;0;3;3;3;3;3;3;3;3;3;3;3;3;3;3;3;3;3;0;3;3;3;3;3;3;0;3;3;3;3;0;3;3;3;3;3;3;3;3;3;3;3;3;0;3;3;3;3;3;3;3;0;3;3;3;3;3;3;3;3;3;0;3;3;3;0;3;3;3;3;3;3;3;3;3;3;3;3;3;0;3;3;3;3;0;3;3;3;3;3;0;3;0;3;3;3;3;3;3;1;0;0;3;0;0;3;0;3;0;3;3;3;0;3;1;3;3;0;0;0;0;3;0;3;3;3;3;3;3;3;3;3;3;3;3;3;3;3;3;3;3;3;3;3;3;2;3;3;3;3;3;2;3;3;3;3;3;3;0;3;3;0;3;3;3;3;3;3;3;3;3;0;3;3;3;3;3;3;2;3;3;3;3;0;3;0;3;3;3;0;0;0;3;3;0;3;2;3;3;3;3;3;3;3;3;3;3;3;3;3;2;0,146270777451;0,134463747514;0,395337992419;0,15407452708;0,221733258915;3,48913928013;0;0;0;0
3;3;3;0;3;3;3;3;3;3;3;3;3;3;3;3;3;3;3;3;3;0;3;3;3;3;3;3;0;3;3;3;3;0;3;3;3;3;3;3;3;3;3;3;3;3;0;3;3;3;3;3;3;3;0;3;3;3;3;3;3;3;3;3;0;3;3;3;0;3;3;3;3;3;3;3;3;3;3;3;3;3;0;3;3;3;3;0;3;3;3;3;3;0;3;0;3;3;3;3;3;3;1;0;0;3;0;0;3;0;3;0;3;3;3;0;3;1;3;3;0;0;0;0;3;0;3;3;3;3;3;3;3;3;3;3;3;3;3;3;3;3;3;3;3;3;3;3;2;3;3;3;3;3;2;3;3;3;3;3;3;0;3;3;0;3;3;3;3;3;3;3;3;3;0;3;3;3;3;3;3;2;3;3;3;3;0;3;0;3;3;3;0;0;0;3;3;0;3;2;3;3;3;3;3;3;3;3;3;3;3;3;3;2;0,146270777451;0,134463747514;0,395337992419;0,15407452708;0,221733258915;3,48913928013;0;0;0;0
3;3;3;0;3;3;3;3;3;3;3;3;3;3;3;3;3;3;3;3;3;0;3;3;3;3;3;3;0;3;3;3;3;0;3;3;3;3;3;3;3;3;3;3;3;3;0;3;3;3;3;3;3;3;0;3;3;3;3;3;3;3;3;3;0;3;3;3;0;3;3;3;3;3;3;3;3;3;3;3;3;3;0;3;3;3;3;0;3;3;3;3;3;0;3;0;3;3;3;3;3;3;1;0;0;3;0;0;3;0;3;0;3;3;3;0;3;1;3;3;0;0;0;0;3;0;3;3;3;3;3;3;3;3;3;3;3;3;3;3;3;3;3;3;3;3;3;3;2;3;3;3;3;3;2;3;3;3;3;3;3;0;3;3;0;3;3;3;3;3;3;3;3;3;0;3;3;3;3;3;3;2;3;3;3;3;0;3;0;3;3;3;0;0;0;3;3;0;3;2;3;3;3;3;3;3;3;3;3;3;3;3;3;2;0,146270777451;0,134463747514;0,395337992419;0,15407452708;0,221733258915;3,48913928013;0;0;0;0
5;2;2;0;2;2;2;2;5;2;5;2;2;2;2;2;2;2;2;2;1;1;2;2;5;2;5;5;2;5;2;2;2;1;5;2;2;2;2;2;5;2;2;2;2;5;1;2;5;2;0;5;2;2;0;0;2;5;2;2;2;2;2;2;0;0;2;2;0;2;5;5;5;2;2;2;2;5;2;2;2;2;0;2;2;2;2;0;2;5;3;2;0;1;5;0;5;2;2;2;5;2;3;0;1;2;0;1;2;0;2;0;2;2;2;0;2;3;2;2;0;0;0;0;2;1;4;5;5;2;2;5;2;2;2;5;5;2;2;2;2;2;5;2;2;5;5;2;1;5;2;2;2;2;4;2;2;2;2;2;2;0;2;2;0;2;0;2;2;2;2;2;5;2;0;5;2;2;2;2;2;1;2;2;2;2;0;2;0;2;2;2;0;0;1;2;5;0;2;1;2;2;0;2;5;2;5;5;2;2;5;2;5;5;0,152657271788;0,223801972779;0,331010098692;0,254105161753;0,28750360948;3,49215874593;0;0;0;0
5;2;2;0;2;2;2;2;5;2;5;2;2;2;2;2;2;2;2;2;1;1;2;2;5;2;5;5;2;5;2;2;2;1;5;2;2;2;2;2;5;2;2;2;2;5;1;2;5;2;0;5;2;2;0;0;2;5;2;2;2;2;2;2;0;0;2;2;0;2;5;5;5;2;2;2;2;5;2;2;2;2;0;2;2;2;2;0;2;5;3;2;0;1;5;0;5;2;2;2;5;2;3;0;1;2;0;1;2;0;2;0;2;2;2;0;2;3;2;2;0;0;0;0;2;1;4;5;5;2;2;5;2;2;2;5;5;2;2;2;2;2;5;2;2;5;5;2;1;5;2;2;2;2;4;2;2;2;2;2;2;0;2;2;0;2;0;2;2;2;2;2;5;2;0;5;2;2;2;2;2;1;2;2;2;2;0;2;0;2;2;2;0;0;1;2;5;0;2;1;2;2;0;2;5;2;5;5;2;2;5;2;5;5;0,152657271788;0,223801972779;0,331010098692;0,254105161753;0,28750360948;3,49215874593;0;0;0;0
5;2;2;0;2;2;2;2;5;2;5;2;2;2;2;2;2;2;2;2;1;1;5;2;5;2;5;5;2;5;2;2;2;1;5;2;2;2;2;2;5;2;2;2;2;5;1;2;5;2;0;5;2;2;0;0;2;5;2;2;2;5;2;2;0;0;2;2;0;2;5;5;5;2;2;2;2;5;2;2;2;2;0;2;2;2;2;0;2;5;3;2;0;1;5;0;5;2;2;2;5;2;3;0;1;2;0;1;2;0;2;0;2;2;2;0;2;3;2;2;0;0;0;0;2;1;4;5;5;2;2;5;2;2;2;5;5;2;2;2;2;2;5;2;2;5;5;2;1;5;2;2;2;2;4;2;1;2;2;2;2;0;2;2;0;2;0;2;2;2;2;2;5;2;0;5;2;2;2;2;2;1;2;2;2;2;0;2;0;2;2;2;0;0;1;2;5;0;2;1;2;2;0;2;5;2;5;5;2;2;5;2;5;5;0,153257148593;0,222358737787;0,32318277826;0,252718757246;0,283639980273;3,56148630636;0;0;0;0
5;2;2;0;2;2;2;2;5;2;5;2;2;2;2;2;2;2;2;2;1;1;5;2;5;2;5;5;2;5;2;2;2;1;5;2;2;2;2;2;5;2;2;2;2;5;1;2;5;2;0;5;2;2;0;0;2;5;2;2;2;5;2;5;0;0;2;2;0;2;5;5;5;2;2;2;2;5;2;2;2;0;0;2;2;2;2;0;2;5;3;2;0;1;5;0;5;2;2;2;5;2;3;0;0;2;0;0;2;0;2;0;2;2;2;0;2;3;2;2;0;0;0;0;2;1;4;5;5;2;2;5;2;2;2;5;5;2;2;2;2;2;5;2;2;5;5;2;1;5;2;2;2;2;4;2;0;2;2;2;2;0;2;2;0;2;0;2;2;2;2;2;5;2;0;5;2;2;2;2;2;1;2;2;2;2;0;2;0;2;2;2;0;0;0;2;5;0;2;1;2;2;0;2;5;2;5;5;2;2;5;2;5;5;0,154057905212;0,216633699492;0,318240702324;0,246964528184;0,278108413214;3,76826453874;0;0;0;0
5;2;2;0;2;2;2;2;5;2;5;2;2;2;2;2;2;2;2;2;1;1;5;2;5;2;5;5;2;5;2;2;2;1;5;2;2;2;2;2;5;2;2;2;2;5;1;2;5;2;0;5;2;2;0;0;2;5;2;2;2;5;2;5;0;0;2;2;0;2;5;5;5;2;2;2;2;5;2;2;2;0;0;2;2;2;2;0;2;5;3;2;0;1;5;0;5;2;2;2;5;2;3;0;0;2;0;0;2;0;2;0;2;2;2;0;2;3;2;2;0;0;0;0;2;1;4;5;5;2;2;5;2;2;2;5;5;2;2;2;2;2;5;2;2;5;5;2;1;5;2;2;2;2;4;2;0;2;2;2;2;0;2;2;0;2;0;2;2;2;2;2;5;2;0;5;2;2;2;2;2;1;2;2;2;2;0;2;0;2;2;2;0;0;0;2;5;0;2;1;2;2;0;2;5;2;5;5;2;2;5;2;5;5;0,154057905212;0,216633699492;0,318240702324;0,246964528184;0,278108413214;3,76826453874;0;0;0;0
5;2;2;0;2;2;2;2;5;2;5;2;2;2;2;2;2;2;2;2;1;1;5;2;5;2;5;5;2;5;2;2;2;1;5;2;2;2;2;2;5;2;2;2;2;5;1;2;5;2;0;5;2;2;0;0;2;5;2;2;2;5;2;5;0;0;2;2;0;2;5;5;5;2;2;2;2;5;2;2;2;0;0;2;2;2;2;0;2;5;3;2;0;1;5;0;5;2;2;2;5;2;3;0;0;2;0;0;2;0;2;0;2;2;2;0;2;3;2;2;0;0;0;0;2;1;4;5;5;2;2;5;2;2;2;5;5;2;2;2;2;2;5;2;2;5;5;2;1;5;2;2;2;2;4;2;0;2;2;2;2;0;2;2;0;2;0;2;2;2;2;2;5;2;0;5;2;2;2;2;2;1;2;2;2;2;0;2;0;2;2;2;0;0;0;2;5;0;2;1;2;2;0;2;5;2;5;5;2;2;5;2;5;5;0,154057905212;0,216633699492;0,318240702324;0,246964528184;0,278108413214;3,76826453874;0;0;0;0
5;2;2;0;2;2;2;2;5;2;5;2;2;2;2;2;2;2;2;2;1;1;5;2;5;2;5;5;2;5;2;2;2;1;5;2;2;2;2;2;5;2;2;2;2;5;1;2;5;2;0;5;2;2;0;0;2;5;2;2;2;5;2;5;0;0;2;2;0;2;5;5;5;2;2;2;2;5;2;2;2;0;0;2;2;2;2;0;2;5;3;2;0;1;5;0;5;2;2;2;5;2;3;0;0;2;0;0;2;0;2;0;2;2;2;0;2;3;2;2;0;0;0;0;2;1;4;5;5;2;2;5;2;2;2;5;5;2;2;2;2;2;5;2;2;5;5;2;1;5;2;2;2;2;4;2;0;2;2;2;2;0;2;2;0;2;0;2;2;2;2;2;5;2;0;5;2;2;2;2;2;1;2;2;2;2;0;2;0;2;2;2;0;0;0;2;5;0;2;1;2;2;0;2;5;2;5;5;2;2;5;2;5;5;0,154057905212;0,216633699492;0,318240702324;0,246964528184;0,278108413214;3,76826453874;0;0;0;0
5;2;2;0;2;2;2;2;5;2;5;2;2;2;2;2;2;2;2;2;1;1;5;2;5;2;5;5;2;5;2;2;2;1;5;2;2;2;2;2;5;2;2;2;2;5;1;2;5;2;0;5;2;2;0;0;2;5;2;2;2;5;2;5;0;0;2;2;0;2;5;5;5;2;2;2;2;5;2;2;2;0;0;2;2;2;2;0;2;5;3;2;0;1;5;0;5;2;2;2;5;2;3;0;0;2;0;0;2;0;2;0;2;2;2;0;2;3;2;2;0;0;0;0;2;1;4;5;5;2;2;5;2;2;2;5;5;2;2;2;2;2;5;2;2;5;5;2;1;5;2;2;2;2;4;2;0;2;2;2;2;0;2;2;0;2;0;2;2;2;2;2;5;2;0;5;2;2;2;2;2;1;2;2;2;2;0;2;0;2;2;2;0;0;0;2;5;0;2;1;2;2;0;2;5;2;5;5;2;2;5;2;5;5;0,154057905212;0,216633699492;0,318240702324;0,246964528184;0,278108413214;3,76826453874;0;0;0;0
5;2;2;0;2;2;2;2;5;2;5;2;2;2;2;2;2;2;2;2;1;1;5;2;5;2;5;5;2;5;2;2;2;1;5;2;2;2;2;2;5;2;2;2;2;5;1;2;5;2;0;5;2;2;0;0;2;5;2;2;2;5;2;5;0;0;2;2;0;2;5;5;5;2;2;2;2;5;2;2;2;0;0;2;2;2;2;0;2;5;3;2;0;1;5;0;5;2;2;2;5;2;3;0;0;2;0;0;2;0;2;0;2;2;2;0;2;3;2;2;0;0;0;0;2;1;4;5;5;2;2;5;2;2;2;5;5;2;2;2;2;2;5;2;2;5;5;2;1;5;2;2;2;2;4;2;0;2;2;2;2;0;2;2;0;2;0;2;2;2;2;2;5;2;0;5;2;2;2;2;2;1;2;2;2;2;0;2;0;2;2;2;0;0;0;2;5;0;2;1;2;2;0;2;5;2;5;5;2;2;5;2;5;5;0,154057905212;0,216633699492;0,318240702324;0,246964528184;0,278108413214;3,76826453874;0;0;0;0
0;0;0;1;0;0;0;0;0;0;2;0;0;0;0;0;0;0;0;0;2;2;0;0;0;0;0;0;2;0;0;0;0;2;0;0;0;0;0;0;2;0;0;0;0;0;2;0;0;0;2;0;0;2;2;2;0;0;0;0;0;0;0;0;2;2;0;0;2;0;0;2;0;0;0;0;0;0;0;0;0;2;2;0;0;0;0;2;0;0;1;0;2;2;2;2;0;0;0;0;0;0;3;2;2;0;2;2;0;2;0;2;0;0;0;2;0;3;0;0;2;2;2;2;0;2;0;2;0;0;0;0;0;0;0;0;0;0;0;0;0;0;2;0;0;0;2;0;4;0;0;0;0;0;4;0;2;0;0;0;0;2;0;0;2;0;2;0;0;0;0;0;0;0;2;2;0;0;0;0;0;2;0;0;0;0;2;0;0;0;0;0;2;2;2;0;0;2;0;2;0;0;2;0;0;0;0;0;0;0;0;0;0;2;0,174941473581;0,154636803329;0,379575302601;0,177432694619;0,241824422943;3,87914092316;0;0;0;0
4;4;4;0;4;4;4;4;4;4;4;4;4;4;4;4;4;4;4;4;0;0;4;4;4;4;4;4;0;4;4;4;4;0;4;4;4;4;4;4;4;4;4;2;4;4;0;4;4;4;0;4;2;4;0;4;4;4;4;4;4;4;4;4;0;4;4;4;0;4;4;4;4;4;4;4;4;4;4;4;4;4;0;4;4;4;0;0;4;4;2;4;4;0;4;0;4;4;4;4;4;4;1;0;0;4;0;0;4;0;4;0;4;4;4;0;4;1;4;4;0;0;0;0;4;0;2;4;4;4;4;4;4;4;4;4;4;4;4;4;4;4;4;4;4;4;4;4;3;4;4;4;4;4;3;4;0;4;4;4;4;0;4;4;0;4;0;4;4;4;4;4;4;4;0;4;4;4;4;4;4;3;4;4;4;4;0;4;0;4;4;4;0;0;0;4;4;0;4;3;4;4;0;4;4;4;4;4;4;4;4;4;4;3;0,208187800879;0,198835085429;0,467152233336;0,22295080831;0,301844686202;3,95034764754;0;0;0;0
4;4;4;0;4;4;4;4;4;4;4;4;4;4;4;4;4;4;4;4;0;0;4;4;4;4;4;4;0;4;4;4;4;0;4;4;4;4;4;4;4;4;4;2;4;4;0;4;4;4;0;4;2;4;0;4;4;4;4;4;4;4;4;4;0;4;4;4;0;4;4;4;4;4;4;4;4;4;4;4;4;4;0;4;4;4;0;0;4;4;2;4;4;0;4;0;4;4;4;4;4;4;1;0;0;4;0;0;4;0;4;0;4;4;4;0;4;1;4;4;0;0;0;0;4;0;2;4;4;4;4;4;4;4;4;4;4;4;4;4;4;4;4;4;4;4;4;4;3;4;4;4;4;4;3;4;0;4;4;4;4;0;4;4;0;4;0;4;4;4;4;4;4;4;0;4;4;4;4;4;4;3;4;4;4;4;0;4;0;4;4;4;0;0;0;4;4;0;4;3;4;4;0;4;4;4;4;4;4;4;4;4;4;3;0,208187800879;0,198835085429;0,467152233336;0,22295080831;0,301844686202;3,95034764754;0;0;0;0
4;4;4;0;4;4;4;4;4;4;4;4;4;4;4;4;4;4;4;4;0;0;4;4;4;4;4;4;0;4;4;4;4;0;4;4;4;4;4;4;4;4;4;2;4;4;0;4;4;4;0;4;2;4;0;4;4;4;4;4;4;4;4;4;0;4;4;4;0;4;4;4;4;4;4;4;4;4;4;4;4;4;0;4;4;4;0;0;4;4;2;4;4;0;4;0;4;4;4;4;4;4;1;0;0;4;0;0;4;0;4;0;4;4;4;0;4;1;4;4;0;0;0;0;4;0;2;4;4;4;4;4;4;4;4;4;4;4;4;4;4;4;4;4;4;4;4;4;3;4;4;4;4;4;3;4;0;4;4;4;4;0;4;4;0;4;0;4;4;4;4;4;4;4;0;4;4;4;4;4;4;3;4;4;4;4;0;4;0;4;4;4;0;0;0;4;4;0;4;3;4;4;0;4;4;4;4;4;4;4;4;4;4;3;0,208187800879;0,198835085429;0,467152233336;0,22295080831;0,301844686202;3,95034764754;0;0;0;0
4;4;4;0;4;4;4;4;4;4;4;4;4;4;4;4;4;4;4;4;0;0;4;4;4;4;4;4;0;4;4;4;4;0;4;4;4;4;4;4;4;4;4;2;4;4;0;4;4;4;0;4;2;4;0;4;4;4;4;4;4;4;4;4;0;4;4;4;0;4;4;4;4;4;4;4;4;4;4;4;4;4;0;4;4;4;4;0;4;4;2;4;4;0;4;0;4;4;4;4;4;4;1;0;0;4;0;0;4;0;4;0;4;4;4;0;4;1;4;4;0;0;0;0;4;0;4;4;4;4;4;4;4;4;4;4;4;4;4;4;4;4;4;4;4;4;4;4;3;4;4;4;4;4;3;4;0;4;4;4;4;0;4;4;0;4;0;4;4;4;4;4;4;4;0;4;4;4;4;4;4;3;4;4;4;4;0;4;0;4;4;4;0;0;0;4;4;0;4;3;4;4;0;4;4;4;4;4;4;4;4;4;4;3;0,193828003087;0,179430295132;0,442130682947;0,203734755751;0,278935460246;4,10811256935;0;0;0;0
4;4;4;0;4;4;4;4;4;4;4;4;4;4;4;4;4;4;4;4;0;0;4;4;4;4;4;4;0;4;4;4;4;0;4;4;4;4;4;4;4;4;4;2;4;4;0;4;4;4;0;4;2;4;0;4;4;4;4;4;4;4;4;4;0;4;4;4;0;4;4;4;4;4;4;4;4;4;4;4;4;4;0;4;4;4;4;0;4;4;2;4;4;0;4;0;4;4;4;4;4;4;1;0;0;4;0;0;4;0;4;0;4;4;4;0;4;1;4;4;0;0;0;0;4;0;4;4;4;4;4;4;4;4;4;4;4;4;4;4;4;4;4;4;4;4;4;4;3;4;4;4;4;4;3;4;0;4;4;4;4;0;4;4;0;4;0;4;4;4;4;4;4;4;0;4;4;4;4;4;4;3;4;4;4;4;0;4;0;4;4;4;0;0;0;4;4;0;4;3;4;4;0;4;4;4;4;4;4;4;4;4;4;3;0,193828003087;0,179430295132;0,442130682947;0,203734755751;0,278935460246;4,10811256935;0;0;0;0
4;4;4;0;4;4;4;4;4;4;4;4;4;4;4;4;4;4;4;4;0;0;4;4;4;4;4;4;0;4;4;4;4;0;4;4;4;4;4;4;4;4;4;2;4;4;0;4;4;4;0;4;2;4;0;4;4;4;4;4;4;4;4;4;0;4;4;4;0;4;4;4;4;4;4;4;4;4;4;4;4;4;0;4;4;4;4;0;4;4;2;4;4;0;4;0;4;4;4;4;4;4;1;0;0;4;0;0;4;0;4;0;4;4;4;0;4;1;4;4;0;0;0;0;4;0;4;4;4;4;4;4;4;4;4;4;4;4;4;4;4;4;4;4;4;4;4;4;3;4;4;4;4;4;3;4;0;4;4;4;4;0;4;4;0;4;0;4;4;4;4;4;4;4;0;4;4;4;4;4;4;3;4;4;4;4;0;4;0;4;4;4;0;0;0;4;4;0;4;3;4;4;0;4;4;4;4;4;4;4;4;4;4;3;0,193828003087;0,179430295132;0,442130682947;0,203734755751;0,278935460246;4,10811256935;0;0;0;0
4;4;4;0;4;4;4;4;4;4;4;4;4;4;4;4;4;4;4;4;0;0;4;4;4;4;4;4;0;4;4;4;4;0;4;4;4;4;4;4;4;4;4;2;4;4;0;4;4;4;0;4;2;4;0;4;4;4;4;4;4;4;4;4;0;4;4;4;0;4;4;4;4;4;4;4;4;4;4;4;4;4;0;4;4;4;4;0;4;4;2;4;4;0;4;0;4;4;4;4;4;4;1;0;0;4;0;0;4;0;4;0;4;4;4;0;4;1;4;4;0;0;0;0;4;0;4;4;4;4;4;4;4;4;4;4;4;4;4;4;4;4;4;4;4;4;4;4;3;4;4;4;4;4;3;4;0;4;4;4;4;0;4;4;0;4;0;4;4;4;4;4;4;4;0;4;4;4;4;4;4;3;4;4;4;4;0;4;0;4;4;4;0;0;0;4;4;0;4;3;4;4;0;4;4;4;4;4;4;4;4;4;4;3;0,193828003087;0,179430295132;0,442130682947;0,203734755751;0,278935460246;4,10811256935;0;0;0;0
4;4;4;0;4;4;4;4;4;4;4;4;4;4;4;4;4;4;4;4;0;0;4;4;4;4;4;4;0;4;4;4;4;0;4;4;4;4;4;4;4;4;4;2;4;4;0;4;4;4;0;4;2;4;0;4;4;4;4;4;4;4;4;4;0;4;4;4;0;4;4;4;4;4;4;4;4;4;4;4;4;4;0;4;4;4;4;0;4;4;2;4;4;0;4;0;4;4;4;4;4;4;1;0;0;4;0;0;4;0;4;0;4;4;4;0;4;1;4;4;0;0;0;0;4;0;4;4;4;4;4;4;4;4;4;4;4;4;4;4;4;4;4;4;4;4;4;4;3;4;4;4;4;4;3;4;0;4;4;4;4;0;4;4;0;4;0;4;4;4;4;4;4;4;0;4;4;4;4;4;4;3;4;4;4;4;0;4;0;4;4;4;0;0;0;4;4;0;4;3;4;4;0;4;4;4;4;4;4;4;4;4;4;3;0,193828003087;0,179430295132;0,442130682947;0,203734755751;0,278935460246;4,10811256935;0;0;0;0
