10;40;30;db;Cosine;1;4
4;5;4;5;6;5;4;6;4;4;4;4;4;4;1;4;4;5;4;5;5;6;5;4;4;4;4;4;6;5;6;4;4;4;5;4;4;6;4;4;5;4;6;4;5;4;4;4;5;4;4;4;4;4;4;4;4;4;1;0;4;4;5;4;4;4;4;4;4;4;5;5;5;4;4;4;4;4;0;5;4;6;6;3;4;5;5;4;5;4;5;4;4;4;4;4;4;5;4;4;4;4;4;4;6;4;6;4;5;4;4;4;4;4;4;4;6;4;4;0;4;5;5;4;4;0;5;4;4;0;4;4;4;4;4;4;5;4;4;4;1;6;4;4;4;4;4;4;6;4;5;4;4;4;4;4;4;4;4;6;4;4;4;4;4;5;0;2;4;4;4;1;4;4;4;4;5;4;4;6;6;1;6;5;4;4;4;4;0;4;5;3;4;4;5;4;4;6;6;6;4;4;4;4;6;4;4;4;2;6;0;4;1;5;0,184647004808;0,219072725979;0,342964739464;0,255222207957;0,292658401975;4,1616347195;0;0;0;0
4;5;4;5;6;5;4;6;4;4;4;4;4;4;1;4;4;5;4;5;5;6;5;4;4;4;4;4;6;5;6;4;4;4;5;4;4;6;4;4;5;4;6;4;5;4;4;4;5;4;4;4;4;4;4;4;4;4;1;0;4;4;5;4;4;4;4;4;4;4;5;5;5;4;4;4;4;4;0;5;4;6;6;3;4;5;5;4;5;4;5;4;4;4;4;4;4;5;4;4;4;4;4;4;6;4;6;4;5;4;4;4;4;4;4;4;6;4;4;0;4;5;5;4;4;0;5;4;4;0;4;4;4;4;4;4;5;4;4;4;1;6;4;4;4;4;4;4;6;4;5;4;4;4;4;4;4;4;4;6;4;4;4;4;4;5;0;2;4;4;4;1;4;4;4;4;5;4;4;6;6;1;6;5;4;4;4;4;0;4;5;3;4;4;5;4;4;6;6;6;4;4;4;4;6;4;4;4;2;6;0;4;1;5;0,184647004808;0,219072725979;0,342964739464;0,255222207957;0,292658401975;4,1616347195;0;0;0;0
0;2;0;4;0;2;0;0;0;4;0;0;0;0;0;0;0;4;0;4;4;0;4;0;0;0;0;0;0;4;0;0;0;0;4;0;4;0;2;0;4;0;0;0;4;0;0;0;4;0;0;0;0;2;0;0;0;0;0;3;0;0;4;0;0;0;0;0;0;0;4;4;4;0;0;0;0;0;4;4;0;0;0;2;0;4;2;0;4;0;4;0;0;0;0;0;0;4;0;0;0;0;0;0;0;0;0;0;4;0;0;0;0;0;0;0;0;0;0;5;0;4;4;0;0;0;4;0;0;0;0;0;0;0;0;0;4;0;0;0;0;0;0;4;0;0;0;4;0;0;4;0;0;0;0;0;2;0;0;0;2;0;0;0;0;4;3;1;0;0;0;0;0;0;0;0;4;0;0;4;0;0;0;2;0;0;0;0;3;0;5;4;0;0;4;0;0;0;0;0;0;0;0;0;4;0;0;0;1;0;3;0;0;4;0,233889698607;0,240626748815;0,49695629827;0,268746977222;0,348844016334;4,48296720653;0;0;0;0
0;2;0;4;0;2;0;0;0;4;0;0;0;0;0;0;0;4;0;4;4;0;4;0;0;0;0;0;0;4;0;0;0;0;4;0;4;0;2;0;4;0;0;0;4;0;0;0;4;0;0;0;0;2;0;0;0;0;0;3;0;0;4;0;0;0;0;0;0;0;4;4;4;0;0;0;0;0;4;4;0;0;0;2;0;4;2;0;4;0;4;0;0;0;0;0;0;4;0;0;0;0;0;0;0;0;0;0;4;0;0;0;0;0;0;0;0;0;0;5;0;4;4;0;0;0;4;0;0;0;0;0;0;0;0;0;4;0;0;0;0;0;0;4;0;0;0;4;0;0;4;0;0;0;0;0;2;0;0;0;2;0;0;0;0;4;3;1;0;0;0;0;0;0;0;0;4;0;0;4;0;0;0;2;0;0;0;0;3;0;5;4;0;0;4;0;0;0;0;0;0;0;0;0;4;0;0;0;1;0;3;0;0;4;0,233889698607;0,240626748815;0,49695629827;0,268746977222;0,348844016334;4,48296720653;0;0;0;0
1;2;1;2;1;2;3;3;1;2;3;1;1;1;3;1;1;2;1;2;2;3;2;1;1;1;1;1;1;2;1;1;1;1;2;1;1;3;1;1;2;3;3;1;2;1;1;1;2;1;1;1;1;0;1;1;1;1;1;1;1;1;2;1;1;1;1;1;1;1;2;2;2;1;1;1;1;1;2;2;1;3;3;3;1;2;3;1;2;1;2;1;1;1;1;1;1;2;1;1;1;1;1;1;3;1;1;1;2;1;1;1;1;1;1;1;3;1;1;4;1;2;2;1;1;1;2;1;3;0;1;1;1;1;1;1;2;1;1;1;3;3;1;2;1;1;1;2;3;1;2;1;1;1;1;1;2;1;1;1;0;1;1;1;1;2;1;4;1;1;1;3;1;3;1;1;2;1;1;3;3;3;3;0;1;1;1;3;2;1;2;0;1;3;2;1;1;3;3;3;1;1;1;1;3;1;3;1;4;3;2;3;3;2;0,173426899684;0,22040537926;0,353838783358;0,245261992242;0,28971154261;4,62700796899;0;0;0;0
1;2;1;2;6;2;6;6;1;2;6;1;1;1;5;1;1;2;1;2;2;6;2;1;1;1;1;1;5;2;6;1;1;1;2;1;2;6;1;1;2;6;5;1;2;1;6;1;2;1;1;1;1;2;6;1;1;1;5;1;1;1;2;1;1;6;1;1;1;1;0;2;2;1;1;1;1;1;2;0;1;6;6;4;1;2;2;1;2;1;2;1;1;1;1;1;1;0;1;1;1;1;2;1;6;1;1;1;2;1;6;1;1;1;1;1;6;1;1;1;1;2;2;1;1;1;2;1;6;0;1;1;1;1;1;1;2;1;1;1;5;6;1;2;1;1;1;2;5;1;2;1;1;1;1;1;2;1;1;5;2;1;1;1;1;2;1;3;1;6;1;6;1;6;1;1;2;1;1;4;6;6;6;2;1;1;1;6;1;1;0;4;1;6;2;1;1;6;6;6;1;1;1;1;5;1;6;1;3;6;1;6;6;2;0,128290722854;0,205349584517;0,297557378524;0,242371324421;0,267144071173;5,01225386369;0;0;0;0
4;5;4;5;6;4;6;6;4;4;6;4;4;4;6;4;4;5;4;5;5;6;5;4;4;4;4;4;6;5;6;4;6;4;5;4;4;6;4;4;5;6;1;6;5;4;4;4;5;4;4;4;6;4;6;4;4;4;6;4;4;6;5;6;4;6;4;6;4;4;5;4;5;4;4;4;4;4;6;5;4;6;6;3;4;5;5;4;5;4;5;4;6;4;4;4;4;5;4;4;4;4;4;4;6;4;6;6;5;4;6;4;4;4;4;6;6;4;4;0;4;5;5;4;4;4;5;4;6;0;6;4;4;4;4;4;5;4;4;4;6;6;4;5;4;4;4;5;6;4;5;4;4;4;4;4;4;4;4;6;4;4;4;4;4;5;0;2;6;6;4;6;4;6;4;4;5;4;4;3;6;1;6;4;4;4;4;6;2;4;5;3;4;6;5;4;4;6;6;6;4;4;4;4;6;6;6;4;2;6;0;6;1;5;0,145352569216;0,198409691297;0,291898744362;0,234894757831;0,260312568711;5,02308334479;0;0;0;0
4;5;4;5;6;4;6;6;4;4;6;4;4;4;6;4;4;5;4;5;5;6;5;4;4;4;4;4;6;5;6;4;6;4;5;4;4;6;4;4;5;6;1;6;5;4;4;4;5;4;4;4;6;4;6;4;4;4;6;4;4;6;5;6;4;6;4;6;4;4;5;4;5;4;4;4;4;4;6;5;4;6;6;3;4;5;5;4;5;4;5;4;6;4;4;4;4;5;4;4;4;4;4;4;6;4;6;6;5;4;6;4;4;4;4;6;6;4;4;0;4;5;5;4;4;4;5;4;6;0;6;4;4;4;4;4;5;4;4;4;6;6;4;5;4;4;4;5;6;4;5;4;4;4;4;4;4;4;4;6;4;4;4;4;4;5;0;2;6;6;4;6;4;6;4;4;5;4;4;3;6;1;6;4;4;4;4;6;2;4;5;3;4;6;5;4;4;6;6;6;4;4;4;4;6;6;6;4;2;6;0;6;1;5;0,145352569216;0,198409691297;0,291898744362;0,234894757831;0,260312568711;5,02308334479;0;0;0;0
2;2;2;0;2;2;2;2;2;2;2;2;2;2;2;2;2;2;2;2;2;2;2;2;2;2;2;2;2;0;2;2;2;2;0;2;2;2;2;2;0;2;2;2;0;2;2;2;0;2;2;2;2;2;2;2;2;2;2;2;2;2;2;2;2;2;2;2;2;2;0;2;0;2;2;2;2;2;2;0;2;2;2;1;2;2;1;2;0;2;0;2;2;2;2;2;2;0;2;2;2;2;2;2;2;2;2;2;2;2;2;2;2;2;2;2;2;2;2;0;2;0;0;2;2;2;0;2;2;0;2;2;2;2;2;2;2;2;2;2;2;2;2;2;2;2;2;3;2;2;2;2;2;2;2;2;2;2;2;2;2;2;2;2;2;2;0;3;2;2;2;2;2;2;2;2;2;2;2;1;2;2;2;2;2;2;2;2;2;2;0;0;2;2;0;2;2;2;2;2;2;2;2;2;2;2;2;2;3;2;0;2;2;2;0,111696498698;0,127851986434;0,468958889866;0,147775381195;0,224733996363;5,24160716143;0;0;0;0
2;2;2;0;2;2;2;2;2;2;2;2;2;2;2;2;2;2;2;2;2;2;2;2;2;2;2;2;2;0;2;2;2;2;0;2;2;2;2;2;0;2;2;2;0;2;2;2;0;2;2;2;2;2;2;2;2;2;2;2;2;2;2;2;2;2;2;2;2;2;0;2;0;2;2;2;2;2;2;0;2;2;2;1;2;2;1;2;0;2;0;2;2;2;2;2;2;0;2;2;2;2;2;2;2;2;2;2;2;2;2;2;2;2;2;2;2;2;2;0;2;0;0;2;2;2;0;2;2;0;2;2;2;2;2;2;2;2;2;2;2;2;2;2;2;2;2;3;2;2;2;2;2;2;2;2;2;2;2;2;2;2;2;2;2;2;0;3;2;2;2;2;2;2;2;2;2;2;2;1;2;2;2;2;2;2;2;2;2;2;0;0;2;2;0;2;2;2;2;2;2;2;2;2;2;2;2;2;3;2;0;2;2;2;0,111696498698;0,127851986434;0,468958889866;0,147775381195;0,224733996363;5,24160716143;0;0;0;0
2;2;2;0;2;2;2;2;2;2;2;2;2;2;2;2;2;2;2;2;2;2;2;2;2;2;2;2;2;0;2;2;2;2;0;2;2;2;2;2;0;2;2;2;0;2;2;2;0;2;2;2;2;2;2;2;2;2;2;2;2;2;2;2;2;2;2;2;2;2;0;2;0;2;2;2;2;2;2;0;2;2;2;1;2;2;1;2;0;2;0;2;2;2;2;2;2;0;2;2;2;2;2;2;2;2;2;2;2;2;2;2;2;2;2;2;2;2;2;0;2;0;0;2;2;2;0;2;2;0;2;2;2;2;2;2;2;2;2;2;2;2;2;2;2;2;2;3;2;2;2;2;2;2;2;2;2;2;2;2;2;2;2;2;2;2;0;3;2;2;2;2;2;2;2;2;2;2;2;1;2;2;2;2;2;2;2;2;2;2;0;0;2;2;0;2;2;2;2;2;2;2;2;2;2;2;2;2;3;2;0;2;2;2;0,111696498698;0,127851986434;0,468958889866;0,147775381195;0,224733996363;5,24160716143;0;0;0;0
2;2;2;0;2;2;2;2;2;2;2;2;2;2;2;2;2;2;2;2;2;2;2;2;2;2;2;2;2;0;2;2;2;2;0;2;2;2;2;2;0;2;2;2;0;2;2;2;0;2;2;2;2;2;2;2;2;2;2;2;2;2;2;2;2;2;2;2;2;2;0;2;0;2;2;2;2;2;2;0;2;2;2;1;2;2;1;2;0;2;0;2;2;2;2;2;2;0;2;2;2;2;2;2;2;2;2;2;2;2;2;2;2;2;2;2;2;2;2;0;2;0;0;2;2;2;0;2;2;0;2;2;2;2;2;2;2;2;2;2;2;2;2;2;2;2;2;3;2;2;2;2;2;2;2;2;2;2;2;2;2;2;2;2;2;2;0;3;2;2;2;2;2;2;2;2;2;2;2;1;2;2;2;2;2;2;2;2;2;2;0;0;2;2;0;2;2;2;2;2;2;2;2;2;2;2;2;2;3;2;0;2;2;2;0,111696498698;0,127851986434;0,468958889866;0,147775381195;0,224733996363;5,24160716143;0;0;0;0
4;3;4;3;4;3;4;1;4;4;4;4;4;4;4;4;4;3;4;3;3;1;3;4;4;4;4;4;4;3;4;4;4;4;3;4;4;1;4;4;3;4;1;4;3;4;4;4;3;4;4;4;4;3;4;4;4;4;4;4;4;4;3;4;4;4;4;4;4;4;3;3;3;4;4;4;4;4;4;3;4;1;4;3;4;3;3;4;3;4;3;4;4;4;4;4;4;3;4;4;4;4;4;4;1;4;4;4;3;4;4;4;4;4;4;4;1;4;4;0;4;3;3;4;4;4;3;4;4;0;4;4;4;4;4;4;3;4;4;4;1;1;4;3;4;4;4;3;4;4;3;4;4;4;4;4;4;4;4;4;3;4;4;4;4;3;0;2;4;4;4;1;4;4;4;4;3;4;4;1;1;1;1;3;4;4;4;4;4;4;3;3;4;4;3;4;4;4;1;1;4;4;4;4;1;4;4;4;2;4;0;4;1;3;0,177763973379;0,173253831456;0,337557620869;0,198873585072;0,250288549537;5,65293594782;0;0;0;0
4;3;4;3;4;3;4;1;4;4;4;4;4;4;4;4;4;3;4;3;3;1;3;4;4;4;4;4;4;3;4;4;4;4;3;4;4;1;4;4;3;4;1;4;3;4;4;4;3;4;4;4;4;3;4;4;4;4;4;4;4;4;3;4;4;4;4;4;4;4;3;3;3;4;4;4;4;4;4;3;4;1;4;3;4;3;3;4;3;4;3;4;4;4;4;4;4;3;4;4;4;4;4;4;1;4;4;4;3;4;4;4;4;4;4;4;1;4;4;0;4;3;3;4;4;4;3;4;4;0;4;4;4;4;4;4;3;4;4;4;1;1;4;3;4;4;4;3;4;4;3;4;4;4;4;4;4;4;4;4;3;4;4;4;4;3;0;2;4;4;4;1;4;4;4;4;3;4;4;1;1;1;1;3;4;4;4;4;4;4;3;3;4;4;3;4;4;4;1;1;4;4;4;4;1;4;4;4;2;4;0;4;1;3;0,177763973379;0,173253831456;0,337557620869;0,198873585072;0,250288549537;5,65293594782;0;0;0;0
4;3;4;3;4;3;4;1;4;4;4;4;4;4;4;4;4;3;4;3;3;1;3;4;4;4;4;4;4;3;4;4;4;4;3;4;4;1;4;4;3;4;1;4;3;4;4;4;3;4;4;4;4;3;4;4;4;4;4;4;4;4;3;4;4;4;4;4;4;4;3;3;3;4;4;4;4;4;4;3;4;1;4;3;4;3;3;4;3;4;3;4;4;4;4;4;4;3;4;4;4;4;4;4;1;4;4;4;3;4;4;4;4;4;4;4;1;4;4;0;4;3;3;4;4;4;3;4;4;0;4;4;4;4;4;4;3;4;4;4;1;1;4;3;4;4;4;3;4;4;3;4;4;4;4;4;4;4;4;4;3;4;4;4;4;3;0;2;4;4;4;1;4;4;4;4;3;4;4;1;1;1;1;3;4;4;4;4;4;4;3;3;4;4;3;4;4;4;1;1;4;4;4;4;1;4;4;4;2;4;0;4;1;3;0,177763973379;0,173253831456;0,337557620869;0,198873585072;0,250288549537;5,65293594782;0;0;0;0
5;4;5;4;5;4;5;1;5;5;5;5;5;5;5;5;5;4;5;4;4;1;4;5;5;5;5;5;5;4;5;5;5;5;4;5;5;1;5;5;4;5;1;5;4;5;5;5;4;5;5;5;5;4;5;5;5;5;5;5;5;5;4;5;5;5;5;5;5;5;4;4;4;5;5;5;5;5;5;4;5;1;1;1;5;4;4;5;4;5;4;5;5;5;5;5;5;4;3;5;5;5;5;5;1;5;5;5;4;5;5;5;5;5;3;5;1;5;5;0;5;4;4;5;5;5;4;5;5;0;5;5;5;5;5;5;4;5;5;5;1;1;5;4;5;5;5;4;1;5;4;5;5;5;5;5;5;5;5;5;4;5;5;5;5;4;0;2;5;5;5;1;5;5;5;5;4;5;5;1;1;1;1;4;5;5;5;3;0;3;4;4;5;1;4;5;5;1;1;1;5;5;5;5;1;5;5;5;2;1;0;5;1;4;0,165624016628;0,185757476153;0,315599636314;0,217362540989;0,257427419077;5,67963521602;0;0;0;0
4;3;4;3;4;3;4;1;4;4;4;4;4;4;4;4;4;3;4;3;3;1;3;4;4;4;4;4;4;3;4;4;4;4;3;4;4;1;4;4;3;4;1;4;3;4;4;4;3;4;4;4;4;3;4;4;4;4;4;4;4;4;3;4;4;4;4;4;4;4;3;3;3;4;4;4;4;4;4;3;4;1;4;4;4;3;3;4;3;4;3;4;4;4;4;4;4;3;4;4;4;4;4;4;1;4;4;4;3;4;4;4;4;4;4;4;1;4;4;0;4;3;3;4;4;4;3;4;4;0;4;4;4;4;4;4;3;4;4;4;1;1;4;3;4;4;4;3;4;4;3;4;4;4;4;4;4;4;4;4;4;4;4;4;4;3;0;2;4;4;4;1;4;4;4;4;3;4;4;1;1;1;1;3;4;4;4;4;4;4;3;3;4;4;3;4;4;4;1;1;4;4;4;4;1;4;4;4;2;4;0;4;1;3;0,184556422183;0,178432830984;0,3511202415;0,203919355681;0,25800037971;6,0953637122;0;0;0;0
3;2;3;2;3;2;3;3;3;3;3;3;3;3;3;3;3;2;3;2;2;0;2;3;3;3;3;3;3;2;3;3;3;3;2;3;3;3;3;3;2;3;0;3;2;3;3;3;2;3;3;3;3;2;3;3;3;3;3;3;3;3;2;3;3;3;3;3;3;3;2;2;2;3;3;3;3;3;3;2;3;3;3;2;3;2;2;3;2;3;2;3;3;3;3;3;3;2;3;3;3;3;3;3;3;3;3;3;2;3;3;3;3;3;3;3;3;3;3;3;3;2;2;3;3;3;2;3;3;0;3;3;3;3;3;3;2;3;3;3;3;3;3;2;3;3;3;2;3;3;2;3;3;3;3;3;3;3;3;3;2;3;3;3;3;2;3;1;3;3;3;3;3;3;3;3;2;3;3;2;3;0;3;2;3;3;3;3;3;3;2;2;3;3;2;3;3;3;0;3;3;3;3;3;2;3;3;3;1;3;3;3;0;2;0,175772373454;0,156337146668;0,396773283556;0,175522270767;0,243379656485;6,56231890393;0;0;0;0
3;2;3;2;3;2;3;3;3;3;3;3;3;3;3;3;3;2;3;2;2;0;2;3;3;3;3;3;3;2;3;3;3;3;2;3;3;3;3;3;2;3;0;3;2;3;3;3;2;3;3;3;3;2;3;3;3;3;3;3;3;3;2;3;3;3;3;3;3;3;2;2;2;3;3;3;3;3;3;2;3;3;3;2;3;2;2;3;2;3;2;3;3;3;3;3;3;2;3;3;3;3;3;3;3;3;3;3;2;3;3;3;3;3;3;3;3;3;3;3;3;2;2;3;3;3;2;3;3;0;3;3;3;3;3;3;2;3;3;3;3;3;3;2;3;3;3;2;3;3;2;3;3;3;3;3;3;3;3;3;2;3;3;3;3;2;3;1;3;3;3;3;3;3;3;3;2;3;3;2;3;0;3;2;3;3;3;3;3;3;2;2;3;3;2;3;3;3;0;3;3;3;3;3;2;3;3;3;1;3;3;3;0;2;0,175772373454;0,156337146668;0,396773283556;0,175522270767;0,243379656485;6,56231890393;0;0;0;0
3;2;3;2;3;2;3;0;3;3;3;3;3;3;3;3;3;2;3;2;2;0;2;3;3;3;3;3;3;2;3;3;3;3;2;3;3;0;3;3;2;3;0;3;2;3;3;3;2;3;3;3;3;2;3;3;3;3;3;3;3;3;2;3;3;3;3;3;3;3;2;2;2;3;3;3;3;3;3;2;3;0;3;2;3;2;2;3;2;3;2;3;3;3;3;3;3;2;3;3;3;3;3;3;3;3;3;3;2;3;3;3;3;3;3;3;0;3;3;3;3;2;2;3;3;3;2;3;3;0;3;3;3;3;3;3;3;3;3;3;3;0;3;2;3;3;3;2;3;3;2;3;3;3;3;3;3;3;3;3;2;3;3;3;3;2;3;1;3;3;3;3;3;3;3;3;2;3;3;2;3;0;0;2;3;3;3;3;3;3;2;2;3;3;2;3;3;3;0;0;3;3;3;3;2;3;3;3;1;3;3;3;0;2;0,153223815968;0,15240749986;0,344420196647;0,172226433657;0,229627984269;6,61878730489;0;0;0;0
3;2;3;2;3;2;3;0;3;3;3;3;3;3;3;3;3;2;3;2;2;0;2;3;3;3;3;3;3;2;3;3;3;3;2;3;3;0;3;3;2;3;0;3;2;3;3;3;2;3;3;3;3;2;3;3;3;3;3;3;3;3;2;3;3;3;3;3;3;3;2;2;2;3;3;3;3;3;3;2;3;0;3;4;3;2;2;3;2;3;2;3;3;3;3;3;3;2;3;3;3;3;3;3;3;3;3;3;2;3;3;3;3;3;3;3;0;3;3;3;3;2;2;3;3;3;2;3;3;0;3;3;3;3;3;3;3;3;3;3;3;0;3;2;3;3;3;2;3;3;2;3;3;3;3;3;3;3;3;3;3;3;3;3;3;2;3;1;3;3;3;3;3;3;3;3;2;3;3;0;3;0;0;2;3;3;3;3;3;3;2;4;3;3;2;3;3;3;0;0;3;3;3;3;2;3;3;3;1;3;3;3;0;2;0,159175285084;0,163625339769;0,359975046049;0,188476208262;0,24741207615;6,9375156074;0;0;0;0
3;2;3;2;3;2;3;0;3;3;3;3;3;3;3;3;3;2;3;2;2;0;2;3;3;3;3;3;3;2;3;3;3;3;2;3;3;0;3;3;2;3;0;3;2;3;3;3;2;3;3;3;3;2;3;3;3;3;3;3;3;3;2;3;3;3;3;3;3;3;2;2;2;3;3;3;3;3;3;2;3;0;3;4;3;2;2;3;2;3;2;3;3;3;3;3;3;2;3;3;3;3;3;3;3;3;3;3;2;3;3;3;3;3;3;3;0;3;3;3;3;2;2;3;3;3;2;3;3;0;3;3;3;3;3;3;3;3;3;3;3;0;3;2;3;3;3;2;3;3;2;3;3;3;3;3;3;3;3;3;3;3;3;3;3;2;3;1;3;3;3;3;3;3;3;3;2;3;3;0;3;0;0;2;3;3;3;3;3;3;2;4;3;3;2;3;3;3;0;0;3;3;3;3;2;3;3;3;1;3;3;3;0;2;0,159175285084;0,163625339769;0,359975046049;0,188476208262;0,24741207615;6,9375156074;0;0;0;0
3;2;3;2;3;2;3;0;3;3;3;3;3;3;3;3;3;2;3;2;2;0;2;3;3;3;3;3;3;2;3;3;3;3;2;3;3;0;3;3;2;3;0;3;2;3;3;3;2;3;3;3;3;2;3;3;3;3;3;3;3;3;2;3;3;3;3;3;3;3;2;2;2;3;3;3;3;3;3;2;3;0;3;4;3;2;2;3;2;3;2;3;3;3;3;3;3;2;3;3;3;3;3;3;3;3;3;3;2;3;3;3;3;3;3;3;0;3;3;3;3;2;2;3;3;3;2;3;3;0;3;3;3;3;3;3;3;3;3;3;3;0;3;2;3;3;3;2;3;3;2;3;3;3;3;3;3;3;3;3;3;3;3;3;3;2;3;1;3;3;3;3;3;3;3;3;2;3;3;0;3;0;0;2;3;3;3;3;3;3;2;4;3;3;2;3;3;3;0;0;3;3;3;3;2;3;3;3;1;3;3;3;0;2;0,159175285084;0,163625339769;0,359975046049;0,188476208262;0,24741207615;6,9375156074;0;0;0;0
3;2;3;2;3;2;3;0;3;3;3;3;3;3;3;3;3;2;3;2;2;0;2;3;3;3;3;3;3;2;3;3;3;3;2;3;3;0;3;3;2;3;0;3;2;3;3;3;2;3;3;3;3;2;3;3;3;3;3;3;3;3;2;3;3;3;3;3;3;3;2;2;2;3;3;3;3;3;3;2;3;0;3;4;3;2;2;3;2;3;2;3;3;3;3;3;3;2;3;3;3;3;3;3;3;3;3;3;2;3;3;3;3;3;3;3;0;3;3;3;3;2;2;3;3;3;2;3;3;0;3;3;3;3;3;3;3;3;3;3;3;0;3;2;3;3;3;2;3;3;2;3;3;3;3;3;3;3;3;3;3;3;3;3;3;2;3;1;3;3;3;3;3;3;3;3;2;3;3;0;3;0;0;2;3;3;3;3;3;3;2;4;3;3;2;3;3;3;0;0;3;3;3;3;2;3;3;3;1;3;3;3;0;2;0,159175285084;0,163625339769;0,359975046049;0,188476208262;0,24741207615;6,9375156074;0;0;0;0
3;3;3;2;3;2;3;0;3;3;3;3;3;3;3;3;3;2;3;2;2;0;2;3;3;3;3;3;3;2;3;3;3;3;2;3;3;0;3;3;2;3;0;3;2;3;3;3;2;3;3;3;3;3;3;3;3;3;3;3;3;3;2;3;3;3;3;3;3;3;2;2;2;3;3;3;3;3;3;2;3;0;3;4;3;2;3;3;2;3;2;3;3;3;3;3;3;2;3;3;3;3;3;3;0;3;3;3;2;3;3;3;3;3;3;3;0;3;3;3;3;2;2;3;3;3;2;3;3;0;3;3;3;3;3;3;3;3;3;3;3;0;3;2;3;3;3;2;3;3;3;3;3;3;3;3;3;3;3;3;3;3;3;3;3;2;3;1;3;3;3;3;3;3;3;3;2;3;3;4;0;0;0;3;3;3;3;3;3;3;2;4;3;3;2;3;3;3;0;0;3;3;3;3;2;3;3;3;1;0;3;3;0;2;0,151333372243;0,171702570985;0,373693991295;0,19707816258;0,258060680331;7,19701101704;0;0;0;0
3;3;3;2;3;2;3;0;3;3;3;3;3;3;3;3;3;2;3;2;2;0;2;3;3;3;3;3;3;2;3;3;3;3;2;3;3;0;3;3;2;3;0;3;2;3;3;3;2;3;3;3;3;3;3;3;3;3;3;3;3;3;2;3;3;3;3;3;3;3;2;2;2;3;3;3;3;3;3;2;3;0;3;4;3;2;3;3;2;3;2;3;3;3;3;3;3;2;3;3;3;3;3;3;0;3;3;3;2;3;3;3;3;3;3;3;0;3;3;3;3;2;2;3;3;3;2;3;3;0;3;3;3;3;3;3;3;3;3;3;3;0;3;2;3;3;3;2;3;3;3;3;3;3;3;3;3;3;3;3;3;3;3;3;3;2;3;1;3;3;3;3;3;3;3;3;2;3;3;4;0;0;0;3;3;3;3;3;3;3;2;4;3;3;2;3;3;3;0;0;3;3;3;3;2;3;3;3;1;0;3;3;0;2;0,151333372243;0,171702570985;0,373693991295;0,19707816258;0,258060680331;7,19701101704;0;0;0;0
3;3;3;2;3;2;3;0;3;3;3;3;3;3;3;3;3;2;3;2;2;0;2;3;3;3;3;3;3;2;3;3;3;3;2;3;3;0;3;3;2;3;0;3;2;3;3;3;2;3;3;3;3;3;3;3;3;3;3;3;3;3;2;3;3;3;3;3;3;3;2;2;2;3;3;3;3;3;3;2;3;0;3;4;3;2;3;3;2;3;2;3;3;3;3;3;3;2;3;3;3;3;3;3;0;3;3;3;2;3;3;3;3;3;3;3;0;3;3;3;3;2;2;3;3;3;2;3;3;0;3;3;3;3;3;3;3;3;3;3;3;0;3;2;3;3;3;2;3;3;3;3;3;3;3;3;3;3;3;3;3;3;3;3;3;2;3;1;3;3;3;3;3;3;3;3;2;3;3;4;0;0;0;3;3;3;3;3;3;3;2;4;3;3;2;3;3;3;0;0;3;3;3;3;2;3;3;3;1;0;3;3;0;2;0,151333372243;0,171702570985;0,373693991295;0,19707816258;0,258060680331;7,19701101704;0;0;0;0
3;3;3;2;3;2;3;0;3;3;3;3;3;3;3;3;3;2;3;2;2;0;2;3;3;3;3;3;3;2;3;3;3;3;2;3;3;0;3;3;2;3;0;3;2;3;3;3;2;3;3;3;3;3;3;3;3;3;3;3;3;3;2;3;3;3;3;3;3;3;2;2;2;3;3;3;3;3;3;2;3;0;3;4;3;2;3;3;2;3;2;3;3;3;3;3;3;2;3;3;3;3;3;3;0;3;3;3;2;3;3;3;3;3;3;3;0;3;3;3;3;2;2;3;3;3;2;3;3;0;3;3;3;3;3;3;3;3;3;3;3;0;3;2;3;3;3;2;3;3;3;3;3;3;3;3;3;3;3;3;3;3;3;3;3;2;3;1;3;3;3;3;3;3;3;3;2;3;3;4;0;0;0;3;3;3;3;3;3;3;2;4;3;3;2;3;3;3;0;0;3;3;3;3;2;3;3;3;1;0;3;3;0;2;0,151333372243;0,171702570985;0,373693991295;0,19707816258;0,258060680331;7,19701101704;0;0;0;0
3;3;3;2;3;2;3;0;3;3;3;3;3;3;3;3;3;2;3;2;2;0;2;3;3;3;3;3;3;2;3;3;3;3;2;3;3;0;3;3;2;3;0;3;2;3;3;3;2;3;3;3;3;3;3;3;3;3;3;3;3;3;2;3;3;3;3;3;3;3;2;2;2;3;3;3;3;3;3;2;3;0;3;4;3;2;3;3;2;3;2;3;3;3;3;3;3;2;3;3;3;3;3;3;3;3;3;3;2;3;3;3;3;3;3;3;0;3;3;3;3;2;2;3;3;3;2;3;3;0;3;3;3;3;3;3;3;3;3;3;3;0;3;2;3;3;3;2;3;3;2;3;3;3;3;3;3;3;3;3;3;3;3;3;3;2;3;1;3;3;3;3;3;3;3;3;2;3;3;0;3;0;0;3;3;3;3;3;3;3;2;4;3;3;2;3;3;3;0;0;3;3;3;3;0;3;3;3;1;3;3;3;0;2;0,164139204995;0,170480671354;0,38491293744;0,195215566932;0,259049492433;7,26282745898;0;0;0;0
3;3;3;2;3;2;3;0;3;3;3;3;3;3;3;3;3;2;3;2;2;0;2;3;3;3;3;3;3;2;3;3;3;3;2;3;3;0;3;3;2;3;0;3;2;3;3;3;2;3;3;3;3;3;3;3;3;3;3;3;3;3;2;3;3;3;3;3;3;3;2;2;2;3;3;3;3;3;3;2;3;0;3;4;3;2;3;3;2;3;2;3;3;3;3;3;3;2;3;3;3;3;3;3;3;3;3;3;2;3;3;3;3;3;3;3;0;3;3;3;3;2;2;3;3;3;2;3;3;0;3;3;3;3;3;3;3;3;3;3;3;0;3;2;3;3;3;2;3;3;2;3;3;3;3;3;3;3;3;3;3;3;3;3;3;2;3;1;3;3;3;3;3;3;3;3;2;3;3;0;3;0;0;3;3;3;3;3;3;3;2;4;3;3;2;3;3;3;0;0;3;3;3;3;0;3;3;3;1;3;3;3;0;2;0,164139204995;0,170480671354;0,38491293744;0,195215566932;0,259049492433;7,26282745898;0;0;0;0
