10;40;30;db;Cosine;2;1
2;6;2;8;2;2;2;6;2;6;2;4;2;6;4;2;8;6;2;4;2;2;7;2;2;6;0;2;2;6;8;2;4;6;8;2;4;2;2;0;2;2;2;2;2;2;2;2;2;7;7;6;2;4;3;6;5;2;2;4;6;2;3;4;2;2;2;2;3;2;4;2;2;2;2;6;2;2;3;0;8;2;2;6;2;4;6;8;2;2;2;2;2;2;6;3;4;2;6;4;2;4;2;2;2;2;2;2;7;6;6;4;6;6;2;2;2;4;2;2;8;2;2;2;2;2;2;2;2;2;2;4;5;3;2;6;4;2;8;2;2;1;2;6;2;2;2;2;2;6;4;6;6;2;6;2;2;4;4;2;2;3;4;2;6;2;2;2;2;2;6;2;6;2;2;6;6;2;4;2;2;8;2;2;2;8;2;2;2;8;2;4;4;2;2;2;3;2;8;2;2;1;3;6;6;2;2;2;6;2;2;6;5;4;0,237415219432;0,258248404061;0,327697446846;0,304503749662;0,315675142251;8,88566787215;0;0;0;0
2;6;2;8;2;2;2;6;2;6;2;4;2;6;4;2;8;6;2;4;2;2;7;2;2;6;0;2;2;6;8;2;4;6;8;2;4;2;2;0;2;2;2;2;2;2;2;2;2;7;7;6;2;4;3;6;5;2;2;4;6;2;3;4;2;2;2;2;3;2;4;2;2;2;2;6;2;2;3;0;8;2;2;6;2;4;6;8;2;2;2;2;2;2;6;3;4;2;6;4;2;4;2;2;2;2;2;2;7;6;6;4;6;6;2;2;2;4;2;2;8;2;2;2;2;2;2;2;2;2;2;4;5;3;2;6;4;2;8;2;2;1;2;6;2;2;2;2;2;6;4;6;6;2;6;2;2;4;4;2;2;3;4;2;6;2;2;2;2;2;6;2;6;2;2;6;6;2;4;2;2;8;2;2;2;8;2;2;2;8;2;4;4;2;2;2;3;2;8;2;2;1;3;6;6;2;2;2;6;2;2;6;5;4;0,237415219432;0,258248404061;0,327697446846;0,304503749662;0,315675142251;8,88566787215;0;0;0;0
0;3;0;0;0;0;0;3;0;3;0;6;0;3;0;0;4;3;0;0;0;4;3;0;0;3;0;0;0;3;4;0;4;3;3;1;0;0;0;5;0;0;0;0;0;0;0;1;0;3;3;3;0;0;0;3;2;0;0;0;3;0;0;0;0;0;0;0;0;0;0;0;0;0;0;3;0;0;0;5;4;4;0;3;0;0;3;1;0;0;0;0;0;1;3;0;0;0;3;0;0;0;0;0;0;0;0;0;3;3;3;0;3;3;0;0;0;0;0;0;1;0;0;0;0;0;0;0;0;0;0;0;6;0;0;3;4;4;1;0;0;0;0;3;0;0;0;0;0;3;0;3;3;0;3;0;0;4;0;0;0;2;0;0;3;0;1;0;0;0;3;0;3;0;0;3;3;0;0;0;0;4;0;0;0;0;0;0;0;0;0;0;0;0;0;0;0;0;1;0;0;0;2;3;0;0;0;0;3;0;0;3;4;0;0,196470316712;0,189715024561;0,346545346908;0,226238526675;0,273757388524;9,99409471895;0;0;0;0
0;3;0;0;0;0;0;3;0;3;0;6;0;3;0;0;4;3;0;0;0;4;3;0;0;3;0;0;0;3;4;0;4;3;3;1;0;0;0;5;0;0;0;0;0;0;0;1;0;3;3;3;0;0;0;3;2;0;0;0;3;0;0;0;0;0;0;0;0;0;0;0;0;0;0;3;0;0;0;5;4;4;0;3;0;0;3;1;0;0;0;0;0;1;3;0;0;0;3;0;0;0;0;0;0;0;0;0;3;3;3;0;3;3;0;0;0;0;0;0;1;0;0;0;0;0;0;0;0;0;0;0;6;0;0;3;4;4;1;0;0;0;0;3;0;0;0;0;0;3;0;3;3;0;3;0;0;4;0;0;0;2;0;0;3;0;1;0;0;0;3;0;3;0;0;3;3;0;0;0;0;4;0;0;0;0;0;0;0;0;0;0;0;0;0;0;0;0;1;0;0;0;2;3;0;0;0;0;3;0;0;3;4;0;0,196470316712;0,189715024561;0,346545346908;0,226238526675;0,273757388524;9,99409471895;0;0;0;0
0;7;0;7;5;0;5;1;5;1;0;0;0;1;0;0;4;1;5;0;0;0;7;5;5;1;0;0;0;1;4;0;0;1;7;5;0;0;0;3;0;5;0;5;0;0;5;5;0;7;1;1;0;6;0;1;2;0;0;0;1;0;6;0;0;5;0;0;0;0;6;0;0;0;0;1;0;0;0;3;0;5;0;1;5;0;1;5;0;5;5;0;0;5;1;0;0;0;1;0;0;6;0;0;0;0;0;0;7;1;1;0;7;1;5;0;0;0;0;5;2;5;0;5;0;0;0;5;5;5;0;6;0;0;0;1;0;0;2;0;0;5;0;7;0;0;0;5;0;1;7;7;7;0;1;0;0;0;0;5;5;7;1;0;7;5;5;0;0;0;1;0;1;0;5;7;1;0;0;0;0;4;0;0;5;7;0;5;0;7;0;0;0;5;5;0;6;0;2;0;5;5;7;1;7;0;0;5;1;0;0;1;4;0;0,197817123314;0,310358729382;0,370046564354;0,348509571946;0,358955308369;10,8612765607;0;0;0;0
0;7;0;7;5;0;5;1;5;1;0;0;0;1;0;0;4;1;5;0;0;0;7;5;5;1;0;0;0;1;4;0;0;1;7;5;0;0;0;3;0;5;0;5;0;0;5;5;0;7;1;1;0;6;0;1;2;0;0;0;1;0;6;0;0;5;0;0;0;0;6;0;0;0;0;1;0;0;0;3;0;5;0;1;5;0;1;5;0;5;5;0;0;5;1;0;0;0;1;0;0;6;0;0;0;0;0;0;7;1;1;0;7;1;5;0;0;0;0;5;2;5;0;5;0;0;0;5;5;5;0;6;0;0;0;1;0;0;2;0;0;5;0;7;0;0;0;5;0;1;7;7;7;0;1;0;0;0;0;5;5;7;1;0;7;5;5;0;0;0;1;0;1;0;5;7;1;0;0;0;0;4;0;0;5;7;0;5;0;7;0;0;0;5;5;0;6;0;2;0;5;5;7;1;7;0;0;5;1;0;0;1;4;0;0,197817123314;0,310358729382;0,370046564354;0,348509571946;0,358955308369;10,8612765607;0;0;0;0
0;7;0;7;5;0;5;1;5;1;0;0;0;1;0;0;4;1;5;0;0;0;7;5;5;1;0;0;0;1;4;0;0;1;7;5;0;0;0;3;0;5;0;5;0;0;5;5;0;7;1;1;0;6;0;1;2;0;0;0;1;0;6;0;0;5;0;0;0;0;6;0;0;0;0;1;0;0;0;3;0;5;0;1;5;0;1;5;0;5;5;0;0;5;1;0;0;0;1;0;0;6;0;0;0;0;0;0;7;1;1;0;7;1;5;0;0;0;0;5;2;5;0;5;0;0;0;5;5;5;0;6;0;0;0;1;0;0;2;0;0;5;0;7;0;0;0;5;0;1;7;7;7;0;1;0;0;0;0;5;5;7;1;0;7;5;5;0;0;0;1;0;1;0;5;7;1;0;0;0;0;4;0;0;5;7;0;5;0;7;0;0;0;5;5;0;6;0;2;0;5;5;7;1;7;0;0;5;1;0;0;1;4;0;0,197817123314;0,310358729382;0,370046564354;0,348509571946;0,358955308369;10,8612765607;0;0;0;0
0;7;0;7;5;0;5;1;5;1;0;0;0;1;0;0;4;1;5;0;0;0;7;5;5;1;0;0;0;1;4;0;0;1;7;5;0;0;0;3;0;5;0;5;0;0;5;5;0;7;1;1;0;6;0;1;2;0;0;0;1;0;6;0;0;5;0;0;0;0;6;0;0;0;0;1;0;0;0;3;0;5;0;1;5;0;1;5;0;5;5;0;0;5;1;0;0;0;1;0;0;6;0;0;0;0;0;0;7;1;1;0;7;1;5;0;0;0;0;5;2;5;0;5;0;0;0;5;5;5;0;6;0;0;0;1;0;0;2;0;0;5;0;7;0;0;0;5;0;1;7;7;7;0;1;0;0;0;0;5;5;7;1;0;7;5;5;0;0;0;1;0;1;0;5;7;1;0;0;0;0;4;0;0;5;7;0;5;0;7;0;0;0;5;5;0;6;0;2;0;5;5;7;1;7;0;0;5;1;0;0;1;4;0;0,197817123314;0,310358729382;0,370046564354;0,348509571946;0,358955308369;10,8612765607;0;0;0;0
0;1;0;0;0;0;0;1;5;1;0;3;0;1;0;0;0;1;0;0;0;0;4;5;0;1;0;0;0;1;0;0;0;0;4;0;0;0;0;2;0;5;0;0;0;0;0;0;0;4;1;1;0;0;0;1;4;0;0;0;1;0;0;0;0;0;0;0;0;0;0;0;0;0;0;1;0;0;0;2;0;0;0;1;5;0;1;5;0;0;0;0;0;0;0;0;0;0;1;0;0;0;0;0;0;0;0;0;4;1;1;0;0;1;0;0;0;0;0;0;4;0;0;0;0;0;0;0;0;0;0;0;3;0;0;1;0;0;4;0;0;5;0;4;0;0;0;0;0;1;0;0;0;0;1;0;0;0;0;0;0;0;0;0;0;0;0;0;0;0;1;0;0;0;0;4;1;0;0;0;0;0;0;0;5;0;0;5;0;0;0;0;0;0;0;0;0;0;5;0;5;5;0;1;4;0;0;0;1;0;0;1;3;0;0,170681878784;0,208638232564;0,417570181882;0,239705147436;0,304571668974;11,2994507492;0;0;0;0
0;3;0;0;4;0;4;3;0;3;0;4;0;3;4;0;4;3;0;0;0;4;3;0;0;3;0;0;0;3;4;0;4;3;3;4;0;0;0;5;4;0;0;0;0;0;4;0;0;3;3;3;0;3;0;3;2;0;0;0;3;0;3;4;0;0;0;0;0;0;4;0;0;0;0;6;0;0;0;5;4;4;0;3;0;0;3;1;0;0;0;0;0;0;3;0;0;0;3;4;0;4;0;0;0;0;0;0;3;3;3;0;3;3;0;0;0;0;0;4;1;0;0;0;0;0;0;0;0;0;0;3;6;0;0;3;4;4;2;0;0;0;0;3;0;0;4;0;0;3;3;3;3;0;3;0;0;4;0;0;0;3;0;4;3;0;0;0;0;0;3;0;3;0;0;3;3;0;0;0;0;4;0;0;0;0;0;0;0;0;0;4;4;0;0;0;0;0;1;4;0;0;3;3;3;0;0;0;3;0;4;3;4;0;0,245686707822;0,266370219496;0,412063296813;0,297716610395;0,345679235914;11,804693904;0;0;0;0
0;3;0;0;4;0;4;3;0;3;0;4;0;3;4;0;4;3;0;0;0;4;3;0;0;3;0;0;0;3;4;0;4;3;3;4;0;0;0;5;4;0;0;0;0;0;4;0;0;3;3;3;0;3;0;3;2;0;0;0;3;0;3;4;0;0;0;0;0;0;4;0;0;0;0;6;0;0;0;5;4;4;0;3;0;0;3;1;0;0;0;0;0;0;3;0;0;0;3;4;0;4;0;0;0;0;0;0;3;3;3;0;3;3;0;0;0;0;0;4;1;0;0;0;0;0;0;0;0;0;0;3;6;0;0;3;4;4;2;0;0;0;0;3;0;0;4;0;0;3;3;3;3;0;3;0;0;4;0;0;0;3;0;4;3;0;0;0;0;0;3;0;3;0;0;3;3;0;0;0;0;4;0;0;0;0;0;0;0;0;0;4;4;0;0;0;0;0;1;4;0;0;3;3;3;0;0;0;3;0;4;3;4;0;0,245686707822;0,266370219496;0,412063296813;0,297716610395;0,345679235914;11,804693904;0;0;0;0
0;3;0;0;4;0;4;3;0;3;0;4;0;3;4;0;4;3;0;0;0;4;3;0;0;3;0;0;0;3;4;0;4;3;3;4;0;0;0;5;4;0;0;0;0;0;4;0;0;3;3;3;0;3;0;3;2;0;0;0;3;0;3;4;0;0;0;0;0;0;4;0;0;0;0;6;0;0;0;5;4;4;0;3;0;0;3;1;0;0;0;0;0;0;3;0;0;0;3;4;0;4;0;0;0;0;0;0;3;3;3;0;3;3;0;0;0;0;0;4;1;0;0;0;0;0;0;0;0;0;0;3;6;0;0;3;4;4;2;0;0;0;0;3;0;0;4;0;0;3;3;3;3;0;3;0;0;4;0;0;0;3;0;4;3;0;0;0;0;0;3;0;3;0;0;3;3;0;0;0;0;4;0;0;0;0;0;0;0;0;0;4;4;0;0;0;0;0;1;4;0;0;3;3;3;0;0;0;3;0;4;3;4;0;0,245686707822;0,266370219496;0,412063296813;0,297716610395;0,345679235914;11,804693904;0;0;0;0
0;3;0;0;4;0;4;3;0;3;0;4;0;3;4;0;4;3;0;0;0;4;3;0;0;3;0;0;0;3;4;0;4;3;3;4;0;0;0;5;4;0;0;0;0;0;4;0;0;3;3;3;0;3;0;3;2;0;0;0;3;0;3;4;0;0;0;0;0;0;4;0;0;0;0;6;0;0;0;5;4;4;0;3;0;0;3;1;0;0;0;0;0;0;3;0;0;0;3;4;0;4;0;0;0;0;0;0;3;3;3;0;3;3;0;0;0;0;0;4;1;0;0;0;0;0;0;0;0;0;0;3;6;0;0;3;4;4;2;0;0;0;0;3;0;0;4;0;0;3;3;3;3;0;3;0;0;4;0;0;0;3;0;4;3;0;0;0;0;0;3;0;3;0;0;3;3;0;0;0;0;4;0;0;0;0;0;0;0;0;0;4;4;0;0;0;0;0;1;4;0;0;3;3;3;0;0;0;3;0;4;3;4;0;0,245686707822;0,266370219496;0,412063296813;0,297716610395;0,345679235914;11,804693904;0;0;0;0
3;0;3;3;3;3;3;0;3;0;3;3;3;0;3;3;3;0;3;3;3;3;2;3;3;0;0;3;3;0;3;3;3;0;0;3;3;3;3;1;3;3;3;3;3;3;3;3;3;2;0;0;3;0;3;0;2;3;3;3;0;3;3;3;3;3;3;3;3;3;3;3;3;3;3;0;3;3;3;1;3;3;3;0;3;3;0;3;3;3;3;3;3;3;0;3;3;3;0;3;3;3;3;3;3;3;3;3;2;0;0;3;0;0;3;3;3;3;3;3;2;3;3;3;3;3;3;3;3;3;3;3;3;3;3;0;3;3;0;3;3;3;3;0;3;3;3;3;3;0;3;0;0;3;0;3;3;3;3;3;3;3;0;3;0;3;3;3;3;3;0;3;0;3;3;0;0;3;3;3;3;3;3;3;3;3;3;3;3;3;3;3;3;3;3;3;3;3;3;3;3;3;3;0;0;3;3;3;0;3;3;0;0;3;0,195239785817;0,188267054506;0,478254598582;0,206531629806;0,288483318188;11,8498251945;0;0;0;0
5;1;5;5;5;5;5;1;5;1;5;3;5;1;5;5;5;1;5;5;5;5;4;5;5;1;0;5;5;1;5;5;5;1;1;5;5;5;5;2;5;5;5;5;5;5;5;5;5;4;1;1;5;1;3;1;4;5;5;5;1;5;5;5;5;5;5;5;5;5;5;5;5;5;5;0;5;5;5;2;5;5;5;1;5;5;1;5;5;5;5;5;5;5;1;5;5;5;1;5;5;5;5;5;5;5;5;5;4;1;1;5;1;1;5;5;5;5;5;5;4;5;5;5;5;5;5;5;5;5;5;5;3;5;5;1;5;5;1;5;5;5;5;1;5;5;5;5;5;1;5;1;1;5;1;5;5;5;5;5;5;5;1;5;1;5;5;5;5;5;1;5;1;5;5;1;1;5;5;5;5;5;5;5;5;5;5;5;5;5;5;5;5;5;5;5;5;5;1;5;5;5;5;1;1;5;5;5;1;5;5;1;0;5;0,22267471351;0,22647207127;0,493704297728;0,254813095239;0,336137333398;12,8538246647;0;0;0;0
5;1;5;5;5;5;5;1;5;1;5;3;5;1;5;5;5;1;5;5;5;5;4;5;5;1;0;5;5;1;5;5;5;1;1;5;5;5;5;2;5;5;5;5;5;5;5;5;5;4;1;1;5;1;3;1;4;5;5;5;1;5;5;5;5;5;5;5;5;5;5;5;5;5;5;0;5;5;5;2;5;5;5;1;5;5;1;5;5;5;5;5;5;5;1;5;5;5;1;5;5;5;5;5;5;5;5;5;4;1;1;5;1;1;5;5;5;5;5;5;4;5;5;5;5;5;5;5;5;5;5;5;3;5;5;1;5;5;1;5;5;5;5;1;5;5;5;5;5;1;5;1;1;5;1;5;5;5;5;5;5;5;1;5;1;5;5;5;5;5;1;5;1;5;5;1;1;5;5;5;5;5;5;5;5;5;5;5;5;5;5;5;5;5;5;5;5;5;1;5;5;5;5;1;1;5;5;5;1;5;5;1;0;5;0,22267471351;0,22647207127;0,493704297728;0,254813095239;0,336137333398;12,8538246647;0;0;0;0
4;0;4;4;4;4;4;0;4;0;4;2;4;0;4;4;4;0;4;4;4;4;3;4;4;0;0;4;4;0;4;4;4;0;0;4;4;4;4;1;4;4;4;4;4;4;4;4;4;3;0;0;4;0;2;0;3;4;4;4;0;4;4;4;4;4;4;4;4;4;4;4;4;4;4;0;4;4;4;1;4;4;4;0;4;4;0;4;4;4;4;4;4;4;0;4;4;4;0;4;4;4;4;4;4;4;4;4;3;0;0;4;0;0;4;4;4;4;4;4;3;4;4;4;4;4;4;4;4;4;4;4;2;4;4;0;4;4;3;4;4;4;4;0;4;4;4;4;4;0;4;0;0;4;0;4;4;4;4;4;4;4;0;4;0;4;4;4;4;4;0;4;0;4;4;0;0;4;4;4;4;4;4;4;4;4;4;4;4;4;4;4;4;4;4;4;4;4;4;4;4;4;4;0;0;4;4;4;0;4;4;0;2;4;0,217901145946;0,220389290736;0,495848093356;0,244030104148;0,327085896764;13,6266193258;0;0;0;0
4;0;4;4;4;4;4;0;4;0;4;2;4;0;4;4;4;0;4;4;4;4;3;4;4;0;0;4;4;0;4;4;4;0;0;4;4;4;4;1;4;4;4;4;4;4;4;4;4;3;0;0;4;0;2;0;3;4;4;4;0;4;4;4;4;4;4;4;4;4;4;4;4;4;4;0;4;4;4;1;4;4;4;0;4;4;0;4;4;4;4;4;4;4;0;4;4;4;0;4;4;4;4;4;4;4;4;4;3;0;0;4;0;0;4;4;4;4;4;4;3;4;4;4;4;4;4;4;4;4;4;4;2;4;4;0;4;4;3;4;4;4;4;0;4;4;4;4;4;0;4;0;0;4;0;4;4;4;4;4;4;4;0;4;0;4;4;4;4;4;0;4;0;4;4;0;0;4;4;4;4;4;4;4;4;4;4;4;4;4;4;4;4;4;4;4;4;4;4;4;4;4;4;0;0;4;4;4;0;4;4;0;2;4;0,217901145946;0,220389290736;0,495848093356;0,244030104148;0,327085896764;13,6266193258;0;0;0;0
4;0;4;4;4;4;4;0;4;0;4;2;4;0;4;4;4;0;4;4;4;4;3;4;4;0;0;4;4;0;4;4;4;0;0;4;4;4;4;1;4;4;4;4;4;4;4;4;4;3;0;0;4;0;2;0;3;4;4;4;0;4;4;4;4;4;4;4;4;4;4;4;4;4;4;0;4;4;4;1;4;4;4;0;4;4;0;4;4;4;4;4;4;4;0;4;4;4;0;4;4;4;4;4;4;4;4;4;3;0;0;4;0;0;4;4;4;4;4;4;3;4;4;4;4;4;4;4;4;4;4;4;2;4;4;0;4;4;3;4;4;4;4;0;4;4;4;4;4;0;4;0;0;4;0;4;4;4;4;4;4;4;0;4;0;4;4;4;4;4;0;4;0;4;4;0;0;4;4;4;4;4;4;4;4;4;4;4;4;4;4;4;4;4;4;4;4;4;4;4;4;4;4;0;0;4;4;4;0;4;4;0;2;4;0,217901145946;0,220389290736;0,495848093356;0,244030104148;0,327085896764;13,6266193258;0;0;0;0
4;0;4;4;4;4;4;0;4;0;4;2;4;0;4;4;4;0;4;4;4;4;3;4;4;0;0;4;4;0;4;4;4;0;0;4;4;4;4;1;4;4;4;4;4;4;4;4;4;3;0;0;4;0;2;0;3;4;4;4;0;4;4;4;4;4;4;4;4;4;4;4;4;4;4;0;4;4;4;1;4;4;4;0;4;4;0;4;4;4;4;4;4;4;0;4;4;4;0;4;4;4;4;4;4;4;4;4;3;0;0;4;0;0;4;4;4;4;4;4;3;4;4;4;4;4;4;4;4;4;4;4;2;4;4;0;4;4;3;4;4;4;4;0;4;4;4;4;4;0;4;0;0;4;0;4;4;4;4;4;4;4;0;4;0;4;4;4;4;4;0;4;0;4;4;0;0;4;4;4;4;4;4;4;4;4;4;4;4;4;4;4;4;4;4;4;4;4;4;4;4;4;4;0;0;4;4;4;0;4;4;0;2;4;0,217901145946;0,220389290736;0,495848093356;0,244030104148;0,327085896764;13,6266193258;0;0;0;0
4;0;4;4;4;4;4;0;4;0;4;2;4;0;4;4;4;0;4;4;4;4;3;4;4;0;0;4;4;0;4;4;4;0;0;4;4;4;4;1;4;4;4;4;4;4;4;4;4;3;0;0;4;0;2;0;3;4;4;4;0;4;4;4;4;4;4;4;4;4;4;4;4;4;4;0;4;4;4;1;4;4;4;0;4;4;0;4;4;4;4;4;4;4;0;4;4;4;0;4;4;4;4;4;4;4;4;4;3;0;0;4;0;0;4;4;4;4;4;4;3;4;4;4;4;4;4;4;4;4;4;4;2;4;4;0;4;4;3;4;4;4;4;0;4;4;4;4;4;0;4;0;0;4;0;4;4;4;4;4;4;4;0;4;0;4;4;4;4;4;0;4;0;4;4;0;0;4;4;4;4;4;4;4;4;4;4;4;4;4;4;4;4;4;4;4;4;4;4;4;4;4;4;0;0;4;4;4;0;4;4;0;2;4;0,217901145946;0,220389290736;0,495848093356;0,244030104148;0,327085896764;13,6266193258;0;0;0;0
4;0;4;4;4;4;4;0;4;0;4;2;4;0;4;4;4;0;4;4;4;4;3;4;4;0;0;4;4;0;4;4;4;0;4;4;4;4;4;1;4;4;4;4;4;4;4;4;4;3;0;0;4;0;2;0;3;4;4;4;0;4;4;4;4;4;4;4;4;4;4;4;4;4;4;0;4;4;4;1;4;4;4;0;4;4;0;4;4;4;4;4;4;4;0;4;4;4;0;4;4;4;4;4;4;4;4;4;3;0;0;4;0;0;4;4;4;4;4;4;3;4;4;4;4;4;4;4;4;4;4;4;2;4;4;0;4;4;4;4;4;4;4;0;4;4;4;4;4;0;4;0;0;4;0;4;4;4;4;4;4;4;0;4;0;4;4;4;4;4;0;4;0;4;4;0;0;4;4;4;4;4;4;4;4;4;4;4;4;4;4;4;4;4;4;4;4;4;4;4;4;4;4;0;4;4;4;4;0;4;4;0;2;4;0,217424990169;0,21734578868;0,509601490553;0,240917610706;0,327165486689;13,6427063634;0;0;0;0
4;0;4;4;4;4;4;0;4;0;4;2;4;0;4;4;4;0;4;4;4;4;3;4;4;0;0;4;4;0;4;4;4;0;4;4;4;4;4;1;4;4;4;4;4;4;4;4;4;3;0;0;4;0;2;0;3;4;4;4;0;4;4;4;4;4;4;4;4;4;4;4;4;4;4;0;4;4;4;1;4;4;4;0;4;4;0;4;4;4;4;4;4;4;0;4;4;4;0;4;4;4;4;4;4;4;4;4;3;0;0;4;0;0;4;4;4;4;4;4;3;4;4;4;4;4;4;4;4;4;4;4;2;4;4;0;4;4;4;4;4;4;4;0;4;4;4;4;4;0;4;0;0;4;0;4;4;4;4;4;4;4;0;4;0;4;4;4;4;4;0;4;0;4;4;0;0;4;4;4;4;4;4;4;4;4;4;4;4;4;4;4;4;4;4;4;4;4;4;4;4;4;4;0;4;4;4;4;0;4;4;0;2;4;0,217424990169;0,21734578868;0,509601490553;0,240917610706;0,327165486689;13,6427063634;0;0;0;0
4;0;4;4;4;4;4;0;4;0;4;2;4;0;4;4;4;0;4;4;4;4;3;4;4;0;0;4;4;0;4;4;4;0;0;4;4;4;4;1;4;4;4;4;4;4;4;4;4;3;0;0;4;0;2;0;3;4;4;4;0;4;0;4;4;4;4;4;4;4;4;4;4;4;4;0;4;4;4;1;4;4;4;0;4;4;0;4;4;4;4;4;4;4;0;4;4;4;0;4;4;4;4;4;4;4;4;4;3;0;0;4;0;0;4;4;4;4;4;4;3;4;4;4;4;4;4;4;4;4;4;4;2;4;4;0;4;4;3;4;4;4;4;0;4;4;4;4;4;0;4;0;0;4;0;4;4;4;4;4;4;4;0;4;0;4;4;4;4;4;0;4;0;4;4;0;0;4;4;4;4;4;4;4;4;4;4;4;4;4;4;4;4;4;4;4;4;4;4;4;4;4;4;0;0;4;4;4;0;4;4;0;4;4;0,216542977103;0,214959174956;0,491918931884;0,238360455972;0,321120992472;14,2803616334;0;0;0;0
4;0;4;4;4;4;4;0;4;0;4;2;4;0;4;4;4;0;4;4;4;4;3;4;4;0;0;4;4;0;4;4;4;0;0;4;4;4;4;1;4;4;4;4;4;4;4;4;4;3;0;0;4;0;2;0;3;4;4;4;0;4;0;4;4;4;4;4;4;4;4;4;4;4;4;0;4;4;4;1;4;4;4;0;4;4;0;4;4;4;4;4;4;4;0;4;4;4;0;4;4;4;4;4;4;4;4;4;3;0;0;4;0;0;4;4;4;4;4;4;3;4;4;4;4;4;4;4;4;4;4;4;2;4;4;0;4;4;3;4;4;4;4;0;4;4;4;4;4;0;4;0;0;4;0;4;4;4;4;4;4;4;0;4;0;4;4;4;4;4;0;4;0;4;4;0;0;4;4;4;4;4;4;4;4;4;4;4;4;4;4;4;4;4;4;4;4;4;4;4;4;4;4;0;0;4;4;4;0;4;4;0;4;4;0,216542977103;0,214959174956;0,491918931884;0,238360455972;0,321120992472;14,2803616334;0;0;0;0
4;0;4;4;4;4;4;0;4;0;4;2;4;0;4;4;4;0;4;4;4;4;3;4;4;0;0;4;4;0;4;4;4;0;0;4;4;4;4;1;4;4;4;4;4;4;4;4;4;3;0;0;4;0;2;0;3;4;4;4;0;4;0;4;4;4;4;4;4;4;4;4;4;4;4;0;4;4;4;1;4;4;4;0;4;4;0;4;4;4;4;4;4;4;0;4;4;4;0;4;4;4;4;4;4;4;4;4;3;0;0;4;0;0;4;4;4;4;4;4;3;4;4;4;4;4;4;4;4;4;4;4;2;4;4;0;4;4;3;4;4;4;4;0;4;4;4;4;4;0;4;0;0;4;0;4;4;4;4;4;4;4;0;4;0;4;4;4;4;4;0;4;0;4;4;0;0;4;4;4;4;4;4;4;4;4;4;4;4;4;4;4;4;4;4;4;4;4;4;4;4;4;4;0;0;4;4;4;0;4;4;0;4;4;0,216542977103;0,214959174956;0,491918931884;0,238360455972;0,321120992472;14,2803616334;0;0;0;0
4;0;4;4;4;4;4;0;4;0;4;2;4;0;4;4;4;0;4;4;4;4;3;4;4;0;0;4;4;0;4;4;4;0;3;4;4;4;4;1;4;4;4;4;4;4;4;4;4;3;0;0;4;0;2;0;3;4;4;4;0;4;4;4;4;4;4;4;4;4;4;4;4;4;4;0;4;4;4;1;4;4;4;0;4;4;0;4;4;4;4;4;4;4;0;4;4;4;0;4;4;4;4;4;4;4;4;4;3;0;0;4;0;0;4;4;4;4;4;4;3;4;4;4;4;4;4;4;4;4;4;4;2;4;4;0;4;4;3;4;4;4;4;0;4;4;4;4;4;0;4;0;0;4;0;4;4;4;4;4;4;4;0;4;0;4;4;4;4;4;0;4;0;4;4;0;0;4;4;4;4;4;4;4;4;4;4;4;4;4;4;4;4;4;4;4;4;4;4;4;4;4;4;0;0;4;4;4;0;4;4;0;4;4;0,212149140936;0,216117783534;0,493266621855;0,239649153973;0,322577115978;15,0225795554;0;0;0;0
4;0;4;4;4;4;4;0;4;0;4;2;4;0;4;4;4;0;4;4;4;4;3;4;4;0;0;4;4;0;4;4;4;0;3;4;4;4;4;1;4;4;4;4;4;4;4;4;4;3;0;0;4;0;2;0;3;4;4;4;0;4;4;4;4;4;4;4;4;4;4;4;4;4;4;0;4;4;4;1;4;4;4;0;4;4;0;4;4;4;4;4;4;4;0;4;4;4;0;4;4;4;4;4;4;4;4;4;3;0;0;4;0;0;4;4;4;4;4;4;3;4;4;4;4;4;4;4;4;4;4;4;2;4;4;0;4;4;3;4;4;4;4;0;4;4;4;4;4;0;4;0;0;4;0;4;4;4;4;4;4;4;0;4;0;4;4;4;4;4;0;4;0;4;4;0;0;4;4;4;4;4;4;4;4;4;4;4;4;4;4;4;4;4;4;4;4;4;4;4;4;4;4;0;0;4;4;4;0;4;4;0;4;4;0,212149140936;0,216117783534;0,493266621855;0,239649153973;0,322577115978;15,0225795554;0;0;0;0
4;0;4;4;4;4;4;0;4;0;4;2;4;0;4;4;4;0;4;4;4;4;3;4;4;0;0;4;4;0;4;4;4;0;3;4;4;4;4;1;4;4;4;4;4;4;4;4;4;3;0;0;4;0;2;0;3;4;4;4;0;4;4;4;4;4;4;4;4;4;4;4;4;4;4;0;4;4;4;1;4;4;4;0;4;4;0;4;4;4;4;4;4;4;0;4;4;4;0;4;4;4;4;4;4;4;4;4;3;0;0;4;0;0;4;4;4;4;4;4;3;4;4;4;4;4;4;4;4;4;4;4;2;4;4;0;4;4;3;4;4;4;4;0;4;4;4;4;4;0;4;0;0;4;0;4;4;4;4;4;4;4;0;4;0;4;4;4;4;4;0;4;0;4;4;0;0;4;4;4;4;4;4;4;4;4;4;4;4;4;4;4;4;4;4;4;4;4;4;4;4;4;4;0;0;4;4;4;0;4;4;0;4;4;0,212149140936;0,216117783534;0,493266621855;0,239649153973;0,322577115978;15,0225795554;0;0;0;0
4;0;4;4;4;4;4;0;4;0;4;2;4;0;4;4;4;0;4;4;4;4;3;4;4;0;0;4;4;0;4;4;4;0;3;4;4;4;4;1;4;4;4;4;4;4;4;4;4;3;0;0;4;0;2;0;3;4;4;4;0;4;4;4;4;4;4;4;4;4;4;4;4;4;4;0;4;4;4;1;4;4;4;0;4;4;0;4;4;4;4;4;4;4;0;4;4;4;0;4;4;4;4;4;4;4;4;4;3;0;0;4;0;0;4;4;4;4;4;4;3;4;4;4;4;4;4;4;4;4;4;4;2;4;4;0;4;4;3;4;4;4;4;0;4;4;4;4;4;0;4;0;0;4;0;4;4;4;4;4;4;4;0;4;0;4;4;4;4;4;0;4;0;4;4;0;0;4;4;4;4;4;4;4;4;4;4;4;4;4;4;4;4;4;4;4;4;4;4;4;4;4;4;0;0;4;4;4;0;4;4;0;4;4;0,212149140936;0,216117783534;0,493266621855;0,239649153973;0,322577115978;15,0225795554;0;0;0;0
