25;40;30;db;Minkowski_2;4;4
2;2;5;2;2;2;2;2;3;2;5;3;2;2;2;2;2;2;5;2;2;2;2;2;2;2;2;2;2;2;2;3;1;2;2;2;5;2;3;2;2;2;2;2;2;2;2;2;5;5;4;2;2;2;2;2;2;2;2;2;2;5;5;2;2;5;5;2;2;2;2;2;2;2;5;3;2;2;2;2;2;2;2;2;2;2;2;2;2;3;2;2;2;2;2;5;0;5;5;0;2;2;2;2;2;2;2;2;2;2;2;2;2;2;2;2;5;3;2;2;2;5;2;2;2;2;2;5;2;2;5;2;2;3;3;2;2;2;2;5;2;2;3;2;2;3;2;2;2;5;2;4;2;2;2;2;2;2;2;2;5;2;2;2;2;2;3;5;2;3;5;2;2;5;2;2;2;2;5;2;2;2;2;2;2;2;5;2;2;5;2;2;2;1;2;2;2;2;2;2;2;2;2;2;2;2;2;5;2;2;2;2;0;2;0,188549858263;0,181074781503;0,408472652432;0,211306188662;0,278527738074;0,568711886384;0;0;0;0
1;3;1;3;3;3;3;3;1;3;1;1;1;3;3;3;3;3;1;3;3;3;3;3;3;3;3;3;1;3;3;1;3;3;3;3;1;3;1;3;3;3;3;3;3;3;3;3;3;1;0;0;3;0;3;1;3;3;3;0;3;1;1;1;3;1;1;3;3;3;0;3;3;3;3;1;3;3;3;3;3;3;0;3;3;3;3;3;3;1;3;0;3;1;3;1;2;1;1;2;3;0;3;3;3;3;3;1;3;3;3;3;3;3;3;3;1;1;0;3;3;1;3;1;3;0;3;1;3;3;1;3;3;4;1;3;1;0;3;1;3;3;1;3;3;4;3;3;3;1;3;4;3;3;3;3;1;3;3;3;1;3;3;0;3;3;1;1;3;1;1;3;3;1;3;3;3;3;1;3;3;3;3;3;3;3;1;3;3;1;3;3;3;2;3;3;3;3;3;3;3;3;3;3;3;3;3;1;3;3;3;3;0;3;0,227783712256;0,239880306773;0,4530130969;0,263566783304;0,333247438402;0,58822740894;0;0;0;0
4;4;4;4;4;4;4;4;4;4;4;4;4;4;4;4;4;4;4;4;4;4;4;4;4;4;4;4;4;4;4;4;3;4;4;4;4;4;4;4;4;4;4;4;4;4;4;4;0;4;0;4;4;4;4;4;4;4;4;4;3;4;4;4;4;4;4;4;4;4;4;4;4;4;4;4;4;4;4;4;4;4;4;4;4;4;4;4;4;4;4;4;4;4;4;4;1;4;4;1;4;4;4;4;4;4;4;4;4;4;4;4;4;4;4;4;4;4;0;4;4;4;4;4;4;4;4;4;4;4;4;4;4;2;4;4;4;4;4;4;4;4;4;4;4;4;4;4;4;4;4;2;4;4;4;4;4;4;4;4;4;4;4;4;4;4;4;4;4;4;4;4;4;4;4;4;4;4;4;4;4;4;4;4;4;4;4;4;4;4;4;4;4;2;4;4;4;4;4;4;4;4;4;4;4;4;4;4;4;4;4;4;0;4;0,0235234722378;0,0188637609397;0,252387487908;0,045438291366;0,0770118439085;0,64449559833;0;0;0;0
2;3;2;3;3;3;3;3;2;3;2;2;3;3;3;3;3;3;1;3;3;3;3;3;3;3;3;3;3;3;3;2;3;3;3;3;2;3;2;3;3;3;3;3;3;3;3;3;1;2;1;3;3;3;3;3;3;3;3;3;3;2;2;3;3;2;2;3;3;3;3;3;3;3;1;2;3;3;3;3;3;3;3;3;3;3;3;3;3;2;3;3;3;3;3;2;0;2;2;0;3;3;3;3;3;3;3;2;3;3;3;3;3;3;3;3;2;2;3;3;3;2;3;2;3;3;3;2;3;3;2;3;3;2;2;3;3;3;3;2;3;3;2;3;3;3;3;3;3;2;3;1;3;3;3;3;3;3;3;3;2;3;3;3;3;3;2;2;3;2;2;3;3;2;3;3;3;3;2;3;3;3;3;3;3;3;2;3;3;2;3;3;3;3;3;3;3;3;3;3;3;3;3;3;3;3;3;2;3;3;3;3;0;3;0,184933947782;0,173980257882;0,443052505373;0,193262598489;0,269129171808;0,672718112976;0;0;0;0
2;3;2;3;3;3;3;3;2;3;2;2;3;3;3;3;3;3;2;3;3;3;3;3;3;3;3;3;3;3;3;2;3;3;3;3;2;3;2;3;3;3;3;3;3;3;3;3;1;2;1;3;3;3;3;3;3;3;3;3;3;2;2;3;3;2;2;3;3;3;3;3;3;3;1;2;3;3;3;3;3;3;3;3;3;3;3;3;3;2;3;3;3;3;3;2;0;2;2;0;3;3;3;3;3;3;3;2;3;3;3;3;3;3;3;3;2;2;3;3;3;2;3;2;3;3;3;2;3;3;2;3;3;3;2;3;3;3;3;2;3;3;2;3;3;3;3;3;3;2;3;1;3;3;3;3;3;3;3;3;2;3;3;3;3;3;3;2;3;2;2;3;3;2;3;3;3;3;2;3;3;3;3;3;3;3;2;3;3;2;3;3;3;3;3;3;3;3;3;3;3;3;3;3;3;3;3;2;3;3;3;3;0;3;0,167542416106;0,155641197673;0,416325778187;0,175082213486;0,246500689212;0,700836570138;0;0;0;0
2;3;2;3;3;3;3;3;2;3;2;2;3;3;3;3;3;3;2;3;3;3;3;3;3;3;3;3;3;3;3;2;3;3;3;3;2;3;2;3;3;3;3;3;3;3;3;3;1;2;1;3;3;3;3;3;3;3;3;3;3;2;2;3;3;2;2;3;3;3;3;3;3;3;1;2;3;3;3;3;3;3;3;3;3;3;3;3;3;2;3;3;3;3;3;2;0;2;2;0;3;3;3;3;3;3;3;2;3;3;3;3;3;3;3;3;2;2;3;3;3;2;3;2;3;3;3;2;3;3;2;3;3;3;2;3;3;3;3;2;3;3;2;3;3;3;3;3;3;2;3;1;3;3;3;3;3;3;3;3;2;3;3;3;3;3;3;2;3;2;2;3;3;2;3;3;3;3;2;3;3;3;3;3;3;3;2;3;3;2;3;3;3;3;3;3;3;3;3;3;3;3;3;3;3;3;3;2;3;3;3;3;0;3;0,167542416106;0,155641197673;0,416325778187;0,175082213486;0,246500689212;0,700836570138;0;0;0;0
2;3;2;3;3;3;3;3;2;3;2;2;3;3;3;3;3;3;2;3;3;3;3;3;2;3;3;3;3;3;3;2;3;3;3;3;2;3;2;3;3;3;3;3;3;3;3;3;1;2;1;3;3;3;3;3;3;3;3;3;3;2;2;2;3;2;2;3;3;3;3;3;3;3;1;2;3;3;3;3;3;3;3;3;3;3;3;3;3;2;3;3;3;2;3;2;0;2;2;0;3;3;3;3;3;3;3;3;3;3;3;3;3;3;3;3;2;2;3;3;3;2;3;2;3;3;3;2;3;3;2;3;3;2;2;3;3;3;3;2;3;3;2;3;3;3;3;3;3;2;3;1;3;3;3;3;3;3;3;3;2;3;3;3;3;3;2;2;3;2;2;3;3;2;3;3;3;3;2;3;3;3;3;3;3;3;2;3;3;2;3;3;3;3;3;3;3;3;3;3;3;3;3;3;3;3;3;2;3;3;3;3;0;3;0,188984825571;0,176478969466;0,446221988799;0,195387989967;0,271773882439;0,706522469698;0;0;0;0
2;3;2;3;3;3;3;3;2;3;2;2;3;3;3;3;3;3;2;3;3;3;3;3;2;3;3;3;3;3;3;2;3;3;3;3;2;3;2;3;3;3;3;3;3;3;3;3;1;2;1;3;3;3;3;3;3;3;3;3;3;2;2;3;3;2;2;3;3;3;3;3;3;3;1;2;3;3;3;3;3;3;3;3;3;3;3;3;3;2;3;3;3;3;3;2;0;2;2;0;3;3;3;3;3;3;3;3;3;3;3;3;3;3;3;3;2;2;3;3;3;2;3;2;3;3;3;2;3;3;2;3;3;2;2;3;3;3;3;2;3;3;2;3;3;3;3;3;3;2;3;2;3;3;3;3;3;3;3;3;2;3;3;3;3;3;2;2;3;2;2;3;3;2;3;3;3;3;2;3;3;3;3;3;3;3;2;3;3;2;3;3;3;3;3;3;3;3;3;3;3;3;3;3;3;3;3;2;3;3;3;3;0;3;0,173706310545;0,159659741581;0,423376808331;0,178548529924;0,251171704951;0,713268250964;0;0;0;0
2;3;2;3;3;3;3;3;2;3;2;2;3;3;3;3;3;3;2;3;3;3;3;3;2;3;3;3;3;3;3;2;3;3;3;3;2;3;2;3;3;3;3;3;3;3;3;3;1;2;1;3;3;3;3;3;3;3;3;3;3;2;2;3;3;2;2;3;3;3;3;3;3;3;1;2;3;3;3;3;3;3;3;3;3;3;3;3;3;2;3;3;3;3;3;2;0;2;2;0;3;3;3;3;3;3;3;3;3;3;3;3;3;3;3;3;2;2;3;3;3;2;3;2;3;3;3;2;3;3;2;3;3;2;2;3;3;3;3;2;3;3;2;3;3;3;3;3;3;2;3;2;3;3;3;3;3;3;3;3;2;3;3;3;3;3;2;2;3;2;2;3;3;2;3;3;3;3;2;3;3;3;3;3;3;3;2;3;3;2;3;3;3;3;3;3;3;3;3;3;3;3;3;3;3;3;3;2;3;3;3;3;0;3;0,173706310545;0,159659741581;0,423376808331;0,178548529924;0,251171704951;0,713268250964;0;0;0;0
2;3;2;3;3;3;3;3;2;3;2;2;3;3;3;3;3;3;2;3;3;3;3;3;2;3;3;3;3;3;3;2;3;3;3;3;2;3;2;3;3;3;3;3;3;3;3;3;1;2;1;3;3;3;3;3;3;3;3;3;3;2;2;3;3;2;2;3;3;3;3;3;3;3;1;2;3;3;3;3;3;3;3;3;3;3;3;3;3;2;3;3;3;3;3;2;0;2;2;0;3;3;3;3;3;3;3;3;3;3;3;3;3;3;3;3;2;2;3;3;3;2;3;2;3;3;3;2;3;3;2;3;3;2;2;3;3;3;3;2;3;3;2;3;3;3;3;3;3;2;3;2;3;3;3;3;3;3;3;3;2;3;3;3;3;3;2;2;3;2;2;3;3;2;3;3;3;3;2;3;3;3;3;3;3;3;2;3;3;2;3;3;3;3;3;3;3;3;3;3;3;3;3;3;3;3;3;2;3;3;3;3;0;3;0,173706310545;0,159659741581;0,423376808331;0,178548529924;0,251171704951;0,713268250964;0;0;0;0
2;3;2;3;3;3;3;3;2;3;2;2;3;3;3;3;3;3;2;3;3;3;3;3;2;3;3;3;3;3;3;2;3;3;3;3;2;3;2;3;3;3;3;3;3;3;3;3;1;2;1;3;3;3;3;3;3;3;3;3;3;2;2;3;3;2;2;3;3;3;3;3;3;3;1;2;3;3;3;3;3;3;3;3;3;3;3;3;3;2;3;3;3;3;3;2;0;2;2;0;3;3;3;3;3;3;3;3;3;3;3;3;3;3;3;3;2;2;3;3;3;2;3;2;3;3;3;2;3;3;2;3;3;2;2;3;3;3;3;2;3;3;2;3;3;3;3;3;3;2;3;2;3;3;3;3;3;3;3;3;2;3;3;3;3;3;2;2;3;2;2;3;3;2;3;3;3;3;2;3;3;3;3;3;3;3;2;3;3;2;3;3;3;3;3;3;3;3;3;3;3;3;3;3;3;3;3;2;3;3;3;3;0;3;0,173706310545;0,159659741581;0,423376808331;0,178548529924;0,251171704951;0,713268250964;0;0;0;0
2;3;2;3;3;3;3;3;2;3;2;2;3;3;3;3;3;3;2;3;3;3;3;3;2;3;3;3;3;3;3;2;3;3;3;3;2;3;2;3;3;3;3;3;3;3;3;3;1;2;1;3;3;3;3;3;3;3;3;3;3;2;2;3;3;2;2;3;3;3;3;3;3;3;1;2;3;3;3;3;3;3;3;3;3;3;3;3;3;2;3;3;3;3;3;2;0;2;2;0;3;3;3;3;3;3;3;3;3;3;3;3;3;3;3;3;2;2;3;3;3;2;3;2;3;3;3;2;3;3;2;3;3;2;2;3;3;3;3;2;3;3;2;3;3;3;3;3;3;2;3;2;3;3;3;3;3;3;3;3;2;3;3;3;3;3;2;2;3;2;2;3;3;2;3;3;3;3;2;3;3;3;3;3;3;3;2;3;3;2;3;3;3;3;3;3;3;3;3;3;3;3;3;3;3;3;3;2;3;3;3;3;0;3;0,173706310545;0,159659741581;0,423376808331;0,178548529924;0,251171704951;0,713268250964;0;0;0;0
2;3;2;3;3;3;3;3;2;3;2;2;3;3;3;3;3;3;2;3;3;3;3;3;2;3;3;3;3;3;3;2;3;3;3;3;2;3;2;3;3;3;3;3;3;3;3;3;1;2;1;3;3;3;3;3;3;3;3;3;3;2;2;3;3;2;2;3;3;3;3;3;3;3;1;2;3;3;3;3;3;3;3;3;3;3;3;3;3;2;3;3;3;3;3;2;0;2;2;0;3;3;3;3;3;3;3;3;3;3;3;3;3;3;3;3;2;2;3;3;3;2;3;2;3;3;3;2;3;3;2;3;3;2;2;3;3;3;3;2;3;3;2;3;3;3;3;3;3;2;3;2;3;3;3;3;3;3;3;3;2;3;3;3;3;3;2;2;3;2;2;3;3;2;3;3;3;3;2;3;3;3;3;3;3;3;2;3;3;2;3;3;3;3;3;3;3;3;3;3;3;3;3;3;3;3;3;2;3;3;3;3;0;3;0,173706310545;0,159659741581;0,423376808331;0,178548529924;0,251171704951;0,713268250964;0;0;0;0
2;3;2;3;3;3;3;3;2;3;2;2;3;3;3;3;3;3;2;3;3;3;3;3;2;3;3;3;3;3;3;2;3;3;3;3;2;3;2;3;3;3;3;3;3;3;3;3;1;2;1;3;3;3;3;3;3;3;3;3;3;2;2;3;3;2;2;3;3;3;3;3;3;3;1;2;3;3;3;3;3;3;3;3;3;3;3;3;3;2;3;3;3;3;3;2;0;2;2;0;3;3;3;3;3;3;3;3;3;3;3;3;3;3;3;3;2;2;3;3;3;2;3;2;3;3;3;2;3;3;2;3;3;2;2;3;3;3;3;2;3;3;2;3;3;3;3;3;3;2;3;2;3;3;3;3;3;3;3;3;2;3;3;3;3;3;2;2;3;2;2;3;3;2;3;3;3;3;2;3;3;3;3;3;3;3;2;3;3;2;3;3;3;3;3;3;3;3;3;3;3;3;3;3;3;3;3;2;3;3;3;3;0;3;0,173706310545;0,159659741581;0,423376808331;0,178548529924;0,251171704951;0,713268250964;0;0;0;0
2;3;2;3;3;3;3;3;2;3;2;2;3;3;3;3;3;3;2;3;3;3;3;3;2;3;3;3;3;3;3;2;3;3;3;3;2;3;2;3;3;3;3;3;3;3;3;3;1;2;1;3;3;3;3;3;3;3;3;3;3;2;2;3;3;2;2;3;3;3;3;3;3;3;1;2;3;3;3;3;3;3;3;3;3;3;3;3;3;2;3;3;3;3;3;2;0;2;2;0;3;3;3;3;3;3;3;3;3;3;3;3;3;3;3;3;2;2;3;3;3;2;3;2;3;3;3;2;3;3;2;3;3;2;2;3;3;3;3;2;3;3;2;3;3;3;3;3;3;2;3;2;3;3;3;3;3;3;3;3;2;3;3;3;3;3;2;2;3;2;2;3;3;2;3;3;3;3;2;3;3;3;3;3;3;3;2;3;3;2;3;3;3;3;3;3;3;3;3;3;3;3;3;3;3;3;3;2;3;3;3;3;0;3;0,173706310545;0,159659741581;0,423376808331;0,178548529924;0,251171704951;0,713268250964;0;0;0;0
2;3;2;3;3;3;3;3;2;3;2;2;3;3;3;3;3;3;2;3;3;3;3;3;3;3;3;3;3;3;3;2;3;3;3;3;2;3;2;3;3;3;3;3;3;3;3;3;1;2;1;3;3;3;3;3;3;3;3;3;3;2;2;3;3;2;2;3;3;3;3;3;3;3;1;2;3;3;3;3;3;3;3;3;3;3;3;3;3;2;3;3;3;3;3;2;0;2;2;0;3;3;3;3;3;3;3;3;3;3;3;3;3;3;3;3;2;2;3;3;3;2;3;2;3;3;3;2;3;3;2;3;3;2;2;3;3;3;3;2;3;3;2;3;3;3;3;3;3;2;3;2;3;3;3;3;3;3;3;3;2;3;3;3;3;3;2;2;3;2;3;3;3;2;3;3;3;3;2;3;3;3;3;3;3;3;2;3;3;2;3;3;3;3;3;3;3;3;3;3;3;3;3;3;3;3;3;2;3;3;3;3;0;3;0,171101084031;0,158642419951;0,429952378913;0,177580746674;0,251348482135;0,713867701326;0;0;0;0
2;3;2;3;3;3;3;3;2;3;2;2;3;3;3;3;3;3;2;3;3;3;3;3;3;3;3;3;3;3;3;2;3;3;3;3;2;3;2;3;3;3;3;3;3;3;3;3;1;2;1;3;3;3;3;3;3;3;3;3;3;2;2;3;3;2;2;3;3;3;3;3;3;3;1;2;3;3;3;3;3;3;3;3;3;3;3;3;3;2;3;3;3;3;3;2;0;2;2;0;3;3;3;3;3;3;3;3;3;3;3;3;3;3;3;3;2;2;3;3;3;2;3;2;3;3;3;2;3;3;2;3;3;2;2;3;3;3;3;2;3;3;2;3;3;3;3;3;3;2;3;2;3;3;3;3;3;3;3;3;2;3;3;3;3;3;2;2;3;2;3;3;3;2;3;3;3;3;2;3;3;3;3;3;3;3;2;3;3;2;3;3;3;3;3;3;3;3;3;3;3;3;3;3;3;3;3;2;3;3;3;3;0;3;0,171101084031;0,158642419951;0,429952378913;0,177580746674;0,251348482135;0,713867701326;0;0;0;0
2;3;2;3;3;3;3;3;2;3;2;2;3;3;3;3;3;3;2;3;3;3;3;3;3;3;3;3;3;3;3;2;3;3;3;3;2;3;2;3;3;3;3;3;3;3;3;3;1;2;1;3;3;3;3;3;3;3;3;3;3;2;2;3;3;2;2;3;3;3;3;3;3;3;1;2;3;3;3;3;3;3;3;3;3;3;3;3;3;2;3;3;3;3;3;2;0;2;2;0;3;3;3;3;3;3;3;3;3;3;3;3;3;3;3;3;2;2;3;3;3;2;3;2;3;3;3;2;3;3;2;3;3;2;2;3;3;3;3;2;3;3;2;3;3;3;3;3;3;2;3;2;3;3;3;3;3;3;3;3;2;3;3;3;3;3;2;2;3;2;3;3;3;2;3;3;3;3;2;3;3;3;3;3;3;3;2;3;3;2;3;3;3;3;3;3;3;3;3;3;3;3;3;3;3;3;3;2;3;3;3;3;0;3;0,171101084031;0,158642419951;0,429952378913;0,177580746674;0,251348482135;0,713867701326;0;0;0;0
2;3;2;3;3;3;3;3;2;3;2;2;3;3;3;3;3;3;2;3;3;3;3;3;3;3;3;3;3;3;3;2;3;3;3;3;2;3;2;3;3;3;3;3;3;3;3;3;1;2;1;3;3;3;3;3;3;3;3;3;3;2;2;3;3;2;2;3;3;3;3;3;3;3;1;2;3;3;3;3;3;3;3;3;3;3;3;3;3;2;3;3;3;3;3;2;0;2;2;0;3;3;3;3;3;3;3;3;3;3;3;3;3;3;3;3;2;2;3;3;3;2;3;2;3;3;3;2;3;3;2;3;3;2;2;3;3;3;3;2;3;3;2;3;3;3;3;3;3;2;3;2;3;3;3;3;3;3;3;3;2;3;3;3;3;3;2;2;3;2;3;3;3;2;3;3;3;3;2;3;3;3;3;3;3;3;2;3;3;2;3;3;3;3;3;3;3;3;3;3;3;3;3;3;3;3;3;2;3;3;3;3;0;3;0,171101084031;0,158642419951;0,429952378913;0,177580746674;0,251348482135;0,713867701326;0;0;0;0
2;3;2;3;3;3;3;3;2;3;2;2;3;3;3;3;3;3;2;3;3;3;3;3;3;3;3;3;3;3;3;2;3;3;3;3;2;3;2;3;3;3;3;3;3;3;3;3;1;2;1;3;3;3;3;3;3;3;3;3;3;2;2;3;3;2;2;3;3;3;3;3;3;3;1;2;3;3;3;3;3;3;3;3;3;3;3;3;3;2;3;3;3;3;3;2;0;2;2;0;3;3;3;3;3;3;3;3;3;3;3;3;3;3;3;3;2;2;3;3;3;2;3;2;3;3;3;2;3;3;2;3;3;2;2;3;3;3;3;2;3;3;2;3;3;3;3;3;3;2;3;2;3;3;3;3;3;3;3;3;2;3;3;3;3;3;2;2;3;2;3;3;3;2;3;3;3;3;2;3;3;3;3;3;3;3;2;3;3;2;3;3;3;3;3;3;3;3;3;3;3;3;3;3;3;3;3;2;3;3;3;3;0;3;0,171101084031;0,158642419951;0,429952378913;0,177580746674;0,251348482135;0,713867701326;0;0;0;0
2;3;2;3;3;3;3;3;2;3;2;2;3;3;3;3;3;3;2;3;3;3;3;3;3;3;3;3;3;3;3;2;3;3;3;3;2;3;2;3;3;3;3;3;3;3;3;3;1;2;1;3;3;3;3;3;3;3;3;3;3;2;2;3;3;2;2;3;3;3;3;3;3;3;1;2;3;3;3;3;3;3;3;3;3;3;3;3;3;2;3;3;3;3;3;2;0;2;2;0;3;3;3;3;3;3;3;3;3;3;3;3;3;3;3;3;2;2;3;3;3;2;3;2;3;3;3;2;3;3;2;3;3;2;2;3;3;3;3;2;3;3;2;3;3;3;3;3;3;2;3;2;3;3;3;3;3;3;3;3;2;3;3;3;3;3;2;2;3;2;3;3;3;2;3;3;3;3;2;3;3;3;3;3;3;3;2;3;3;2;3;3;3;3;3;3;3;3;3;3;3;3;3;3;3;3;3;2;3;3;3;3;0;3;0,171101084031;0,158642419951;0,429952378913;0,177580746674;0,251348482135;0,713867701326;0;0;0;0
2;3;2;3;3;3;3;3;2;3;2;2;3;3;3;3;3;3;2;3;3;3;3;3;3;3;3;3;3;3;3;2;3;3;3;3;2;3;2;3;3;3;3;3;3;3;3;3;1;2;1;3;3;3;3;3;3;3;3;3;3;2;2;3;3;2;2;3;3;3;3;3;3;3;1;2;3;3;3;3;3;3;3;3;3;3;3;3;3;2;3;3;3;3;3;2;0;2;2;0;3;3;3;3;3;3;3;3;3;3;3;3;3;3;3;3;2;2;3;3;3;2;3;2;3;3;3;2;3;3;2;3;3;2;2;3;3;3;3;2;3;3;2;3;3;3;3;3;3;2;3;2;3;3;3;3;3;3;3;3;2;3;3;3;3;3;2;2;3;2;3;3;3;2;3;3;3;3;2;3;3;3;3;3;3;3;2;3;3;2;3;3;3;3;3;3;3;3;3;3;3;3;3;3;3;3;3;2;3;3;3;3;0;3;0,171101084031;0,158642419951;0,429952378913;0,177580746674;0,251348482135;0,713867701326;0;0;0;0
2;3;2;3;3;3;3;3;2;3;2;2;3;3;3;3;3;3;2;3;3;3;3;3;3;3;3;3;3;3;3;2;3;3;3;3;2;3;2;3;3;3;3;3;3;3;3;3;1;2;1;3;3;3;3;3;3;3;3;3;3;2;2;3;3;2;2;3;3;3;3;3;3;3;1;2;3;3;3;3;3;3;3;3;3;3;3;3;3;2;3;3;3;3;3;2;0;2;2;0;3;3;3;3;3;3;3;3;3;3;3;3;3;3;3;3;2;2;3;3;3;2;3;2;3;3;3;2;3;3;2;3;3;2;2;3;3;3;3;2;3;3;2;3;3;3;3;3;3;2;3;2;3;3;3;3;3;3;3;3;2;3;3;3;3;3;2;2;3;2;3;3;3;2;3;3;3;3;2;3;3;3;3;3;3;3;2;3;3;2;3;3;3;3;3;3;3;3;3;3;3;3;3;3;3;3;3;2;3;3;3;3;0;3;0,171101084031;0,158642419951;0,429952378913;0,177580746674;0,251348482135;0,713867701326;0;0;0;0
2;3;2;3;3;3;3;3;2;3;2;2;3;3;3;3;3;3;2;3;3;3;3;3;3;3;3;3;3;3;3;2;3;3;3;3;2;3;2;3;3;3;3;3;3;3;3;3;1;2;1;3;3;3;3;3;3;3;3;3;3;2;2;3;3;2;2;3;3;3;3;3;3;3;1;2;3;3;3;3;3;3;3;3;3;3;3;3;3;2;3;3;3;3;3;2;0;2;2;0;3;3;3;3;3;3;3;3;3;3;3;3;3;3;3;3;2;2;3;3;3;2;3;2;3;3;3;2;3;3;2;3;3;2;2;3;3;3;3;2;3;3;2;3;3;3;3;3;3;2;3;2;3;3;3;3;3;3;3;3;2;3;3;3;3;3;2;2;3;2;3;3;3;2;3;3;3;3;2;3;3;3;3;3;3;3;2;3;3;2;3;3;3;3;3;3;3;3;3;3;3;3;3;3;3;3;3;2;3;3;3;3;0;3;0,171101084031;0,158642419951;0,429952378913;0,177580746674;0,251348482135;0,713867701326;0;0;0;0
2;3;2;3;3;3;3;3;2;3;2;2;3;3;3;3;3;3;2;3;3;3;3;3;3;3;3;3;3;3;3;2;3;3;3;3;2;3;2;3;3;3;3;3;3;3;3;3;1;2;1;3;3;3;3;3;3;3;3;3;3;2;2;3;3;2;2;3;3;3;3;3;3;3;1;2;3;3;3;3;3;3;3;3;3;3;3;3;3;2;3;3;3;3;3;2;0;2;2;0;3;3;3;3;3;3;3;3;3;3;3;3;3;3;3;3;2;2;3;3;3;2;3;2;3;3;3;2;3;3;2;3;3;2;2;3;3;3;3;2;3;3;2;3;3;3;3;3;3;2;3;2;3;3;3;3;3;3;3;3;2;3;3;3;3;3;2;2;3;2;3;3;3;2;3;3;3;3;2;3;3;3;3;3;3;3;2;3;3;2;3;3;3;3;3;3;3;3;3;3;3;3;3;3;3;3;3;2;3;3;3;3;0;3;0,171101084031;0,158642419951;0,429952378913;0,177580746674;0,251348482135;0,713867701326;0;0;0;0
2;3;2;3;3;3;3;3;2;3;2;2;3;3;3;3;3;3;2;3;3;3;3;3;3;3;3;3;3;3;3;2;3;3;3;3;2;3;2;3;3;3;3;3;3;3;3;3;1;2;1;3;3;3;3;3;3;3;3;3;3;2;2;3;3;2;2;3;3;3;3;3;3;3;1;2;3;3;3;3;3;3;3;3;3;3;3;3;3;2;3;3;3;3;3;2;0;2;2;0;3;3;3;3;3;3;3;3;3;3;3;3;3;3;3;3;2;2;3;3;3;2;3;2;3;3;3;2;3;3;2;3;3;2;2;3;3;3;3;2;3;3;2;3;3;3;3;3;3;2;3;2;3;3;3;3;3;3;3;3;2;3;3;3;3;3;2;2;3;2;3;3;3;2;3;3;3;3;2;3;3;3;3;3;3;3;2;3;3;2;3;3;3;3;3;3;3;3;3;3;3;3;3;3;3;3;3;2;3;3;3;3;0;3;0,171101084031;0,158642419951;0,429952378913;0,177580746674;0,251348482135;0,713867701326;0;0;0;0
2;3;2;3;3;3;3;3;2;3;2;2;3;3;3;3;3;3;2;3;3;3;3;3;3;3;3;3;3;3;3;2;3;3;3;3;2;3;2;3;3;3;3;3;3;3;3;3;1;2;1;3;3;3;3;3;3;3;3;3;3;2;2;3;3;2;2;3;3;3;3;3;3;3;1;2;3;3;3;3;3;3;3;3;3;3;3;3;3;2;3;3;3;3;3;2;0;2;2;0;3;3;3;3;3;3;3;3;3;3;3;3;3;3;3;3;2;2;3;3;3;2;3;2;3;3;3;2;3;3;2;3;3;2;2;3;3;3;3;2;3;3;2;3;3;3;3;3;3;2;3;2;3;3;3;3;3;3;3;3;2;3;3;3;3;3;2;2;3;2;3;3;3;2;3;3;3;3;2;3;3;3;3;3;3;3;2;3;3;2;3;3;3;3;3;3;3;3;3;3;3;3;3;3;3;3;3;2;3;3;3;3;0;3;0,171101084031;0,158642419951;0,429952378913;0,177580746674;0,251348482135;0,713867701326;0;0;0;0
2;3;2;3;3;3;3;3;2;3;2;2;3;3;3;3;3;3;2;3;3;3;3;3;3;3;3;3;3;3;3;2;3;3;3;3;2;3;2;3;3;3;3;3;3;3;3;3;1;2;1;3;3;3;3;3;3;3;3;3;3;2;2;3;3;2;2;3;3;3;3;3;3;3;1;2;3;3;3;3;3;3;3;3;3;3;3;3;3;2;3;3;3;3;3;2;0;2;2;0;3;3;3;3;3;3;3;3;3;3;3;3;3;3;3;3;2;2;3;3;3;2;3;2;3;3;3;2;3;3;2;3;3;2;2;3;3;3;3;2;3;3;2;3;3;3;3;3;3;2;3;2;3;3;3;3;3;3;3;3;2;3;3;3;3;3;2;2;3;2;3;3;3;2;3;3;3;3;2;3;3;3;3;3;3;3;2;3;3;2;3;3;3;3;3;3;3;3;3;3;3;3;3;3;3;3;3;2;3;3;3;3;0;3;0,171101084031;0,158642419951;0,429952378913;0,177580746674;0,251348482135;0,713867701326;0;0;0;0
2;3;2;3;3;3;3;3;2;3;2;2;3;3;3;3;3;3;2;3;3;3;3;3;3;3;3;3;3;3;3;2;3;3;3;3;2;3;2;3;3;3;3;3;3;3;3;3;1;2;1;3;3;3;3;3;3;3;3;3;3;2;2;3;3;2;2;3;3;3;3;3;3;3;1;2;3;3;3;3;3;3;3;3;3;3;3;3;3;2;3;3;3;3;3;2;0;2;2;0;3;3;3;3;3;3;3;3;3;3;3;3;3;3;3;3;2;2;3;3;3;2;3;2;3;3;3;2;3;3;2;3;3;2;2;3;3;3;3;2;3;3;2;3;3;3;3;3;3;2;3;2;3;3;3;3;3;3;3;3;2;3;3;3;3;3;2;2;3;2;3;3;3;2;3;3;3;3;2;3;3;3;3;3;3;3;2;3;3;2;3;3;3;3;3;3;3;3;3;3;3;3;3;3;3;3;3;2;3;3;3;3;0;3;0,171101084031;0,158642419951;0,429952378913;0,177580746674;0,251348482135;0,713867701326;0;0;0;0
2;3;2;3;3;3;3;3;2;3;2;2;3;3;3;3;3;3;2;3;3;3;3;3;3;3;3;3;3;3;3;2;3;3;3;3;2;3;2;3;3;3;3;3;3;3;3;3;1;2;1;3;3;3;3;3;3;3;3;3;3;2;2;3;3;2;2;3;3;3;3;3;3;3;1;2;3;3;3;3;3;3;3;3;3;3;3;3;3;2;3;3;3;3;3;2;0;2;2;0;3;3;3;3;3;3;3;3;3;3;3;3;3;3;3;3;2;2;3;3;3;2;3;2;3;3;3;2;3;3;2;3;3;2;2;3;3;3;3;2;3;3;2;3;3;3;3;3;3;2;3;2;3;3;3;3;3;3;3;3;2;3;3;3;3;3;2;2;3;2;3;3;3;2;3;3;3;3;2;3;3;3;3;3;3;3;2;3;3;2;3;3;3;3;3;3;3;3;3;3;3;3;3;3;3;3;3;2;3;3;3;3;0;3;0,171101084031;0,158642419951;0,429952378913;0,177580746674;0,251348482135;0,713867701326;0;0;0;0
