25;40;30;db;Minkowski_2;4;1
1;6;6;6;6;1;1;6;6;1;6;1;4;6;1;6;6;6;6;6;8;6;6;6;6;6;6;1;6;6;6;6;6;6;6;6;7;6;6;6;6;6;6;6;1;6;1;6;0;8;3;6;6;6;6;6;6;2;6;1;1;6;6;6;6;1;1;6;6;8;6;6;6;6;6;6;5;6;6;6;6;1;6;6;6;6;6;9;6;1;6;6;6;6;6;6;6;6;6;1;6;6;8;6;1;1;6;6;1;6;7;6;6;6;6;8;6;6;1;6;6;6;1;6;6;6;6;0;6;6;2;6;6;6;3;6;6;6;6;6;6;8;6;1;6;8;1;6;6;6;1;0;6;6;6;6;6;6;6;1;6;6;6;1;6;4;9;6;6;6;6;6;2;6;1;1;8;2;6;1;1;6;6;1;8;6;5;6;6;1;6;6;6;1;1;1;6;0;6;6;6;6;6;6;1;1;6;1;6;6;6;6;6;6;0,217609818385;0,240100889134;0,410422120734;0,288196431247;0,338617376149;3,86567104445;0;0;0;0
1;4;4;4;4;1;1;4;4;1;4;1;3;4;1;4;4;4;4;4;6;4;4;4;4;4;4;1;4;4;4;4;4;4;4;6;5;4;4;4;4;4;4;4;1;6;1;4;0;6;4;4;4;4;4;4;4;1;4;1;1;4;4;4;4;4;1;4;4;6;4;4;4;4;4;4;6;4;4;4;4;1;4;4;4;4;4;7;1;1;4;4;4;4;1;4;4;4;4;1;4;4;6;4;1;1;4;4;1;6;5;4;4;4;4;5;4;4;1;4;4;4;1;4;4;4;4;0;4;4;1;4;4;4;2;4;4;4;4;4;5;5;4;1;4;6;1;4;4;4;1;0;4;4;4;4;4;4;4;1;4;4;4;1;4;3;7;5;4;6;4;5;1;4;1;4;6;1;4;1;1;4;4;1;6;4;6;4;4;1;4;4;4;1;1;1;4;0;4;4;4;4;4;4;2;1;4;1;4;4;4;4;4;4;0,16509635996;0,193632775351;0,330774864507;0,235342238907;0,275014821908;3,88298095337;0;0;0;0
1;4;4;4;4;1;1;4;4;1;4;1;3;4;1;4;4;4;4;4;6;4;4;4;4;4;4;1;4;4;4;4;4;4;4;6;5;4;4;4;4;4;4;4;1;6;1;4;0;6;4;4;4;4;4;4;4;1;4;1;1;4;4;4;4;4;1;4;4;6;4;4;4;4;4;4;6;4;4;4;4;1;4;4;4;4;4;7;1;1;4;4;4;4;1;4;4;4;4;1;4;4;6;4;1;1;4;4;1;6;5;4;4;4;4;5;4;4;1;4;4;4;1;4;4;4;4;0;4;4;1;4;4;4;2;4;4;4;4;4;5;5;4;1;4;6;1;4;4;4;1;0;4;4;4;4;4;4;4;1;4;4;4;1;4;3;7;5;4;6;4;5;1;4;1;4;6;1;4;1;1;4;4;1;6;4;6;4;4;1;4;4;4;1;1;1;4;0;4;4;4;4;4;4;2;1;4;1;4;4;4;4;4;4;0,16509635996;0,193632775351;0,330774864507;0,235342238907;0,275014821908;3,88298095337;0;0;0;0
1;4;4;4;4;1;1;4;4;1;4;1;3;4;1;4;4;4;4;4;6;4;4;4;4;4;4;1;4;4;4;4;4;4;4;6;5;4;4;4;4;4;4;4;1;6;1;4;0;6;4;4;4;4;4;4;4;1;4;1;1;4;4;4;4;4;1;4;4;6;4;4;4;4;4;4;6;4;4;4;4;1;4;4;4;4;4;7;1;1;4;4;4;4;1;4;4;4;4;1;4;4;6;4;1;1;4;4;1;6;5;4;4;4;4;5;4;4;1;4;4;4;1;4;4;4;4;0;4;4;1;4;4;4;2;4;4;4;4;4;5;5;4;1;4;6;1;4;4;4;1;0;4;4;4;4;4;4;4;1;4;4;4;1;4;3;7;5;4;6;4;5;1;4;1;4;6;1;4;1;1;4;4;1;6;4;6;4;4;1;4;4;4;1;1;1;4;0;4;4;4;4;4;4;2;1;4;1;4;4;4;4;4;4;0,16509635996;0,193632775351;0,330774864507;0,235342238907;0,275014821908;3,88298095337;0;0;0;0
2;1;2;1;1;2;2;1;1;1;1;2;3;1;1;1;1;1;1;1;1;1;1;1;1;1;1;2;1;1;1;1;1;1;1;1;4;1;1;1;1;1;1;1;2;1;2;1;0;1;1;0;1;1;1;1;1;2;1;2;2;1;1;1;1;0;2;1;1;1;1;1;1;1;1;1;1;1;1;1;0;2;1;1;1;1;1;2;2;2;1;1;1;1;2;1;1;1;1;2;1;1;1;1;2;2;1;1;2;1;4;1;1;1;1;1;1;1;2;1;1;1;2;1;1;1;1;2;1;1;2;1;1;1;0;1;1;1;1;1;1;1;1;2;1;1;2;1;1;1;2;2;1;1;1;1;1;1;1;2;1;1;1;2;1;3;5;4;1;1;1;4;2;1;2;1;1;2;1;2;2;1;1;2;1;1;4;1;1;2;1;1;1;2;2;2;1;2;1;1;1;1;1;1;5;2;1;2;1;1;1;1;1;1;0,190679478241;0,170689536679;0,370538642778;0,20104283197;0,260659735802;4,3860434917;0;0;0;0
2;1;2;1;1;2;2;1;1;1;1;2;3;1;1;1;1;1;1;1;1;1;1;1;1;1;1;2;1;1;1;1;1;1;1;1;4;1;1;1;1;1;1;1;2;1;2;1;0;1;1;0;1;1;1;1;1;2;1;2;2;1;1;1;1;0;2;1;1;1;1;1;1;1;1;1;1;1;1;1;0;2;1;1;1;1;1;2;2;2;1;1;1;1;2;1;1;1;1;2;1;1;1;1;2;2;1;1;2;1;4;1;1;1;1;1;1;1;2;1;1;1;2;1;1;1;1;2;1;1;2;1;1;1;0;1;1;1;1;1;1;1;1;2;1;1;2;1;1;1;2;2;1;1;1;1;1;1;1;2;1;1;1;2;1;3;5;4;1;1;1;4;2;1;2;1;1;2;1;2;2;1;1;2;1;1;4;1;1;2;1;1;1;2;2;2;1;2;1;1;1;1;1;1;5;2;1;2;1;1;1;1;1;1;0,190679478241;0,170689536679;0,370538642778;0,20104283197;0,260659735802;4,3860434917;0;0;0;0
1;4;4;4;4;1;1;4;4;1;4;1;3;4;4;4;4;4;4;4;4;4;4;4;4;4;4;1;4;4;4;4;4;4;4;4;4;4;4;4;4;4;4;4;1;4;1;4;0;4;4;4;4;4;4;4;4;1;4;1;1;4;4;4;4;4;1;4;4;4;4;4;4;4;4;4;4;4;4;4;4;1;4;4;4;4;4;0;1;1;4;4;4;4;1;4;4;4;4;1;4;4;4;4;1;1;4;4;1;4;4;4;4;4;4;4;4;4;1;4;4;4;1;4;4;4;4;0;4;4;1;4;4;4;2;4;4;4;4;4;4;4;4;1;4;4;1;4;4;4;1;0;4;4;4;4;4;4;4;1;4;4;4;1;4;3;2;4;4;4;4;4;1;4;1;4;4;1;4;1;1;4;4;1;4;4;4;4;4;1;4;4;4;1;1;1;4;1;4;4;4;4;4;4;2;1;4;1;4;4;4;4;4;4;0,197622470872;0,177350654747;0,435058254242;0,201399789731;0,275338309429;4,68174194072;0;0;0;0
1;4;4;4;4;1;1;4;4;1;4;1;3;4;4;4;4;4;4;4;4;4;4;4;4;4;4;1;4;4;4;4;4;4;4;4;4;4;4;4;4;4;4;4;1;4;1;4;0;4;4;4;4;4;4;4;4;1;4;1;1;4;4;4;4;4;1;4;4;4;4;4;4;4;4;4;4;4;4;4;4;1;4;4;4;4;4;0;1;1;4;4;4;4;1;4;4;4;4;1;4;4;4;4;1;1;4;4;1;4;4;4;4;4;4;4;4;4;1;4;4;4;1;4;4;4;4;0;4;4;1;4;4;4;2;4;4;4;4;4;4;4;4;1;4;4;1;4;4;4;1;0;4;4;4;4;4;4;4;1;4;4;4;1;4;3;2;4;4;4;4;4;1;4;1;4;4;1;4;1;1;4;4;1;4;4;4;4;4;1;4;4;4;1;1;1;4;1;4;4;4;4;4;4;2;1;4;1;4;4;4;4;4;4;0,197622470872;0,177350654747;0,435058254242;0,201399789731;0,275338309429;4,68174194072;0;0;0;0
1;4;4;4;4;1;1;4;4;1;4;1;3;4;4;4;4;4;4;4;4;4;4;4;4;4;4;1;4;4;4;4;4;4;4;4;4;4;4;4;4;4;4;4;1;4;1;4;0;4;4;4;4;4;4;4;4;1;4;1;1;4;4;4;4;4;1;4;4;4;4;4;4;4;4;4;4;4;4;4;4;1;4;4;4;4;4;0;1;1;4;4;4;4;1;4;4;4;4;1;4;4;4;4;1;1;4;4;1;4;4;4;4;4;4;4;4;4;1;4;4;4;1;4;4;4;4;0;4;4;1;4;4;4;2;4;4;4;4;4;4;4;4;1;4;4;1;4;4;4;1;0;4;4;4;4;4;4;4;1;4;4;4;1;4;3;2;4;4;4;4;4;1;4;1;4;4;1;4;1;1;4;4;1;4;4;4;4;4;1;4;4;4;1;1;1;4;1;4;4;4;4;4;4;2;1;4;1;4;4;4;4;4;4;0,197622470872;0,177350654747;0,435058254242;0,201399789731;0,275338309429;4,68174194072;0;0;0;0
1;4;4;4;4;1;1;4;4;1;4;1;3;4;4;4;4;4;4;4;4;4;4;4;4;4;4;1;4;4;4;4;4;4;4;4;4;4;4;4;4;4;4;4;1;4;1;4;0;4;4;4;4;4;4;4;4;1;4;1;1;4;4;4;4;4;1;4;4;4;4;4;4;4;4;4;4;4;4;4;4;1;4;4;4;4;4;0;1;1;4;4;4;4;1;4;4;4;4;1;4;4;4;4;1;1;4;4;1;4;4;4;4;4;4;4;4;4;1;4;4;4;1;4;4;4;4;0;4;4;1;4;4;4;2;4;4;4;4;4;4;4;4;1;4;4;1;4;4;4;1;0;4;4;4;4;4;4;4;1;4;4;4;1;4;3;2;4;4;4;4;4;1;4;1;4;4;1;4;1;1;4;4;1;4;4;4;4;4;1;4;4;4;1;1;1;4;1;4;4;4;4;4;4;2;1;4;1;4;4;4;4;4;4;0,197622470872;0,177350654747;0,435058254242;0,201399789731;0,275338309429;4,68174194072;0;0;0;0
1;4;1;4;4;1;1;4;4;1;4;1;3;4;4;4;4;4;4;4;4;4;4;4;4;4;4;1;4;4;4;4;4;4;4;4;4;4;4;4;4;4;4;4;1;4;1;4;0;4;4;4;4;4;4;4;4;1;4;1;1;4;4;4;4;4;1;4;4;4;4;4;4;4;4;4;4;4;4;4;4;1;4;4;4;4;4;0;1;1;4;4;4;4;1;4;4;4;4;1;4;4;4;4;1;1;4;4;1;4;4;4;4;4;4;4;4;4;1;4;4;4;1;4;4;4;4;0;4;4;1;4;4;4;4;4;1;4;4;4;4;4;4;1;4;4;1;4;4;4;1;1;4;4;4;4;4;4;4;1;4;4;4;1;4;3;2;4;4;4;4;4;0;4;1;1;4;1;4;1;1;4;4;1;4;4;4;4;4;1;4;4;4;1;1;1;4;0;4;4;4;4;4;4;2;1;4;1;4;4;4;4;4;4;0,191245528602;0,176394500145;0,426108500779;0,200054565277;0,272277160712;4,79129226371;0;0;0;0
1;4;1;4;4;1;1;4;4;1;4;1;3;4;4;4;4;4;4;4;4;4;4;4;4;4;4;1;4;4;4;4;4;4;4;4;4;4;4;4;4;4;4;4;1;4;1;4;0;4;4;4;4;4;4;4;4;1;4;1;1;4;4;4;4;4;1;4;4;4;4;4;4;4;4;4;4;4;4;4;4;1;4;4;4;4;4;0;1;1;4;4;4;4;1;4;4;4;4;1;4;4;4;4;1;1;4;4;1;4;4;4;4;4;4;4;4;4;1;4;4;4;1;4;4;4;4;0;4;4;1;4;4;4;4;4;1;4;4;4;4;4;4;1;4;4;1;4;4;4;1;1;4;4;4;4;4;4;4;1;4;4;4;1;4;3;2;4;4;4;4;4;0;4;1;1;4;1;4;1;1;4;4;1;4;4;4;4;4;1;4;4;4;1;1;1;4;0;4;4;4;4;4;4;2;1;4;1;4;4;4;4;4;4;0,191245528602;0,176394500145;0,426108500779;0,200054565277;0,272277160712;4,79129226371;0;0;0;0
1;4;1;4;4;1;1;4;4;1;4;1;3;4;4;4;4;4;4;4;4;4;4;4;4;4;4;1;4;4;4;4;4;4;4;4;4;4;4;4;4;4;4;4;1;4;1;4;0;4;4;4;4;4;4;4;4;1;4;1;1;4;4;4;4;4;1;4;4;4;4;4;4;4;4;4;4;4;4;4;4;1;4;4;4;4;4;0;1;1;4;4;4;4;1;4;4;4;4;1;4;4;4;4;1;1;4;4;1;4;4;4;4;4;4;4;4;4;1;4;4;4;1;4;4;4;4;0;4;4;1;4;4;4;4;4;1;4;4;4;4;4;4;1;4;4;1;4;4;4;1;1;4;4;4;4;4;4;4;1;4;4;4;1;4;3;2;4;4;4;4;4;0;4;1;1;4;1;4;1;1;4;4;1;4;4;4;4;4;1;4;4;4;1;1;1;4;0;4;4;4;4;4;4;2;1;4;1;4;4;4;4;4;4;0,191245528602;0,176394500145;0,426108500779;0,200054565277;0,272277160712;4,79129226371;0;0;0;0
1;5;1;5;5;1;1;5;5;1;5;1;3;5;5;5;5;5;5;5;5;5;5;5;5;5;5;1;5;5;5;5;5;5;5;5;5;5;5;5;5;5;5;5;1;5;1;5;0;5;5;5;5;5;5;5;5;1;5;1;1;5;5;5;5;5;1;5;5;5;5;5;5;5;5;5;5;5;5;5;5;1;5;5;5;5;5;4;1;1;5;5;5;5;4;5;5;5;5;1;5;5;5;5;1;1;5;5;1;5;5;5;5;5;5;5;5;5;1;5;5;5;1;5;5;5;5;0;5;5;1;5;5;5;2;5;5;5;5;5;5;5;5;1;5;5;1;5;5;5;1;0;5;5;5;5;5;5;5;1;5;5;5;1;5;3;2;5;5;5;5;5;4;5;1;5;5;4;5;1;1;5;5;1;5;5;5;5;5;1;5;5;5;1;1;1;5;0;5;5;5;5;5;5;1;1;5;1;5;5;5;5;5;5;0,200969252521;0,19753618753;0,453228011339;0,226430509072;0,301988855436;5,24464269972;0;0;0;0
1;5;1;5;5;1;1;5;5;1;5;1;3;5;5;5;5;5;5;5;5;5;5;5;5;5;5;1;5;5;5;5;5;5;5;5;5;5;5;5;5;5;5;5;1;5;1;5;0;5;5;5;5;5;5;5;5;1;5;1;1;5;5;5;5;5;1;5;5;5;5;5;5;5;5;5;5;5;5;5;5;1;5;5;5;5;5;4;1;1;5;5;5;5;4;5;5;5;5;1;5;5;5;5;1;1;5;5;1;5;5;5;5;5;5;5;5;5;1;5;5;5;1;5;5;5;5;0;5;5;1;5;5;5;2;5;5;5;5;5;5;5;5;1;5;5;1;5;5;5;1;0;5;5;5;5;5;5;5;1;5;5;5;1;5;3;2;5;5;5;5;5;4;5;1;5;5;4;5;1;1;5;5;1;5;5;5;5;5;1;5;5;5;1;1;1;5;0;5;5;5;5;5;5;1;1;5;1;5;5;5;5;5;5;0,200969252521;0,19753618753;0,453228011339;0,226430509072;0,301988855436;5,24464269972;0;0;0;0
1;5;1;5;5;1;1;5;5;1;5;1;3;5;5;5;5;5;5;5;5;5;5;5;5;5;5;1;5;5;5;5;5;5;5;5;5;5;5;5;5;5;5;5;1;5;1;5;0;5;5;5;5;5;5;5;5;1;5;1;1;5;5;5;5;5;1;5;5;5;5;5;5;5;5;5;5;5;5;5;5;1;5;5;5;5;5;4;1;1;5;5;5;5;4;5;5;5;5;1;5;5;5;5;1;1;5;5;1;5;5;5;5;5;5;5;5;5;1;5;5;5;1;5;5;5;5;0;5;5;1;5;5;5;2;5;5;5;5;5;5;5;5;1;5;5;1;5;5;5;1;0;5;5;5;5;5;5;5;1;5;5;5;1;5;3;2;5;5;5;5;5;4;5;1;5;5;4;5;1;1;5;5;1;5;5;5;5;5;1;5;5;5;1;1;1;5;0;5;5;5;5;5;5;1;1;5;1;5;5;5;5;5;5;0,200969252521;0,19753618753;0,453228011339;0,226430509072;0,301988855436;5,24464269972;0;0;0;0
1;5;1;5;5;1;1;5;5;1;5;1;3;5;5;5;5;5;5;5;5;5;5;5;5;5;5;1;5;5;5;5;5;5;5;5;5;5;5;5;5;5;5;5;1;5;1;5;0;5;5;5;5;5;5;5;5;1;5;1;1;5;5;5;5;5;1;5;5;5;5;5;5;5;5;5;5;5;5;5;5;1;5;5;5;5;5;4;1;1;5;5;5;5;4;5;5;5;5;1;5;5;5;5;1;1;5;5;1;5;5;5;5;5;5;5;5;5;1;5;5;5;1;5;5;5;5;0;5;5;1;5;5;5;2;5;5;5;5;5;5;5;5;1;5;5;1;5;5;5;1;0;5;5;5;5;5;5;5;1;5;5;5;1;5;3;2;5;5;5;5;5;4;5;1;5;5;4;5;1;1;5;5;1;5;5;5;5;5;1;5;5;5;1;1;1;5;0;5;5;5;5;5;5;1;1;5;1;5;5;5;5;5;5;0,200969252521;0,19753618753;0,453228011339;0,226430509072;0,301988855436;5,24464269972;0;0;0;0
1;5;1;5;5;1;1;5;5;1;5;1;3;5;5;5;5;5;5;5;5;5;5;5;5;5;5;1;5;5;5;5;5;5;5;5;5;5;5;5;5;5;5;5;1;5;1;5;0;5;5;5;5;5;5;5;5;1;5;1;1;5;5;5;5;5;1;5;5;5;5;5;5;5;5;5;5;5;5;5;5;1;5;5;5;5;5;0;1;1;5;5;5;5;4;5;5;5;5;1;5;5;5;5;1;1;5;5;1;5;5;5;5;5;5;5;5;5;1;5;5;5;1;5;5;5;5;0;5;5;1;5;5;5;2;5;5;5;5;5;5;5;5;1;5;5;1;5;5;5;1;0;5;5;5;5;5;5;5;1;5;5;5;1;5;3;2;5;5;5;5;5;4;5;1;5;5;4;5;1;1;5;5;1;5;5;5;5;5;1;5;5;5;1;1;1;5;0;5;5;5;5;5;5;1;1;5;1;5;5;5;5;5;5;0,200603676521;0,194087685387;0,447011041136;0,222974700669;0,297535147015;5,30985127476;0;0;0;0
1;5;1;5;5;1;1;5;5;1;5;1;3;5;5;5;5;5;5;5;5;5;5;5;5;5;5;1;5;5;5;5;5;5;5;5;5;5;5;5;5;5;5;5;1;5;1;5;0;5;5;5;5;5;5;5;5;1;5;1;1;5;5;5;5;5;1;5;5;5;5;5;5;5;5;5;5;5;5;5;5;1;5;5;5;5;5;0;1;1;5;5;5;5;4;5;5;5;5;1;5;5;5;5;1;1;5;5;1;5;5;5;5;5;5;5;5;5;1;5;5;5;1;5;5;5;5;0;5;5;1;5;5;5;2;5;5;5;5;5;5;5;5;1;5;5;1;5;5;5;1;0;5;5;5;5;5;5;5;1;5;5;5;1;5;3;2;5;5;5;5;5;4;5;1;5;5;4;5;1;1;5;5;1;5;5;5;5;5;1;5;5;5;1;1;1;5;0;5;5;5;5;5;5;1;1;5;1;5;5;5;5;5;5;0,200603676521;0,194087685387;0,447011041136;0,222974700669;0,297535147015;5,30985127476;0;0;0;0
1;5;1;5;5;1;1;5;5;1;5;1;3;5;5;5;5;5;5;5;5;5;5;5;5;5;5;1;5;5;5;5;5;5;5;5;5;5;5;5;5;5;5;5;1;5;1;5;0;5;5;5;5;5;5;5;5;1;5;1;1;5;5;5;5;5;1;5;5;5;5;5;5;5;5;5;5;5;5;5;5;1;5;5;5;5;5;0;1;1;5;5;5;5;1;5;5;5;5;1;5;5;5;5;1;1;5;5;1;5;5;5;5;5;5;5;5;5;1;5;5;5;1;5;5;5;5;0;5;5;1;5;5;5;2;5;5;5;5;5;5;5;5;1;5;5;1;5;5;5;1;0;5;5;5;5;5;5;5;1;5;5;5;1;5;3;2;5;5;5;5;5;4;5;1;5;5;4;5;1;1;5;5;1;5;5;5;5;5;1;5;5;5;1;1;1;5;0;5;5;5;5;5;5;1;1;5;1;5;5;5;5;5;5;0,199275808825;0,188446429029;0,44236001603;0,216863847315;0,291044970636;5,34209150177;0;0;0;0
1;5;1;5;5;1;1;5;5;1;5;1;3;5;5;5;5;5;5;5;5;5;5;5;5;5;5;1;5;5;5;5;5;5;5;5;5;5;5;5;5;5;5;5;1;5;1;5;0;5;5;5;5;5;5;5;5;1;5;1;1;5;5;5;5;5;1;5;5;5;5;5;5;5;5;5;5;5;5;5;5;1;5;5;5;5;5;0;1;1;5;5;5;5;1;5;5;5;5;1;5;5;5;5;1;1;5;5;1;5;5;5;5;5;5;5;5;5;1;5;5;5;1;5;5;5;5;0;5;5;1;5;5;5;2;5;5;5;5;5;5;5;5;1;5;5;1;5;5;5;1;0;5;5;5;5;5;5;5;1;5;5;5;1;5;3;2;5;5;5;5;5;4;5;1;5;5;4;5;1;1;5;5;1;5;5;5;5;5;1;5;5;5;1;1;1;5;0;5;5;5;5;5;5;1;1;5;1;5;5;5;5;5;5;0,199275808825;0,188446429029;0,44236001603;0,216863847315;0,291044970636;5,34209150177;0;0;0;0
1;5;1;5;5;1;1;5;5;1;5;1;3;5;5;5;5;5;5;5;5;5;5;5;5;5;5;1;5;5;5;5;5;5;5;5;5;5;5;5;5;5;5;5;1;5;1;5;0;5;5;5;5;5;5;5;5;1;5;1;1;5;5;5;5;5;1;5;5;5;5;5;5;5;5;5;5;5;5;5;5;1;5;5;5;5;5;0;1;1;5;5;5;5;1;5;5;5;5;1;5;5;5;5;1;1;5;5;1;5;5;5;5;5;5;5;5;5;1;5;5;5;1;5;5;5;5;0;5;5;1;5;5;5;2;5;5;5;5;5;5;5;5;1;5;5;1;5;5;5;1;0;5;5;5;5;5;5;5;1;5;5;5;1;5;3;2;5;5;5;5;5;4;5;1;5;5;4;5;1;1;5;5;1;5;5;5;5;5;1;5;5;5;1;1;1;5;0;5;5;5;5;5;5;1;1;5;1;5;5;5;5;5;5;0,199275808825;0,188446429029;0,44236001603;0,216863847315;0,291044970636;5,34209150177;0;0;0;0
1;5;1;5;5;1;1;5;5;1;5;1;3;5;5;5;5;5;5;5;5;5;5;5;5;5;5;1;5;5;5;5;5;5;5;5;5;5;5;5;5;5;5;5;1;5;1;5;0;5;5;5;5;5;5;5;5;1;5;1;1;5;5;5;5;5;1;5;5;5;5;5;5;5;5;5;5;5;5;5;5;1;5;5;5;5;5;0;1;1;5;5;5;5;1;5;5;5;5;1;5;5;5;5;1;1;5;5;1;5;5;5;5;5;5;5;5;5;1;5;5;5;1;5;5;5;5;0;5;5;1;5;5;5;2;5;5;5;5;5;5;5;5;1;5;5;1;5;5;5;1;0;5;5;5;5;5;5;5;1;5;5;5;1;5;3;2;5;5;5;5;5;4;5;1;5;5;4;5;1;1;5;5;1;5;5;5;5;5;1;5;5;5;1;1;1;5;0;5;5;5;5;5;5;1;1;5;1;5;5;5;5;5;5;0,199275808825;0,188446429029;0,44236001603;0,216863847315;0,291044970636;5,34209150177;0;0;0;0
1;5;1;5;5;1;1;5;5;1;5;1;3;5;5;5;5;5;5;5;5;5;5;5;5;5;5;1;5;5;5;5;5;5;5;5;5;5;5;5;5;5;5;5;1;5;1;5;0;5;5;5;5;5;5;5;5;1;5;1;1;5;5;5;5;5;1;5;5;5;5;5;5;5;5;5;5;5;5;5;5;1;5;5;5;5;5;0;1;1;5;5;5;5;1;5;5;5;5;1;5;5;5;5;1;1;5;5;1;5;5;5;5;5;5;5;5;5;1;5;5;5;1;5;5;5;5;0;5;5;1;5;5;5;2;5;5;5;5;5;5;5;5;1;5;5;1;5;5;5;1;0;5;5;5;5;5;5;5;1;5;5;5;1;5;3;2;5;5;5;5;5;4;5;1;5;5;4;5;1;1;5;5;1;5;5;5;5;5;1;5;5;5;1;1;1;5;0;5;5;5;5;5;5;1;1;5;1;5;5;5;5;5;5;0,199275808825;0,188446429029;0,44236001603;0,216863847315;0,291044970636;5,34209150177;0;0;0;0
1;5;1;5;5;1;1;5;5;1;5;1;3;5;5;5;5;5;5;5;5;5;5;5;5;5;5;1;5;5;5;5;5;5;5;5;5;5;5;5;5;5;5;5;1;5;1;5;0;5;5;5;5;5;5;5;5;1;5;1;1;5;5;5;5;5;1;5;5;5;5;5;5;5;5;5;5;5;5;5;5;1;5;5;5;5;5;0;1;1;5;5;5;5;1;5;5;5;5;1;5;5;5;5;1;1;5;5;1;5;5;5;5;5;5;5;5;5;1;5;5;5;1;5;5;5;5;0;5;5;1;5;5;5;2;5;5;5;5;5;5;5;5;1;5;5;1;5;5;5;1;0;5;5;5;5;5;5;5;1;5;5;5;1;5;3;2;5;5;5;5;5;4;5;1;5;5;4;5;1;1;5;5;1;5;5;5;5;5;1;5;5;5;1;1;1;5;0;5;5;5;5;5;5;1;1;5;1;5;5;5;5;5;5;0,199275808825;0,188446429029;0,44236001603;0,216863847315;0,291044970636;5,34209150177;0;0;0;0
1;5;1;5;5;1;1;5;5;1;5;1;3;5;5;5;5;5;5;5;5;5;5;5;5;5;5;1;5;5;5;5;5;5;5;5;5;5;5;5;5;5;5;5;1;5;1;5;0;5;5;5;5;5;5;5;5;1;5;1;1;5;5;5;5;5;1;5;5;5;5;5;5;5;5;5;5;5;5;5;5;1;5;5;5;5;5;0;1;1;5;5;5;5;1;5;5;5;5;1;5;5;5;5;1;1;5;5;1;5;5;5;5;5;5;5;5;5;1;5;5;5;1;5;5;5;5;0;5;5;1;5;5;5;2;5;5;5;5;5;5;5;5;1;5;5;1;5;5;5;1;0;5;5;5;5;5;5;5;1;5;5;5;1;5;3;2;5;5;5;5;5;4;5;1;5;5;4;5;1;1;5;5;1;5;5;5;5;5;1;5;5;5;1;1;1;5;0;5;5;5;5;5;5;1;1;5;1;5;5;5;5;5;5;0,199275808825;0,188446429029;0,44236001603;0,216863847315;0,291044970636;5,34209150177;0;0;0;0
1;5;1;5;5;1;1;5;5;1;5;1;3;5;5;5;5;5;5;5;5;5;5;5;5;5;5;1;5;5;5;5;5;5;5;5;5;5;5;5;5;5;5;5;1;5;1;5;0;5;5;5;5;5;5;5;5;1;5;1;1;5;5;5;5;5;1;5;5;5;5;5;5;5;5;5;5;5;5;5;5;1;5;5;5;5;5;0;1;1;5;5;5;5;1;5;5;5;5;1;5;5;5;5;1;1;5;5;1;5;5;5;5;5;5;5;5;5;1;5;5;5;1;5;5;5;5;0;5;5;1;5;5;5;2;5;5;5;5;5;5;5;5;1;5;5;1;5;5;5;1;0;5;5;5;5;5;5;5;1;5;5;5;1;5;3;2;5;5;5;5;5;4;5;1;5;5;4;5;1;1;5;5;1;5;5;5;5;5;1;5;5;5;1;1;1;5;0;5;5;5;5;5;5;1;1;5;1;5;5;5;5;5;5;0,199275808825;0,188446429029;0,44236001603;0,216863847315;0,291044970636;5,34209150177;0;0;0;0
1;5;1;5;5;1;1;5;5;1;5;1;3;5;5;5;5;5;5;5;5;5;5;5;5;5;5;1;5;5;5;5;5;5;5;5;5;5;5;5;5;5;5;5;1;5;1;5;0;5;5;5;5;5;5;5;5;1;5;1;1;5;5;5;5;5;1;5;5;5;5;5;5;5;5;5;5;5;5;5;5;1;5;5;5;5;5;0;1;1;5;5;5;5;1;5;5;5;5;1;5;5;5;5;1;1;5;5;1;5;5;5;5;5;5;5;5;5;1;5;5;5;1;5;5;5;5;0;5;5;1;5;5;5;2;5;5;5;5;5;5;5;5;1;5;5;1;5;5;5;1;0;5;5;5;5;5;5;5;1;5;5;5;1;5;3;2;5;5;5;5;5;4;5;1;5;5;4;5;1;1;5;5;1;5;5;5;5;5;1;5;5;5;1;1;1;5;0;5;5;5;5;5;5;1;1;5;1;5;5;5;5;5;5;0,199275808825;0,188446429029;0,44236001603;0,216863847315;0,291044970636;5,34209150177;0;0;0;0
1;5;1;5;5;1;1;5;5;1;5;1;3;5;5;5;5;5;5;5;5;5;5;5;5;5;5;1;5;5;5;5;5;5;5;5;5;5;5;5;5;5;5;5;1;5;1;5;0;5;5;5;5;5;5;5;5;1;5;1;1;5;5;5;5;5;1;5;5;5;5;5;5;5;5;5;5;5;5;5;5;1;5;5;5;5;5;0;1;1;5;5;5;5;1;5;5;5;5;1;5;5;5;5;1;1;5;5;1;5;5;5;5;5;5;5;5;5;1;5;5;5;1;5;5;5;5;0;5;5;1;5;5;5;2;5;5;5;5;5;5;5;5;1;5;5;1;5;5;5;1;0;5;5;5;5;5;5;5;1;5;5;5;1;5;3;2;5;5;5;5;5;4;5;1;5;5;4;5;1;1;5;5;1;5;5;5;5;5;1;5;5;5;1;1;1;5;0;5;5;5;5;5;5;1;1;5;1;5;5;5;5;5;5;0,199275808825;0,188446429029;0,44236001603;0,216863847315;0,291044970636;5,34209150177;0;0;0;0
1;5;1;5;5;1;1;5;5;1;5;1;3;5;5;5;5;5;5;5;5;5;5;5;5;5;5;1;5;5;5;5;5;5;5;5;5;5;5;5;5;5;5;5;1;5;1;5;0;5;5;5;5;5;5;5;5;1;5;1;1;5;5;5;5;5;1;5;5;5;5;5;5;5;5;5;5;5;5;5;5;1;5;5;5;5;5;0;1;1;5;5;5;5;1;5;5;5;5;1;5;5;5;5;1;1;5;5;1;5;5;5;5;5;5;5;5;5;1;5;5;5;1;5;5;5;5;0;5;5;1;5;5;5;2;5;5;5;5;5;5;5;5;1;5;5;1;5;5;5;1;0;5;5;5;5;5;5;5;1;5;5;5;1;5;3;2;5;5;5;5;5;4;5;1;5;5;4;5;1;1;5;5;1;5;5;5;5;5;1;5;5;5;1;1;1;5;0;5;5;5;5;5;5;1;1;5;1;5;5;5;5;5;5;0,199275808825;0,188446429029;0,44236001603;0,216863847315;0,291044970636;5,34209150177;0;0;0;0
