10;40;30;db;Minkowski_2;4;1
1;1;1;1;1;1;1;1;1;1;1;2;1;1;1;1;1;1;1;1;1;2;1;1;1;1;1;1;1;2;1;1;1;1;1;0;1;1;1;1;2;1;1;1;1;1;1;1;1;1;1;1;1;1;1;1;1;2;1;1;1;1;2;1;1;1;1;1;1;1;1;1;1;1;1;1;1;1;1;1;2;0;1;1;1;1;0;1;1;1;1;1;1;1;1;1;1;1;1;1;1;1;1;1;1;1;1;1;1;1;1;1;1;1;1;1;1;1;1;1;1;1;2;1;1;1;1;1;1;1;1;0;1;1;1;1;1;1;1;1;1;1;2;2;1;1;1;1;1;1;1;1;2;1;1;1;1;1;1;1;1;1;1;1;1;1;1;1;1;1;1;2;1;1;1;1;1;1;0,0591705886494;0,0874275089349;0,303112727126;0,0984731965416;0,148653014926;2,30032795763;0;0;0;0
1;1;1;1;1;1;1;1;1;1;1;2;1;1;1;1;1;1;1;1;1;2;1;1;1;1;1;1;1;2;1;1;1;1;1;0;1;1;1;1;2;1;1;1;1;1;1;1;1;1;1;1;1;1;1;1;1;2;1;1;1;1;2;1;1;1;1;1;1;1;1;1;1;1;1;1;1;1;1;1;2;0;1;1;1;1;0;1;1;1;1;1;1;1;1;1;1;1;1;1;1;1;1;1;1;1;1;1;1;1;1;1;1;1;1;1;1;1;1;1;1;1;2;1;1;1;1;1;1;1;1;0;1;1;1;1;1;1;1;1;1;1;2;2;1;1;1;1;1;1;1;1;2;1;1;1;1;1;1;1;1;1;1;1;1;1;1;1;1;1;1;2;1;1;1;1;1;1;0,0591705886494;0,0874275089349;0,303112727126;0,0984731965416;0,148653014926;2,30032795763;0;0;0;0
1;1;1;1;1;1;1;1;1;1;1;2;1;1;1;1;1;1;1;1;1;2;1;1;1;1;1;1;1;2;1;1;1;1;1;0;1;1;1;1;2;1;1;1;1;1;1;1;1;1;1;1;1;1;1;1;1;2;1;1;1;1;2;1;1;1;1;1;1;1;1;1;1;1;1;1;1;1;1;1;2;0;1;1;1;1;0;1;1;1;1;1;1;1;1;1;1;1;1;1;1;1;1;1;1;1;1;1;1;1;1;1;1;1;1;1;1;1;1;1;1;1;2;1;1;1;1;1;1;1;1;0;1;1;1;1;1;1;1;1;1;1;2;2;1;1;1;1;1;1;1;1;2;1;1;1;1;1;1;1;1;1;1;1;1;1;1;1;1;1;1;2;1;1;1;1;1;1;0,0591705886494;0,0874275089349;0,303112727126;0,0984731965416;0,148653014926;2,30032795763;0;0;0;0
1;1;1;1;1;1;1;1;1;1;1;2;1;1;1;1;1;1;1;1;1;2;1;1;1;1;1;1;1;2;1;1;1;1;1;0;1;1;1;1;2;1;1;1;1;1;1;1;1;1;1;1;1;1;1;1;1;2;1;1;1;1;2;1;1;1;1;1;1;1;1;1;1;1;1;1;1;1;1;1;2;0;1;1;1;1;0;1;1;1;1;1;1;1;1;1;1;1;1;1;1;1;1;1;1;1;1;1;1;1;1;1;1;1;1;1;1;1;1;1;1;1;2;1;1;1;1;1;1;1;1;0;1;1;1;1;1;1;1;1;1;1;2;2;1;1;1;1;1;1;1;1;2;1;1;1;1;1;1;1;1;1;1;1;1;1;1;1;1;1;1;2;1;1;1;1;1;1;0,0591705886494;0,0874275089349;0,303112727126;0,0984731965416;0,148653014926;2,30032795763;0;0;0;0
1;1;1;1;1;1;1;1;1;1;1;2;1;1;1;1;1;1;1;1;1;2;1;1;1;1;1;1;1;2;1;1;1;1;1;0;1;1;1;1;2;1;1;1;1;1;1;1;1;1;1;1;1;1;1;1;1;2;1;1;1;1;2;1;1;1;1;1;1;1;1;1;1;1;1;1;1;1;1;1;2;0;1;1;1;1;0;1;1;1;1;1;1;1;1;1;1;1;1;1;1;1;1;1;1;1;1;1;1;1;1;1;1;1;1;1;1;1;1;1;1;1;2;1;1;1;1;1;1;1;1;0;1;1;1;1;1;1;1;1;1;1;2;2;1;1;1;1;1;1;1;1;2;1;1;1;1;1;1;1;1;1;1;1;1;1;1;1;1;1;1;2;1;1;1;1;1;1;0,0591705886494;0,0874275089349;0,303112727126;0,0984731965416;0,148653014926;2,30032795763;0;0;0;0
1;1;1;1;1;1;1;1;1;1;1;2;1;1;1;1;1;1;1;1;1;2;1;1;1;1;1;1;1;2;1;1;1;1;1;0;1;1;1;1;2;1;1;1;1;1;1;1;1;1;1;1;1;1;1;1;1;2;1;1;1;1;2;1;1;1;1;1;1;1;1;1;1;1;1;1;1;1;1;1;2;0;1;1;1;1;0;1;1;1;1;1;1;1;1;1;1;1;1;1;1;1;1;1;1;1;1;1;1;1;1;1;1;1;1;1;1;1;1;1;1;1;2;1;1;1;1;1;1;1;1;0;1;1;1;1;1;1;1;1;1;1;2;2;1;1;1;1;1;1;1;1;2;1;1;1;1;1;1;1;1;1;1;1;1;1;1;1;1;1;1;2;1;1;1;1;1;1;0,0591705886494;0,0874275089349;0,303112727126;0,0984731965416;0,148653014926;2,30032795763;0;0;0;0
1;1;1;1;1;1;1;1;1;1;1;2;1;1;1;1;1;1;1;1;1;2;1;1;1;1;1;1;1;2;1;1;1;1;1;0;1;1;1;1;2;1;1;1;1;1;1;1;1;1;1;1;1;1;1;1;1;2;1;1;1;1;2;1;1;1;1;1;1;1;1;1;1;1;1;1;1;1;1;1;2;0;1;1;1;1;0;1;1;1;1;1;1;1;1;1;1;1;1;1;1;1;1;1;1;1;1;1;1;1;1;1;1;1;1;1;1;1;1;1;1;1;2;1;1;1;1;1;1;1;1;0;1;1;1;1;1;1;1;1;1;1;2;2;1;1;1;1;1;1;1;1;2;1;1;1;1;1;1;1;1;1;1;1;1;1;1;1;1;1;1;2;1;1;1;1;1;1;0,0591705886494;0,0874275089349;0,303112727126;0,0984731965416;0,148653014926;2,30032795763;0;0;0;0
1;1;1;1;1;1;1;1;1;1;1;2;1;1;1;1;1;1;1;1;1;2;1;1;1;1;1;1;1;2;1;1;1;1;1;0;1;1;1;1;2;1;1;1;1;1;1;1;1;1;1;1;1;1;1;1;1;2;1;1;1;1;2;1;1;1;1;1;1;1;1;1;1;1;1;1;1;1;1;1;2;0;1;1;1;1;0;1;1;1;1;1;1;1;1;1;1;1;1;1;1;1;1;1;1;1;1;1;1;1;1;1;1;1;1;1;1;1;1;1;1;1;2;1;1;1;1;1;1;1;1;0;1;1;1;1;1;1;1;1;1;1;2;2;1;1;1;1;1;1;1;1;2;1;1;1;1;1;1;1;1;1;1;1;1;1;1;1;1;1;1;2;1;1;1;1;1;1;0,0591705886494;0,0874275089349;0,303112727126;0,0984731965416;0,148653014926;2,30032795763;0;0;0;0
1;1;1;1;1;1;1;1;1;1;1;2;1;1;1;1;1;1;1;1;1;2;1;1;1;1;1;1;1;2;1;1;1;1;1;0;1;1;1;1;2;1;1;1;1;1;1;1;1;1;1;1;1;1;1;1;1;2;1;1;1;1;2;1;1;1;1;1;1;1;1;1;1;1;1;1;1;1;1;1;2;0;1;1;1;1;0;1;1;1;1;1;1;1;1;1;1;1;1;1;1;1;1;1;1;1;1;1;1;1;1;1;1;1;1;1;1;1;1;1;1;1;2;1;1;1;1;1;1;1;1;0;1;1;1;1;1;1;1;1;1;1;2;2;1;1;1;1;1;1;1;1;2;1;1;1;1;1;1;1;1;1;1;1;1;1;1;1;1;1;1;2;1;1;1;1;1;1;0,0591705886494;0,0874275089349;0,303112727126;0,0984731965416;0,148653014926;2,30032795763;0;0;0;0
1;1;1;1;1;1;1;1;1;1;1;2;1;1;1;1;1;1;1;1;1;2;1;1;1;1;1;1;1;2;1;1;1;1;1;0;1;1;1;1;2;1;1;1;1;1;1;1;1;1;1;1;1;1;1;1;1;2;1;1;1;1;2;1;1;1;1;1;1;1;1;1;1;1;1;1;1;1;1;1;2;0;1;1;1;1;0;1;1;1;1;1;1;1;1;1;1;1;1;1;1;1;1;1;1;1;1;1;1;1;1;1;1;1;1;1;1;1;1;1;1;1;2;1;1;1;1;1;1;1;1;0;1;1;1;1;1;1;1;1;1;1;2;2;1;1;1;1;1;1;1;1;2;1;1;1;1;1;1;1;1;1;1;1;1;1;1;1;1;1;1;2;1;1;1;1;1;1;0,0591705886494;0,0874275089349;0,303112727126;0,0984731965416;0,148653014926;2,30032795763;0;0;0;0
1;1;1;1;1;1;1;1;1;1;1;2;1;1;1;1;1;1;1;1;1;2;1;1;1;1;1;1;1;2;1;1;1;1;1;0;1;1;1;1;2;1;1;1;1;1;1;1;1;1;1;1;1;1;1;1;1;2;1;1;1;1;2;1;1;1;1;1;1;1;1;1;1;1;1;1;1;1;1;1;2;0;1;1;1;1;0;1;1;1;1;1;1;1;1;1;1;1;1;1;1;1;1;1;1;1;1;1;1;1;1;1;1;1;1;1;1;1;1;1;1;1;2;1;1;1;1;1;1;1;1;0;1;1;1;1;1;1;1;1;1;1;2;2;1;1;1;1;1;1;1;1;2;1;1;1;1;1;1;1;1;1;1;1;1;1;1;1;1;1;1;2;1;1;1;1;1;1;0,0591705886494;0,0874275089349;0,303112727126;0,0984731965416;0,148653014926;2,30032795763;0;0;0;0
1;1;1;1;1;2;1;1;1;1;1;2;1;1;1;1;1;1;1;1;1;2;1;1;1;1;1;2;1;2;1;1;1;1;1;0;1;1;1;1;2;1;1;1;1;1;1;1;1;1;1;1;1;2;1;1;1;2;1;1;1;1;2;1;1;1;1;1;1;1;1;1;1;1;1;2;1;1;1;1;2;0;1;1;1;1;0;1;1;1;1;1;1;1;1;1;1;1;1;1;1;1;2;1;1;1;1;1;1;1;1;1;1;1;1;1;1;1;1;1;1;1;2;1;1;1;1;1;1;1;1;2;1;1;1;1;1;1;1;1;1;1;2;2;1;1;1;1;1;1;1;1;2;1;1;1;1;1;1;1;1;1;1;2;1;1;1;1;1;2;1;2;1;1;1;1;1;1;0,113705801493;0,146439453663;0,391307912355;0,156705665411;0,223790684297;2,35278369821;0;0;0;0
1;1;1;1;1;2;1;1;1;1;1;2;1;1;1;1;1;1;1;1;1;2;1;1;1;1;1;2;1;2;1;1;1;1;1;0;1;1;1;1;2;1;1;1;1;1;1;1;1;1;1;1;1;2;1;1;1;2;1;1;1;1;2;1;1;1;1;1;1;1;1;1;1;1;1;2;1;1;1;1;2;0;1;1;1;1;0;1;1;1;1;1;1;1;1;1;1;1;1;1;1;1;2;1;1;1;1;1;1;1;1;1;1;1;1;1;1;1;1;1;1;1;2;1;1;1;1;1;1;1;1;2;1;1;1;1;1;1;1;1;1;1;2;2;1;1;1;1;1;1;1;1;2;1;1;1;1;1;1;1;1;1;1;2;1;1;1;1;1;2;1;2;1;1;1;1;1;1;0,113705801493;0,146439453663;0,391307912355;0,156705665411;0,223790684297;2,35278369821;0;0;0;0
1;1;1;1;1;2;1;1;1;1;1;2;1;1;1;1;1;1;1;1;1;2;1;1;1;1;1;2;1;2;1;1;1;1;1;0;1;1;1;1;2;1;1;1;1;1;1;1;1;1;1;1;1;2;1;1;1;2;1;1;1;1;2;1;1;1;1;1;1;1;1;1;1;1;1;2;1;1;1;1;2;0;1;1;1;1;0;1;1;1;1;1;1;1;1;1;1;1;1;1;1;1;2;1;1;1;1;1;1;1;1;1;1;1;1;1;1;1;1;1;1;1;2;1;1;1;1;1;1;1;1;2;1;1;1;1;1;1;1;1;1;1;2;2;1;1;1;1;1;1;1;1;2;1;1;1;1;1;1;1;1;1;1;2;1;1;1;1;1;2;1;2;1;1;1;1;1;1;0,113705801493;0,146439453663;0,391307912355;0,156705665411;0,223790684297;2,35278369821;0;0;0;0
1;1;1;1;1;2;1;1;1;1;1;2;1;1;1;1;1;1;1;1;1;2;1;1;1;1;1;2;1;2;1;1;1;1;1;0;1;1;1;1;2;1;1;1;1;1;1;1;1;1;1;1;1;2;1;1;1;2;1;1;1;1;2;1;1;1;1;1;1;1;1;1;1;1;1;2;1;1;1;1;2;0;1;1;1;1;0;1;1;1;1;1;1;1;1;1;1;1;1;1;1;1;2;1;1;1;1;1;1;1;1;1;1;1;1;1;1;1;1;1;1;1;2;1;1;1;1;1;1;1;1;2;1;1;1;1;1;1;1;1;1;1;2;2;1;1;1;1;1;1;1;1;2;1;1;1;1;1;1;1;1;1;1;2;1;1;1;1;1;2;1;2;1;1;1;1;1;1;0,113705801493;0,146439453663;0,391307912355;0,156705665411;0,223790684297;2,35278369821;0;0;0;0
1;1;1;1;1;2;1;1;1;1;1;2;1;1;1;1;1;1;1;1;1;2;1;1;1;1;1;2;1;2;1;1;1;1;1;0;1;1;1;1;2;1;1;1;1;1;1;1;1;1;1;1;1;2;1;1;1;2;1;1;1;1;2;1;1;1;1;1;1;1;1;1;1;1;1;2;1;1;1;1;2;0;1;1;1;1;0;1;1;1;1;1;1;1;1;1;1;1;1;1;1;1;2;1;1;1;1;1;1;1;1;1;1;1;1;1;1;1;1;1;1;1;2;1;1;1;1;1;1;1;1;2;1;1;1;1;1;1;1;1;1;1;2;2;1;1;1;1;1;1;1;1;2;1;1;1;1;1;1;1;1;1;1;2;1;1;1;1;1;2;1;2;1;1;1;1;1;1;0,113705801493;0,146439453663;0,391307912355;0,156705665411;0,223790684297;2,35278369821;0;0;0;0
1;1;1;1;1;2;1;1;1;1;1;2;1;1;1;1;1;1;1;1;1;2;1;1;1;1;1;2;1;2;1;1;1;1;1;0;1;1;1;1;2;1;1;1;1;1;1;1;1;1;1;1;1;2;1;1;1;2;1;1;1;1;2;1;1;1;1;1;1;1;1;1;1;1;1;2;1;1;1;1;2;0;1;1;1;1;0;1;1;1;1;1;1;1;1;1;1;1;1;1;1;1;2;1;1;1;1;1;1;1;1;1;1;1;1;1;1;1;1;1;1;1;2;1;1;1;1;1;1;1;1;2;1;1;1;1;1;1;1;1;1;1;2;2;1;1;1;1;1;1;1;1;2;1;1;1;1;1;1;1;1;1;1;2;1;1;1;1;1;2;1;2;1;1;1;1;1;1;0,113705801493;0,146439453663;0,391307912355;0,156705665411;0,223790684297;2,35278369821;0;0;0;0
1;1;1;1;1;2;1;1;1;1;1;2;1;1;1;1;1;1;1;1;1;2;1;1;1;1;1;2;1;2;1;1;1;1;1;0;1;1;1;1;2;1;1;1;1;1;1;1;1;1;1;1;1;2;1;1;1;2;1;1;1;1;2;1;1;1;1;1;1;1;1;1;1;1;1;2;1;1;1;1;2;0;1;1;1;1;0;1;1;1;1;1;1;1;1;1;1;1;1;1;1;1;2;1;1;1;1;1;1;1;1;1;1;1;1;1;1;1;1;1;1;1;2;1;1;1;1;1;1;1;1;2;1;1;1;1;1;1;1;1;1;1;2;2;1;1;1;1;1;1;1;1;2;1;1;1;1;1;1;1;1;1;1;2;1;1;1;1;1;2;1;2;1;1;1;1;1;1;0,113705801493;0,146439453663;0,391307912355;0,156705665411;0,223790684297;2,35278369821;0;0;0;0
1;1;1;1;1;2;1;1;1;1;1;2;1;1;1;1;1;1;1;1;1;2;1;1;1;1;1;2;1;2;1;1;1;1;1;0;1;1;1;1;2;1;1;1;1;1;1;1;1;1;1;1;1;2;1;1;1;2;1;1;1;1;2;1;1;1;1;1;1;1;1;1;1;1;1;2;1;1;1;1;2;0;1;1;1;1;0;1;1;1;1;1;1;1;1;1;1;1;1;1;1;1;2;1;1;1;1;1;1;1;1;1;1;1;1;1;1;1;1;1;1;1;2;1;1;1;1;1;1;1;1;2;1;1;1;1;1;1;1;1;1;1;2;2;1;1;1;1;1;1;1;1;2;1;1;1;1;1;1;1;1;1;1;2;1;1;1;1;1;2;1;2;1;1;1;1;1;1;0,113705801493;0,146439453663;0,391307912355;0,156705665411;0,223790684297;2,35278369821;0;0;0;0
1;1;1;1;1;2;1;1;1;1;1;2;1;1;1;1;1;1;1;1;1;2;1;1;1;1;1;2;1;2;1;1;1;1;1;0;1;1;1;1;2;1;1;1;1;1;1;1;1;1;1;1;1;2;1;1;1;2;1;1;1;1;2;1;1;1;1;1;1;1;1;1;1;1;1;2;1;1;1;1;2;0;1;1;1;1;0;1;1;1;1;1;1;1;1;1;1;1;1;1;1;1;2;1;1;1;1;1;1;1;1;1;1;1;1;1;1;1;1;1;1;1;2;1;1;1;1;1;1;1;1;2;1;1;1;1;1;1;1;1;1;1;2;2;1;1;1;1;1;1;1;1;2;1;1;1;1;1;1;1;1;1;1;2;1;1;1;1;1;2;1;2;1;1;1;1;1;1;0,113705801493;0,146439453663;0,391307912355;0,156705665411;0,223790684297;2,35278369821;0;0;0;0
1;1;1;1;1;2;1;1;1;1;1;2;1;1;1;1;1;1;1;1;1;2;1;1;1;1;1;2;1;2;1;1;1;1;1;0;1;1;1;1;2;1;1;1;1;1;1;1;1;1;1;1;1;2;1;1;1;2;1;1;1;1;2;1;1;1;1;1;1;1;1;1;1;1;1;2;1;1;1;1;2;0;1;1;1;1;0;1;1;1;1;1;1;1;1;1;1;1;1;1;1;1;2;1;1;1;1;1;1;1;1;1;1;1;1;1;1;1;1;1;1;1;2;1;1;1;1;1;1;1;1;2;1;1;1;1;1;1;1;1;1;1;2;2;1;1;1;1;1;1;1;1;2;1;1;1;1;1;1;1;1;1;1;2;1;1;1;1;1;2;1;2;1;1;1;1;1;1;0,113705801493;0,146439453663;0,391307912355;0,156705665411;0,223790684297;2,35278369821;0;0;0;0
1;1;1;1;1;2;1;1;1;1;1;2;1;1;1;1;1;1;1;1;1;2;1;1;1;1;1;2;1;2;1;1;1;1;1;0;1;1;1;1;2;1;1;1;1;1;1;1;1;1;1;1;1;2;1;1;1;2;1;1;1;1;2;1;1;1;1;1;1;1;1;1;1;1;1;2;1;1;1;1;2;0;1;1;1;1;0;1;1;1;1;1;1;1;1;1;1;1;1;1;1;1;2;1;1;1;1;1;1;1;1;1;1;1;1;1;1;1;1;1;1;1;2;1;1;1;1;1;1;1;1;2;1;1;1;1;1;1;1;1;1;1;2;2;1;1;1;1;1;1;1;1;2;1;1;1;1;1;1;1;1;1;1;2;1;1;1;1;1;2;1;2;1;1;1;1;1;1;0,113705801493;0,146439453663;0,391307912355;0,156705665411;0,223790684297;2,35278369821;0;0;0;0
0;0;0;0;0;0;0;0;0;0;0;0;0;0;0;0;0;0;0;0;0;0;0;0;0;0;0;0;0;0;0;0;0;0;0;0;0;0;0;0;0;0;0;0;0;0;0;0;0;0;0;0;0;2;0;0;0;0;0;0;0;0;0;0;0;0;0;0;0;0;0;0;0;0;0;0;0;0;0;0;0;0;0;0;0;0;0;0;0;0;0;0;0;0;0;0;0;0;0;0;0;0;0;0;0;0;0;0;0;0;0;0;0;0;0;0;0;0;0;0;0;0;0;0;0;0;0;0;1;0;0;0;0;0;0;0;0;0;0;0;0;0;0;0;0;0;0;0;0;0;0;0;0;2;0;0;0;0;0;0;0;0;0;2;0;0;0;0;0;0;0;0;0;1;0;0;0;0;0,00421210796074;0,0171560428169;0,222636892933;0,0301232283969;0,0530664563707;2,40361965464;0;0;0;0
0;0;0;0;0;0;0;0;0;0;0;0;0;0;0;0;0;0;0;0;0;0;0;0;0;0;0;0;0;0;0;0;0;0;0;0;0;0;0;0;0;0;0;0;0;0;0;0;0;0;0;0;0;2;0;0;0;0;0;0;0;0;0;0;0;0;0;0;0;0;0;0;0;0;0;0;0;0;0;0;0;0;0;0;0;0;0;0;0;0;0;0;0;0;0;0;0;0;0;0;0;0;0;0;0;0;0;0;0;0;0;0;0;0;0;0;0;0;0;0;0;0;0;0;0;0;0;0;1;0;0;0;0;0;0;0;0;0;0;0;0;0;0;0;0;0;0;0;0;0;0;0;0;2;0;0;0;0;0;0;0;0;0;2;0;0;0;0;0;0;0;0;0;1;0;0;0;0;0,00421210796074;0,0171560428169;0,222636892933;0,0301232283969;0,0530664563707;2,40361965464;0;0;0;0
0;0;0;0;0;0;0;0;0;0;0;0;0;0;0;0;0;0;0;0;0;0;0;0;0;0;0;0;0;0;0;0;0;0;0;0;0;0;0;0;0;0;0;0;0;0;0;0;0;0;0;0;0;2;0;0;0;0;0;0;0;0;0;0;0;0;0;0;0;0;0;0;0;0;0;0;0;0;0;0;0;0;0;0;0;0;0;0;0;0;0;0;0;0;0;0;0;0;0;0;0;0;0;0;0;0;0;0;0;0;0;0;0;0;0;0;0;0;0;0;0;0;0;0;0;0;0;0;1;0;0;0;0;0;0;0;0;0;0;0;0;0;0;0;0;0;0;0;0;0;0;0;0;2;0;0;0;0;0;0;0;0;0;2;0;0;0;0;0;0;0;0;0;1;0;0;0;0;0,00421210796074;0,0171560428169;0,222636892933;0,0301232283969;0,0530664563707;2,40361965464;0;0;0;0
0;0;0;0;0;0;0;0;0;0;0;0;0;0;0;0;0;0;0;0;0;0;0;0;0;0;0;0;0;0;0;0;0;0;0;0;0;0;0;0;0;0;0;0;0;0;0;0;0;0;0;0;0;2;0;0;0;0;0;0;0;0;0;0;0;0;0;0;0;0;0;0;0;0;0;0;0;0;0;0;0;0;0;0;0;0;0;0;0;0;0;0;0;0;0;0;0;0;0;0;0;0;0;0;0;0;0;0;0;0;0;0;0;0;0;0;0;0;0;0;0;0;0;0;0;0;0;0;1;0;0;0;0;0;0;0;0;0;0;0;0;0;0;0;0;0;0;0;0;0;0;0;0;2;0;0;0;0;0;0;0;0;0;2;0;0;0;0;0;0;0;0;0;1;0;0;0;0;0,00421210796074;0,0171560428169;0,222636892933;0,0301232283969;0,0530664563707;2,40361965464;0;0;0;0
0;0;0;0;0;0;0;0;0;0;0;0;0;0;0;0;0;0;0;0;0;0;0;0;0;0;0;0;0;0;0;0;0;0;0;0;0;0;0;0;0;0;0;0;0;0;0;0;0;0;0;0;0;2;0;0;0;0;0;0;0;0;0;0;0;0;0;0;0;0;0;0;0;0;0;0;0;0;0;0;0;0;0;0;0;0;0;0;0;0;0;0;0;0;0;0;0;0;0;0;0;0;0;0;0;0;0;0;0;0;0;0;0;0;0;0;0;0;0;0;0;0;0;0;0;0;0;0;1;0;0;0;0;0;0;0;0;0;0;0;0;0;0;0;0;0;0;0;0;0;0;0;0;2;0;0;0;0;0;0;0;0;0;2;0;0;0;0;0;0;0;0;0;1;0;0;0;0;0,00421210796074;0,0171560428169;0,222636892933;0,0301232283969;0,0530664563707;2,40361965464;0;0;0;0
0;0;0;0;0;0;0;0;0;0;0;0;0;0;0;0;0;0;0;0;0;0;0;0;0;0;0;0;0;0;0;0;0;0;0;0;0;0;0;0;0;0;0;0;0;0;0;0;0;0;0;0;0;2;0;0;0;0;0;0;0;0;0;0;0;0;0;0;0;0;0;0;0;0;0;0;0;0;0;0;0;0;0;0;0;0;0;0;0;0;0;0;0;0;0;0;0;0;0;0;0;0;0;0;0;0;0;0;0;0;0;0;0;0;0;0;0;0;0;0;0;0;0;0;0;0;0;0;1;0;0;0;0;0;0;0;0;0;0;0;0;0;0;0;0;0;0;0;0;0;0;0;0;2;0;0;0;0;0;0;0;0;0;2;0;0;0;0;0;0;0;0;0;1;0;0;0;0;0,00421210796074;0,0171560428169;0,222636892933;0,0301232283969;0,0530664563707;2,40361965464;0;0;0;0
0;0;0;0;0;0;0;0;0;0;0;0;0;0;0;0;0;0;0;0;0;0;0;0;0;0;0;0;0;0;0;0;0;0;0;0;0;0;0;0;0;0;0;0;0;0;0;0;0;0;0;0;0;2;0;0;0;0;0;0;0;0;0;0;0;0;0;0;0;0;0;0;0;0;0;0;0;0;0;0;0;0;0;0;0;0;0;0;0;0;0;0;0;0;0;0;0;0;0;0;0;0;0;0;0;0;0;0;0;0;0;0;0;0;0;0;0;0;0;0;0;0;0;0;0;0;0;0;1;0;0;0;0;0;0;0;0;0;0;0;0;0;0;0;0;0;0;0;0;0;0;0;0;2;0;0;0;0;0;0;0;0;0;2;0;0;0;0;0;0;0;0;0;1;0;0;0;0;0,00421210796074;0,0171560428169;0,222636892933;0,0301232283969;0,0530664563707;2,40361965464;0;0;0;0
0;0;0;0;0;0;0;0;0;0;0;0;0;0;0;0;0;0;0;0;0;0;0;0;0;0;0;0;0;0;0;0;0;0;0;0;0;0;0;0;0;0;0;0;0;0;0;0;0;0;0;0;0;2;0;0;0;0;0;0;0;0;0;0;0;0;0;0;0;0;0;0;0;0;0;0;0;0;0;0;0;0;0;0;0;0;0;0;0;0;0;0;0;0;0;0;0;0;0;0;0;0;0;0;0;0;0;0;0;0;0;0;0;0;0;0;0;0;0;0;0;0;0;0;0;0;0;0;1;0;0;0;0;0;0;0;0;0;0;0;0;0;0;0;0;0;0;0;0;0;0;0;0;2;0;0;0;0;0;0;0;0;0;2;0;0;0;0;0;0;0;0;0;1;0;0;0;0;0,00421210796074;0,0171560428169;0,222636892933;0,0301232283969;0,0530664563707;2,40361965464;0;0;0;0
