10;40;30;db;Minkowski_2;2;2
3;3;3;3;3;3;3;0;3;3;3;3;3;3;3;3;3;3;1;3;3;3;3;3;3;3;3;3;3;3;3;3;3;3;3;3;2;3;3;3;2;3;3;3;3;3;3;3;3;3;3;3;3;3;3;3;3;3;2;3;3;3;3;3;3;3;3;3;3;3;3;3;3;3;3;3;3;3;3;3;2;3;3;3;3;3;3;3;2;3;3;3;3;3;3;3;3;0;3;3;3;1;3;3;3;0;3;3;3;3;3;3;3;3;3;3;3;3;3;3;3;3;3;3;3;3;3;3;3;3;2;3;2;3;3;3;3;3;3;3;3;3;3;3;3;3;3;3;3;3;3;3;3;3;3;3;3;3;3;3;3;2;3;3;2;3;3;3;3;3;3;3;3;3;3;3;2;1;0,0138671508594;0,0592319707366;0,217440821876;0,0771044003317;0,113840883602;0,650162930594;0;0;0;0
2;1;1;1;0;0;2;1;0;2;1;2;2;0;2;1;1;0;1;2;1;2;2;0;1;2;1;0;0;0;2;2;2;0;0;1;0;2;1;1;0;2;2;0;0;2;1;0;0;2;2;0;1;0;1;0;0;2;0;1;2;1;2;2;2;1;1;1;2;2;1;1;2;1;2;1;1;2;2;2;2;0;0;0;1;1;2;0;0;2;0;1;1;2;2;0;1;1;0;1;0;3;2;0;1;1;1;2;0;0;0;2;2;1;2;0;1;0;2;1;0;2;2;1;2;0;0;3;1;0;0;2;0;0;1;1;1;1;2;1;1;2;0;1;1;1;2;1;0;2;2;1;1;0;0;1;0;1;0;2;1;0;2;0;0;0;1;0;2;1;1;0;2;2;0;2;1;1;0,525499916265;0,534185147965;0,541708739842;0,572157994458;0,556517178624;0,669534015837;0;0;0;0
3;3;3;3;2;2;3;0;2;3;3;3;3;2;3;3;3;2;1;3;3;3;3;2;3;3;3;2;2;3;3;3;3;3;2;3;2;3;3;3;2;3;3;3;2;3;3;2;2;3;3;2;3;2;3;2;2;3;2;3;3;3;3;3;3;3;3;3;3;3;3;3;3;3;3;3;3;3;3;3;2;2;3;2;3;3;3;3;2;3;2;3;3;3;3;2;3;0;2;3;2;1;3;2;3;0;3;3;2;2;3;3;3;3;3;2;3;2;3;3;2;3;3;3;3;3;2;3;3;3;2;3;2;2;3;3;3;3;3;3;3;2;3;3;3;3;3;3;3;3;3;3;3;2;2;3;2;3;2;3;3;2;3;3;2;2;3;3;3;3;3;2;2;3;2;3;0;1;0,368285558659;0,409279812328;0,598113426434;0,420163717671;0,493589711395;0,79501583018;0;0;0;0
3;3;3;3;2;2;3;0;2;3;3;3;3;2;3;3;3;2;1;3;3;3;3;2;3;3;3;2;2;3;3;3;3;3;2;3;2;3;3;3;2;3;3;3;2;3;3;2;2;3;3;2;3;2;3;2;2;3;2;3;3;3;3;3;3;3;3;3;3;3;3;3;3;3;3;3;3;3;3;3;2;2;3;2;3;3;3;3;2;3;2;3;3;3;3;2;3;0;2;3;2;1;3;2;3;0;3;3;2;2;3;3;3;3;3;2;3;2;3;3;2;3;3;3;3;3;2;3;3;3;2;3;2;2;3;3;3;3;3;3;3;2;3;3;3;3;3;3;3;3;3;3;3;2;2;3;2;3;2;3;3;2;3;3;2;2;3;3;3;3;3;2;2;3;2;3;0;1;0,368285558659;0,409279812328;0,598113426434;0,420163717671;0,493589711395;0,79501583018;0;0;0;0
3;3;3;3;2;2;3;0;2;3;3;3;3;2;3;3;3;2;1;3;3;3;3;2;3;3;3;2;2;3;3;3;3;3;2;3;2;3;3;3;2;3;3;3;2;3;3;2;2;3;3;2;3;2;3;2;2;3;2;3;3;3;3;3;3;3;3;3;3;3;3;3;3;3;3;3;3;3;3;3;2;2;3;2;3;3;3;3;2;3;2;3;3;3;3;2;3;0;2;3;2;1;3;2;3;0;3;3;2;2;3;3;3;3;3;2;3;2;3;3;2;3;3;3;3;3;2;3;3;3;2;3;2;2;3;3;3;3;3;3;3;2;3;3;3;3;3;3;3;3;3;3;3;2;2;3;2;3;2;3;3;2;3;3;2;2;3;3;3;3;3;2;2;3;2;3;0;1;0,368285558659;0,409279812328;0,598113426434;0,420163717671;0,493589711395;0,79501583018;0;0;0;0
3;3;3;3;2;2;3;0;2;3;3;3;3;2;3;3;3;2;1;3;3;3;3;2;3;3;3;2;2;3;3;3;3;3;2;3;2;3;3;3;2;3;3;3;2;3;3;2;2;3;3;2;3;2;3;2;2;3;2;3;3;3;3;3;3;3;3;3;3;3;3;3;3;3;3;3;3;3;3;3;2;2;3;2;3;3;3;3;2;3;2;3;3;3;3;2;3;0;2;3;2;1;3;2;3;0;3;3;2;2;3;3;3;3;3;2;3;2;3;3;2;3;3;3;3;3;2;3;3;3;2;3;2;2;3;3;3;3;3;3;3;2;3;3;3;3;3;3;3;3;3;3;3;2;2;3;2;3;2;3;3;2;3;3;2;2;3;3;3;3;3;2;2;3;2;3;0;1;0,368285558659;0,409279812328;0,598113426434;0,420163717671;0,493589711395;0,79501583018;0;0;0;0
3;3;3;3;2;2;3;0;2;3;3;3;3;2;3;3;3;2;1;3;3;3;3;2;3;3;3;2;2;3;3;3;3;3;2;3;2;3;3;3;2;3;3;3;2;3;3;2;2;3;3;2;3;2;3;2;2;3;2;3;3;3;3;3;3;3;3;3;3;3;3;3;3;3;3;3;3;3;3;3;2;2;3;2;3;3;3;3;2;3;2;3;3;3;3;2;3;0;2;3;2;1;3;2;3;0;3;3;2;2;3;3;3;3;3;2;3;2;3;3;2;3;3;3;3;3;2;3;3;3;2;3;2;2;3;3;3;3;3;3;3;2;3;3;3;3;3;3;3;3;3;3;3;2;2;3;2;3;2;3;3;2;3;3;2;2;3;3;3;3;3;2;2;3;2;3;0;1;0,368285558659;0,409279812328;0,598113426434;0,420163717671;0,493589711395;0,79501583018;0;0;0;0
3;3;3;3;2;2;3;0;2;3;3;3;3;2;3;3;3;2;1;3;3;3;3;2;3;3;3;2;2;3;3;3;3;3;2;3;2;3;3;3;2;3;3;3;2;3;3;2;2;3;3;2;3;2;3;2;2;3;2;3;3;3;3;3;3;3;3;3;3;3;3;3;3;3;3;3;3;3;3;3;2;2;3;2;3;3;3;3;2;3;2;3;3;3;3;2;3;0;2;3;2;1;3;2;3;0;3;3;2;2;3;3;3;3;3;2;3;2;3;3;2;3;3;3;3;3;2;3;3;3;2;3;2;2;3;3;3;3;3;3;3;2;3;3;3;3;3;3;3;3;3;3;3;2;2;3;2;3;2;3;3;2;3;3;2;2;3;3;3;3;3;2;2;3;2;3;0;1;0,368285558659;0,409279812328;0,598113426434;0,420163717671;0,493589711395;0,79501583018;0;0;0;0
3;3;3;3;2;2;3;0;2;3;3;3;3;2;3;3;3;2;1;3;3;3;3;2;3;3;3;2;2;3;3;3;3;3;2;3;2;3;3;3;2;3;3;3;2;3;3;2;2;3;3;2;3;2;3;2;2;3;2;3;3;3;3;3;3;3;3;3;3;3;3;3;3;3;3;3;3;3;3;3;2;2;3;2;3;3;3;3;2;3;2;3;3;3;3;2;3;0;2;3;2;1;3;2;3;0;3;3;2;2;3;3;3;3;3;2;3;2;3;3;2;3;3;3;3;3;2;3;3;3;2;3;2;2;3;3;3;3;3;3;3;2;3;3;3;3;3;3;3;3;3;3;3;2;2;3;2;3;2;3;3;2;3;3;2;2;3;3;3;3;3;2;2;3;2;3;0;1;0,368285558659;0,409279812328;0,598113426434;0,420163717671;0,493589711395;0,79501583018;0;0;0;0
3;3;3;3;2;2;3;0;2;3;3;3;3;2;3;3;3;2;1;3;3;3;3;2;3;3;3;2;2;3;3;3;3;3;2;3;2;3;3;3;2;3;3;3;2;3;3;2;2;3;3;2;3;2;3;2;2;3;2;3;3;3;3;3;3;3;3;3;3;3;3;3;3;3;3;3;3;3;3;3;2;2;3;2;3;3;3;3;2;3;2;3;3;3;3;2;3;0;2;3;2;1;3;2;3;0;3;3;2;2;3;3;3;3;3;2;3;2;3;3;2;3;3;3;3;3;2;3;3;3;2;3;2;2;3;3;3;3;3;3;3;2;3;3;3;3;3;3;3;3;3;3;3;2;2;3;2;3;2;3;3;2;3;3;2;2;3;3;3;3;3;2;2;3;2;3;3;1;0,366639802735;0,403823521188;0,606527644014;0,414883366399;0,492726685335;0,796627394962;0;0;0;0
3;3;3;3;2;2;3;0;3;3;3;3;3;3;3;3;3;2;3;3;3;3;3;2;3;3;3;2;2;3;3;3;3;3;2;3;2;3;3;3;2;3;3;3;2;3;3;2;2;3;3;2;3;2;3;2;2;3;2;3;3;3;3;3;3;3;3;3;3;3;3;3;3;3;3;3;3;3;3;3;2;2;3;2;3;3;3;3;2;3;2;3;3;3;3;2;3;0;3;3;2;1;3;2;3;0;3;3;2;2;3;3;3;3;3;2;3;2;3;3;2;3;3;3;3;3;3;3;3;3;2;3;2;2;3;3;3;3;3;3;3;2;3;3;3;3;3;3;3;3;3;3;3;2;2;3;2;3;2;3;3;2;3;3;2;2;3;3;3;3;3;2;2;3;2;3;0;1;0,309893218618;0,35827211979;0,559458921418;0,37003581212;0,44544595868;0,805202013565;0;0;0;0
3;3;3;3;2;2;3;0;3;3;3;3;3;3;3;3;3;2;3;3;3;3;3;2;3;3;3;2;2;3;3;3;3;3;2;3;2;3;3;3;2;3;3;3;2;3;3;2;2;3;3;2;3;2;3;2;2;3;2;3;3;3;3;3;3;3;3;3;3;3;3;3;3;3;3;3;3;3;3;3;2;2;3;2;3;3;3;3;2;3;2;3;3;3;3;2;3;0;3;3;2;1;3;2;3;0;3;3;2;2;3;3;3;3;3;2;3;2;3;3;2;3;3;3;3;3;3;3;3;3;2;3;2;2;3;3;3;3;3;3;3;2;3;3;3;3;3;3;3;3;3;3;3;2;2;3;2;3;2;3;3;2;3;3;2;2;3;3;3;3;3;2;2;3;2;3;0;1;0,309893218618;0,35827211979;0,559458921418;0,37003581212;0,44544595868;0,805202013565;0;0;0;0
3;3;3;3;2;2;3;0;3;3;3;3;3;3;3;3;3;2;3;3;3;3;3;2;3;3;3;2;2;3;3;3;3;3;2;3;2;3;3;3;2;3;3;3;2;3;3;2;2;3;3;2;3;2;3;2;2;3;2;3;3;3;3;3;3;3;3;3;3;3;3;3;3;3;3;3;3;3;3;3;2;2;3;2;3;3;3;3;2;3;2;3;3;3;3;2;3;0;3;3;2;1;3;2;3;0;3;3;2;2;3;3;3;3;3;2;3;2;3;3;2;3;3;3;3;3;3;3;3;3;2;3;2;2;3;3;3;3;3;3;3;2;3;3;3;3;3;3;3;3;3;3;3;2;2;3;2;3;2;3;3;2;3;3;2;2;3;3;3;3;3;2;2;3;2;3;0;1;0,309893218618;0,35827211979;0,559458921418;0,37003581212;0,44544595868;0,805202013565;0;0;0;0
3;3;3;3;2;2;3;0;3;3;3;3;3;3;3;3;3;2;3;3;3;3;3;2;3;3;3;2;2;3;3;3;3;3;2;3;2;3;3;3;2;3;3;3;2;3;3;2;2;3;3;2;3;2;3;2;2;3;2;3;3;3;3;3;3;3;3;3;3;3;3;3;3;3;3;3;3;3;3;3;2;2;3;2;3;3;3;3;2;3;2;3;3;3;3;2;3;0;3;3;2;1;3;2;3;0;3;3;2;2;3;3;3;3;3;2;3;2;3;3;2;3;3;3;3;3;3;3;3;3;2;3;2;2;3;3;3;3;3;3;3;2;3;3;3;3;3;3;3;3;3;3;3;2;2;3;2;3;2;3;3;2;3;3;2;2;3;3;3;3;3;2;2;3;2;3;0;1;0,309893218618;0,35827211979;0,559458921418;0,37003581212;0,44544595868;0,805202013565;0;0;0;0
3;3;3;3;2;2;3;0;3;3;3;3;3;3;3;3;3;2;3;3;3;3;3;2;3;3;3;2;2;3;3;3;3;3;2;3;2;3;3;3;2;3;3;3;2;3;3;2;2;3;3;2;3;2;3;2;2;3;2;3;3;3;3;3;3;3;3;3;3;3;3;3;3;3;3;3;3;3;3;3;2;2;3;2;3;3;3;3;2;3;2;3;3;3;3;2;3;0;3;3;2;1;3;2;3;0;3;3;2;2;3;3;3;3;3;2;3;2;3;3;2;3;3;3;3;3;3;3;3;3;2;3;2;2;3;3;3;3;3;3;3;2;3;3;3;3;3;3;3;3;3;3;3;2;2;3;2;3;2;3;3;2;3;3;2;2;3;3;3;3;3;2;2;3;2;3;0;1;0,309893218618;0,35827211979;0,559458921418;0,37003581212;0,44544595868;0,805202013565;0;0;0;0
3;3;3;3;2;2;3;0;3;3;3;3;3;3;3;3;3;2;3;3;3;3;3;2;3;3;3;2;2;3;3;3;3;3;2;3;2;3;3;3;2;3;3;3;2;3;3;2;2;3;3;2;3;2;3;2;2;3;2;3;3;3;3;3;3;3;3;3;3;3;3;3;3;3;3;3;3;3;3;3;2;2;3;2;3;3;3;3;2;3;2;3;3;3;3;2;3;0;3;3;2;1;3;2;3;0;3;3;2;2;3;3;3;3;3;2;3;2;3;3;2;3;3;3;3;3;3;3;3;3;2;3;2;2;3;3;3;3;3;3;3;2;3;3;3;3;3;3;3;3;3;3;3;2;2;3;2;3;2;3;3;2;3;3;2;2;3;3;3;3;3;2;2;3;2;3;0;1;0,309893218618;0,35827211979;0,559458921418;0,37003581212;0,44544595868;0,805202013565;0;0;0;0
3;3;3;3;2;2;3;3;2;3;3;3;3;2;3;3;3;2;3;3;3;3;3;2;3;3;3;2;2;3;3;3;3;3;2;3;2;3;3;3;2;3;3;3;2;3;3;2;2;3;3;2;3;2;3;2;2;3;2;3;3;3;3;3;3;3;3;3;3;3;3;3;3;3;3;3;3;3;3;3;2;2;3;2;3;3;3;3;2;3;2;3;3;3;3;2;3;0;2;3;2;1;3;2;3;0;3;3;2;2;3;3;3;3;3;2;3;2;3;3;2;3;3;3;3;3;3;3;3;3;2;3;2;2;3;3;3;3;3;3;3;2;3;3;3;3;3;3;3;3;3;3;3;2;2;3;2;3;2;3;3;2;3;3;2;2;3;2;3;3;3;2;2;3;2;3;3;1;0,369465048066;0,395449950552;0,631782405918;0,406544177064;0,494733473085;0,830094684998;0;0;0;0
3;3;3;3;2;2;3;3;2;3;3;3;3;2;3;3;3;2;3;3;3;3;3;2;3;3;3;2;2;3;3;3;3;3;2;3;2;3;3;3;2;3;3;3;2;3;3;2;2;3;3;2;3;2;3;2;2;3;2;3;3;3;3;3;3;3;3;3;3;3;3;3;3;3;3;3;3;3;3;3;2;2;3;2;3;3;3;3;2;3;2;3;3;3;3;2;3;0;2;3;2;1;3;2;3;0;3;3;2;2;3;3;3;3;3;2;3;2;3;3;2;3;3;3;3;3;3;3;3;3;2;3;2;2;3;3;3;3;3;3;3;2;3;3;3;3;3;3;3;3;3;3;3;2;2;3;2;3;2;3;3;2;3;3;2;2;3;2;3;3;3;2;2;3;2;3;3;1;0,369465048066;0,395449950552;0,631782405918;0,406544177064;0,494733473085;0,830094684998;0;0;0;0
3;3;3;3;2;2;3;3;2;3;3;3;3;2;3;3;3;2;3;3;3;3;3;2;3;3;3;2;2;3;3;3;3;3;2;3;2;3;3;3;2;3;3;3;2;3;3;2;2;3;3;2;3;2;3;2;2;3;2;3;3;3;3;3;3;3;3;3;3;3;3;3;3;3;3;3;3;3;3;3;2;2;3;2;3;3;3;3;2;3;2;3;3;3;3;2;3;0;2;3;2;1;3;2;3;0;3;3;2;2;3;3;3;3;3;2;3;2;3;3;2;3;3;3;3;3;3;3;3;3;2;3;2;2;3;3;3;3;3;3;3;2;3;3;3;3;3;3;3;3;3;3;3;2;2;3;2;3;2;3;3;2;3;3;2;2;3;2;3;3;3;2;2;3;2;3;3;1;0,369465048066;0,395449950552;0,631782405918;0,406544177064;0,494733473085;0,830094684998;0;0;0;0
3;3;3;3;2;2;3;3;2;3;3;3;3;2;3;3;3;2;3;3;3;3;3;2;3;3;3;2;2;3;3;3;3;3;2;3;2;3;3;3;2;3;3;3;2;3;3;2;2;3;3;2;3;2;3;2;2;3;2;3;3;3;3;3;3;3;3;3;3;3;3;3;3;3;3;3;3;3;3;3;2;2;3;2;3;3;3;3;2;3;2;3;3;3;3;2;3;0;2;3;2;1;3;2;3;0;3;3;2;2;3;3;3;3;3;2;3;2;3;3;2;3;3;3;3;3;3;3;3;3;2;3;2;2;3;3;3;3;3;3;3;2;3;3;3;3;3;3;3;3;3;3;3;2;2;3;2;3;2;3;3;2;3;3;2;2;3;2;3;3;3;2;2;3;2;3;3;1;0,369465048066;0,395449950552;0,631782405918;0,406544177064;0,494733473085;0,830094684998;0;0;0;0
3;3;3;3;2;2;3;3;2;3;3;3;3;2;3;3;3;2;3;3;3;3;3;2;3;3;3;2;2;3;3;3;3;3;2;3;2;3;3;3;2;3;3;3;2;3;3;2;2;3;3;2;3;2;3;2;2;3;2;3;3;3;3;3;3;3;3;3;3;3;3;3;3;3;3;3;3;3;3;3;2;2;3;2;3;3;3;3;2;3;2;3;3;3;3;2;3;0;2;3;2;1;3;2;3;0;3;3;2;2;3;3;3;3;3;2;3;2;3;3;2;3;3;3;3;3;3;3;3;3;2;3;2;2;3;3;3;3;3;3;3;2;3;3;3;3;3;3;3;3;3;3;3;2;2;3;2;3;2;3;3;2;3;3;2;2;3;2;3;3;3;2;2;3;2;3;3;1;0,369465048066;0,395449950552;0,631782405918;0,406544177064;0,494733473085;0,830094684998;0;0;0;0
3;3;3;3;2;2;3;3;2;3;3;3;3;2;3;3;3;2;3;3;3;3;3;2;3;3;3;2;2;3;3;3;3;3;2;3;2;3;3;3;2;3;3;3;2;3;3;2;2;3;3;2;3;2;3;2;2;3;2;3;3;3;3;3;3;3;3;3;3;3;3;3;3;3;3;3;3;3;3;3;2;2;3;2;3;3;3;3;2;3;2;3;3;3;3;2;3;0;2;3;2;1;3;2;3;0;3;3;2;2;3;3;3;3;3;2;3;2;3;3;2;3;3;3;3;3;3;3;3;3;2;3;2;2;3;3;3;3;3;3;3;2;3;3;3;3;3;3;3;3;3;3;3;2;2;3;2;3;2;3;3;2;3;3;2;2;3;2;3;3;3;2;2;3;2;3;3;1;0,369465048066;0,395449950552;0,631782405918;0,406544177064;0,494733473085;0,830094684998;0;0;0;0
3;3;3;3;2;2;3;3;2;3;3;3;3;2;3;3;3;2;3;3;3;3;3;2;3;3;3;2;2;3;3;3;3;3;2;3;2;3;3;3;2;3;3;3;2;3;3;2;2;3;3;2;3;2;3;2;2;3;2;3;3;3;3;3;3;3;3;3;3;3;3;3;3;3;3;3;3;3;3;3;2;2;3;2;3;3;3;3;2;3;2;3;3;3;3;2;3;0;2;3;2;1;3;2;3;0;3;3;2;2;3;3;3;3;3;2;3;2;3;3;2;3;3;3;3;3;3;3;3;3;2;3;2;2;3;3;3;3;3;3;3;2;3;3;3;3;3;3;3;3;3;3;3;2;2;3;2;3;2;3;3;2;3;3;2;2;3;2;3;3;3;2;2;3;2;3;3;1;0,369465048066;0,395449950552;0,631782405918;0,406544177064;0,494733473085;0,830094684998;0;0;0;0
3;3;3;3;2;2;3;3;2;3;3;3;3;2;3;3;3;2;3;3;3;3;3;2;3;3;3;2;2;3;3;3;3;3;2;3;2;3;3;3;2;3;3;3;2;3;3;2;2;3;3;2;3;2;3;2;2;3;2;3;3;3;3;3;3;3;3;3;3;3;3;3;3;3;3;3;3;3;3;3;2;2;3;2;3;3;3;3;2;3;2;3;3;3;3;2;3;0;2;3;2;1;3;2;3;0;3;3;2;2;3;3;3;3;3;2;3;2;3;3;2;3;3;3;3;3;3;3;3;3;2;3;2;2;3;3;3;3;3;3;3;2;3;3;3;3;3;3;3;3;3;3;3;2;2;3;2;3;2;3;3;2;3;3;2;2;3;2;3;3;3;2;2;3;2;3;3;1;0,369465048066;0,395449950552;0,631782405918;0,406544177064;0,494733473085;0,830094684998;0;0;0;0
3;3;3;3;2;2;3;3;2;3;3;3;3;2;3;3;3;2;3;3;3;3;3;2;3;3;3;2;2;3;3;3;3;3;2;3;2;3;3;3;2;3;3;3;2;3;3;2;2;3;3;2;3;2;3;2;2;3;2;3;3;3;3;3;3;3;3;3;3;3;3;3;3;3;3;3;3;3;3;3;2;2;3;2;3;3;3;3;2;3;2;3;3;3;3;2;3;0;2;3;2;1;3;2;3;0;3;3;2;2;3;3;3;3;3;2;3;2;3;3;2;3;3;3;3;3;3;3;3;3;2;3;2;2;3;3;3;3;3;3;3;2;3;3;3;3;3;3;3;3;3;3;3;2;2;3;2;3;2;3;3;2;3;3;2;2;3;2;3;3;3;2;2;3;2;3;3;1;0,369465048066;0,395449950552;0,631782405918;0,406544177064;0,494733473085;0,830094684998;0;0;0;0
3;3;3;3;2;2;3;3;2;3;3;3;3;2;3;3;3;2;3;3;3;3;3;2;3;3;3;2;2;3;3;3;3;3;2;3;2;3;3;3;2;3;3;3;2;3;3;2;2;3;3;2;3;2;3;2;2;3;2;3;3;3;3;3;3;3;3;3;3;3;3;3;3;3;3;3;3;3;3;3;2;2;3;2;3;3;3;3;2;3;2;3;3;3;3;2;3;0;2;3;2;1;3;2;3;0;3;3;2;2;3;3;3;3;3;2;3;2;3;3;2;3;3;3;3;3;3;3;3;3;2;3;2;2;3;3;3;3;3;3;3;2;3;3;3;3;3;3;3;3;3;3;3;2;2;3;2;3;2;3;3;2;3;3;2;2;3;2;3;3;3;2;2;3;2;3;3;1;0,369465048066;0,395449950552;0,631782405918;0,406544177064;0,494733473085;0,830094684998;0;0;0;0
3;3;3;3;2;2;3;3;2;3;3;3;3;2;3;3;3;2;3;3;3;3;3;2;3;3;3;2;2;3;3;3;3;3;2;3;2;3;3;3;2;3;3;3;2;3;3;2;2;3;3;2;3;2;3;2;2;3;2;3;3;3;3;3;3;3;3;3;3;3;3;3;3;3;3;3;3;3;3;3;2;2;3;2;3;3;3;3;2;3;2;3;3;3;3;2;3;0;2;3;2;1;3;2;3;0;3;3;2;2;3;3;3;3;3;2;3;2;3;3;2;3;3;3;3;3;3;3;3;3;2;3;2;2;3;3;3;3;3;3;3;2;3;3;3;3;3;3;3;3;3;3;3;2;2;3;2;3;2;3;3;2;3;3;2;2;3;2;3;3;3;2;2;3;2;3;3;1;0,369465048066;0,395449950552;0,631782405918;0,406544177064;0,494733473085;0,830094684998;0;0;0;0
3;3;3;3;2;2;3;3;2;3;3;3;3;2;3;3;3;2;3;3;3;3;3;2;3;3;3;2;2;3;3;3;3;3;2;3;2;3;3;3;2;3;3;3;2;3;3;2;2;3;3;2;3;2;3;2;2;3;2;3;3;3;3;3;3;3;3;3;3;3;3;3;3;3;3;3;3;3;3;3;2;2;3;2;3;3;3;3;2;3;2;3;3;3;3;2;3;0;2;3;2;1;3;2;3;0;3;3;2;2;3;3;3;3;3;2;3;2;3;3;2;3;3;3;3;3;3;3;3;3;2;3;2;2;3;3;3;3;3;3;3;2;3;3;3;3;3;3;3;3;3;3;3;2;2;3;2;3;2;3;3;2;3;3;2;2;3;2;3;3;3;2;2;3;2;3;3;1;0,369465048066;0,395449950552;0,631782405918;0,406544177064;0,494733473085;0,830094684998;0;0;0;0
3;3;3;3;2;2;3;3;2;3;3;3;3;2;3;3;3;2;3;3;3;3;3;2;3;3;3;2;2;3;3;3;3;3;2;3;2;3;3;3;2;3;3;3;2;3;3;2;2;3;3;2;3;2;3;2;2;3;2;3;3;3;3;3;3;3;3;3;3;3;3;3;3;3;3;3;3;3;3;3;2;2;3;2;3;3;3;3;2;3;2;3;3;3;3;2;3;0;2;3;2;1;3;2;3;0;3;3;2;2;3;3;3;3;3;2;3;2;3;3;2;3;3;3;3;3;3;3;3;3;2;3;2;2;3;3;3;3;3;3;3;2;3;3;3;3;3;3;3;3;3;3;3;2;2;3;2;3;2;3;3;2;3;3;2;2;3;2;3;3;3;2;2;3;2;3;3;1;0,369465048066;0,395449950552;0,631782405918;0,406544177064;0,494733473085;0,830094684998;0;0;0;0
3;3;3;3;2;2;3;3;2;3;3;3;3;2;3;3;3;2;3;3;3;3;3;2;3;3;3;2;2;3;3;3;3;3;2;3;2;3;3;3;2;3;3;3;2;3;3;2;2;3;3;2;3;2;3;2;2;3;2;3;3;3;3;3;3;3;3;3;3;3;3;3;3;3;3;3;3;3;3;3;2;2;3;2;3;3;3;3;2;3;2;3;3;3;3;2;3;0;2;3;2;1;3;2;3;0;3;3;2;2;3;3;3;3;3;2;3;2;3;3;2;3;3;3;3;3;3;3;3;3;2;3;2;2;3;3;3;3;3;3;3;2;3;3;3;3;3;3;3;3;3;3;3;2;2;3;2;3;2;3;3;2;3;3;2;2;3;2;3;3;3;2;2;3;2;3;3;1;0,369465048066;0,395449950552;0,631782405918;0,406544177064;0,494733473085;0,830094684998;0;0;0;0
