10;40;30;db;Cosine;2;1
4;3;4;3;1;3;0;3;0;0;0;3;0;3;4;1;3;3;3;0;1;0;0;3;3;3;4;1;0;3;3;1;3;3;3;0;0;0;3;3;0;3;1;3;3;0;2;1;3;3;0;1;0;1;3;0;0;3;0;4;3;3;3;3;3;0;0;1;3;0;0;0;3;0;3;0;0;1;0;3;3;3;2;0;3;0;0;3;3;0;3;3;3;0;0;2;0;3;0;1;3;3;0;4;0;0;0;3;1;0;2;3;1;3;0;4;3;3;0;1;0;3;3;4;1;3;1;0;3;0;3;3;0;3;3;3;0;1;3;0;0;0;3;0;1;1;1;0;3;4;3;1;0;0;3;3;0;4;3;3;3;3;0;0;3;1;0;1;1;3;3;3;3;3;3;0;3;1;0,316278381686;0,396802529193;0,408696053533;0,472706362838;0,438376889792;15,1397070396;0;0;0;0
4;3;4;3;1;3;0;3;0;0;0;3;0;3;4;1;3;3;3;0;1;0;0;3;3;3;4;1;0;3;3;1;3;3;3;0;0;0;3;3;0;3;1;3;3;0;2;1;3;3;0;1;0;1;3;0;0;3;0;4;3;3;3;3;3;0;0;1;3;0;0;0;3;0;3;0;0;1;0;3;3;3;2;0;3;0;0;3;3;0;3;3;3;0;0;2;0;3;0;1;3;3;0;4;0;0;0;3;1;0;2;3;1;3;0;4;3;3;0;1;0;3;3;4;1;3;1;0;3;0;3;3;0;3;3;3;0;1;3;0;0;0;3;0;1;1;1;0;3;4;3;1;0;0;3;3;0;4;3;3;3;3;0;0;3;1;0;1;1;3;3;3;3;3;3;0;3;1;0,316278381686;0,396802529193;0,408696053533;0,472706362838;0,438376889792;15,1397070396;0;0;0;0
1;0;1;0;1;0;1;0;1;3;2;0;0;2;1;1;0;0;2;1;1;2;0;0;0;0;1;1;1;0;2;1;0;2;0;0;1;1;2;0;1;2;1;0;0;1;0;1;0;0;0;1;0;1;0;2;1;0;1;1;0;0;2;0;0;1;1;1;2;2;1;2;0;1;0;3;1;1;1;0;0;2;0;1;0;1;1;2;0;1;0;0;2;2;1;0;1;0;0;1;2;0;1;1;1;1;1;0;1;2;0;2;1;2;1;1;0;0;0;1;0;0;0;1;1;0;1;0;0;1;0;0;0;0;0;0;1;1;0;1;1;1;0;0;1;1;1;1;2;1;0;1;1;1;0;0;2;1;0;0;0;2;1;1;0;1;1;1;1;0;0;2;2;0;0;0;0;1;0,32143894124;0,373742043075;0,394023787546;0,38446291966;0,38918464342;15,6046430244;0;0;0;0
3;2;3;2;1;2;1;2;0;0;0;2;0;2;3;1;2;0;2;1;1;0;0;2;2;2;3;0;0;2;2;1;2;2;2;0;0;1;2;2;0;2;1;2;2;0;2;1;2;2;0;1;0;1;2;0;0;2;0;1;2;0;2;2;0;0;0;1;2;0;1;0;2;0;2;0;1;1;0;2;2;2;2;0;2;1;0;2;2;0;2;2;2;0;0;2;0;2;0;1;2;2;0;3;0;0;0;2;1;0;2;2;1;2;0;3;2;2;0;1;0;2;2;3;1;2;1;0;2;0;2;2;0;2;2;2;0;1;2;0;0;0;2;0;1;1;1;0;2;3;2;1;1;0;2;2;0;3;2;2;2;2;0;0;2;1;0;1;1;2;2;2;2;2;2;0;2;1;0,358768609172;0,414223975576;0,42296814987;0,462882415598;0,442026063006;16,7527425514;0;0;0;0
1;0;1;0;1;0;1;0;1;0;1;0;0;0;1;1;0;0;0;1;1;1;0;0;0;0;1;1;1;0;0;1;0;2;0;0;1;1;0;0;1;0;1;0;0;1;0;1;0;0;0;1;0;1;0;2;1;0;1;1;0;0;0;0;0;1;1;1;0;1;1;0;0;1;0;0;1;1;1;0;0;2;0;1;0;1;1;2;0;1;0;0;2;0;1;0;1;0;0;1;0;0;1;1;1;1;1;0;1;0;0;2;1;0;1;1;0;0;0;1;0;0;0;1;1;0;1;1;0;1;0;0;0;0;0;0;1;1;0;1;1;1;0;0;1;1;1;1;2;1;0;1;1;1;0;0;1;1;0;0;0;0;1;1;0;1;1;1;1;0;0;0;0;0;0;0;0;1;0,33409557107;0,364630913547;0,487108721953;0,371779728883;0,421701207899;17,5352802461;0;0;0;0
1;0;1;0;1;0;1;0;1;0;1;0;0;0;1;1;0;0;0;1;1;1;0;0;0;0;1;1;1;0;0;1;0;2;0;0;1;1;0;0;1;0;1;0;0;1;0;1;0;0;0;1;0;1;0;2;1;0;1;1;0;0;0;0;0;1;1;1;0;1;1;0;0;1;0;0;1;1;1;0;0;2;0;1;0;1;1;2;0;1;0;0;2;0;1;0;1;0;0;1;0;0;1;1;1;1;1;0;1;0;0;2;1;0;1;1;0;0;0;1;0;0;0;1;1;0;1;1;0;1;0;0;0;0;0;0;1;1;0;1;1;1;0;0;1;1;1;1;2;1;0;1;1;1;0;0;1;1;0;0;0;0;1;1;0;1;1;1;1;0;0;0;0;0;0;0;0;1;0,33409557107;0,364630913547;0,487108721953;0,371779728883;0,421701207899;17,5352802461;0;0;0;0
1;0;1;0;1;0;1;0;1;0;1;0;0;0;1;1;0;0;0;1;1;1;0;0;0;0;1;1;1;0;0;1;0;2;0;0;1;1;0;0;1;0;1;0;0;1;0;1;0;0;0;1;0;1;0;2;1;0;1;1;0;0;0;0;0;1;1;1;0;1;1;0;0;1;0;0;1;1;1;0;0;2;0;1;0;1;1;2;0;1;0;0;2;0;1;0;1;0;0;1;0;0;1;1;1;1;1;0;1;0;0;2;1;0;1;1;0;0;0;1;0;0;0;1;1;0;1;1;0;1;0;0;0;0;0;0;1;1;0;1;1;1;0;0;1;1;1;1;2;1;0;1;1;1;0;0;1;1;0;0;0;0;1;1;0;1;1;1;1;0;0;0;0;0;0;0;0;1;0,33409557107;0,364630913547;0,487108721953;0,371779728883;0,421701207899;17,5352802461;0;0;0;0
1;0;1;0;1;0;1;0;1;0;1;0;0;0;1;1;0;0;0;1;1;1;0;0;0;0;1;1;1;0;0;1;0;2;0;0;1;1;0;0;1;0;1;0;0;1;0;1;0;0;0;1;0;1;0;2;1;0;1;1;0;0;0;0;0;1;1;1;0;1;1;0;0;1;0;0;1;1;1;0;0;2;0;1;0;1;1;2;0;1;0;0;2;0;1;0;1;0;0;1;0;0;1;1;1;1;1;0;1;0;0;2;1;0;1;1;0;0;0;1;0;0;0;1;1;0;1;1;0;1;0;0;0;0;0;0;1;1;0;1;1;1;0;0;1;1;1;1;2;1;0;1;1;1;0;0;1;1;0;0;0;0;1;1;0;1;1;1;1;0;0;0;0;0;0;0;0;1;0,33409557107;0,364630913547;0,487108721953;0,371779728883;0,421701207899;17,5352802461;0;0;0;0
1;0;1;0;1;0;1;0;1;0;1;0;0;0;1;1;0;0;0;1;1;1;0;0;0;0;1;1;1;0;0;1;0;2;0;0;1;1;0;0;1;0;1;0;0;1;0;1;0;0;0;1;0;1;0;2;1;0;1;1;0;0;0;0;0;1;1;1;0;1;1;0;0;1;0;0;1;1;1;0;0;2;0;1;0;1;1;2;0;1;0;0;2;0;1;0;1;0;0;1;0;0;1;1;1;1;1;0;1;0;0;2;1;0;1;1;0;0;0;1;0;0;0;1;1;0;1;1;0;1;0;0;0;0;0;0;1;1;0;1;1;1;0;0;1;1;1;1;2;1;0;1;1;1;0;0;1;1;0;0;0;0;1;1;0;1;1;1;1;0;0;0;0;0;0;0;0;1;0,33409557107;0,364630913547;0,487108721953;0,371779728883;0,421701207899;17,5352802461;0;0;0;0
1;0;1;0;1;0;1;0;1;0;0;0;0;0;1;1;0;0;0;1;1;0;0;0;0;0;1;1;1;0;0;1;0;2;0;0;1;1;0;0;1;0;1;0;0;0;0;1;0;0;0;1;0;1;0;2;1;0;1;1;0;0;0;0;0;1;1;1;0;0;1;0;0;1;0;0;1;1;1;0;0;2;0;0;0;1;1;0;0;1;0;0;0;0;0;0;0;0;0;1;0;0;1;1;1;1;1;0;1;0;0;0;1;0;0;1;1;0;0;1;0;0;0;1;1;0;1;1;0;1;0;0;0;0;0;0;0;1;0;1;0;1;0;0;1;1;1;1;2;1;0;1;1;0;0;0;2;1;0;0;0;0;0;0;0;1;1;1;1;0;0;0;0;0;0;1;0;1;0,374551756852;0,409945476122;0,582691490659;0,416778804227;0,485964343218;17,6125590607;0;0;0;0
1;0;1;0;1;0;1;0;1;0;0;0;0;0;1;1;0;0;0;1;1;0;0;0;0;0;1;1;1;0;0;1;0;2;0;0;1;1;0;0;1;0;1;0;0;0;0;1;0;0;0;1;0;1;0;2;1;0;1;1;0;0;0;0;0;1;1;1;0;0;1;0;0;1;0;0;1;1;1;0;0;2;0;0;0;1;1;0;0;1;0;0;0;0;1;0;0;0;0;1;0;0;1;1;1;1;1;0;1;0;0;0;1;0;0;1;0;0;0;1;0;0;0;1;1;0;1;0;0;1;0;0;0;0;0;0;0;1;0;1;0;1;0;0;1;1;1;1;2;1;0;1;1;0;0;0;2;1;0;0;0;0;1;0;0;1;1;1;1;0;0;0;0;0;0;0;0;1;0,377873257414;0,41241597256;0,588108974435;0,419221004152;0,489507192389;18,3414523861;0;0;0;0
1;0;1;0;1;0;1;0;1;0;0;0;0;0;1;1;0;0;0;1;1;0;0;0;0;0;1;1;1;0;0;1;0;2;0;0;1;1;0;0;1;0;1;0;0;0;0;1;0;0;0;1;0;1;0;2;1;0;1;1;0;0;0;0;0;1;1;1;0;0;1;0;0;1;0;0;1;1;1;0;0;2;0;0;0;1;1;0;0;1;0;0;0;0;1;0;0;0;0;1;0;0;1;1;1;1;1;0;1;0;0;0;1;0;0;1;0;0;0;1;0;0;0;1;1;0;1;0;0;1;0;0;0;0;0;0;0;1;0;1;0;1;0;0;1;1;1;1;2;1;0;1;1;0;0;0;2;1;0;0;0;0;1;0;0;1;1;1;1;0;0;0;0;0;0;0;0;1;0,377873257414;0,41241597256;0,588108974435;0,419221004152;0,489507192389;18,3414523861;0;0;0;0
1;0;1;0;1;0;1;0;1;0;0;0;0;0;1;1;0;0;0;1;1;0;0;0;0;0;1;1;1;0;0;1;0;2;0;0;1;1;0;0;1;0;1;0;0;0;0;1;0;0;0;1;0;1;0;2;1;0;1;1;0;0;0;0;0;1;1;1;0;0;1;0;0;1;0;0;1;1;1;0;0;2;0;0;0;1;1;0;0;1;0;0;0;0;1;0;0;0;0;1;0;0;1;1;1;1;1;0;1;0;0;0;1;0;0;1;0;0;0;1;0;0;0;1;1;0;1;0;0;1;0;0;0;0;0;0;0;1;0;1;0;1;0;0;1;1;1;1;2;1;0;1;1;0;0;0;2;1;0;0;0;0;1;0;0;1;1;1;1;0;0;0;0;0;0;0;0;1;0,377873257414;0,41241597256;0,588108974435;0,419221004152;0,489507192389;18,3414523861;0;0;0;0
1;0;1;0;1;0;1;0;1;0;0;0;0;0;1;1;0;0;0;1;1;0;0;0;0;0;1;1;1;0;0;1;0;2;0;0;1;1;0;0;1;0;1;0;0;0;0;1;0;0;0;1;0;1;0;2;1;0;1;1;0;0;0;0;0;1;1;1;0;0;1;0;0;1;0;0;1;1;1;0;0;2;0;0;0;1;1;0;0;1;0;0;0;0;1;0;0;0;0;1;0;0;1;1;1;1;1;0;1;0;0;0;1;0;0;1;0;0;0;1;0;0;0;1;1;0;1;0;0;1;0;0;0;0;0;0;0;1;0;0;0;1;0;0;1;1;1;1;2;1;0;1;1;0;0;0;2;1;0;0;0;0;0;0;0;1;1;1;1;0;0;0;0;0;0;0;0;1;0,385395873862;0,418186246095;0,600536802712;0,424925126028;0,497694101409;18,3689953511;0;0;0;0
1;0;1;0;1;0;1;0;1;0;0;0;0;0;1;1;0;0;0;1;1;0;0;0;0;0;1;1;1;0;0;1;0;2;0;0;1;1;0;0;1;0;1;0;0;0;0;1;0;0;0;1;0;1;0;2;1;0;1;1;0;0;0;0;0;1;1;1;0;0;1;0;0;1;0;0;1;1;1;0;0;2;0;0;0;1;1;0;0;1;0;0;0;0;1;0;0;0;0;1;0;0;1;1;1;1;1;0;1;0;0;0;1;0;0;1;0;0;0;1;0;0;0;1;1;0;1;0;0;1;0;0;0;0;0;0;0;1;0;0;0;1;0;0;1;1;1;1;2;1;0;1;1;0;0;0;2;1;0;0;0;0;0;0;0;1;1;1;1;0;0;0;0;0;0;0;0;1;0,385395873862;0,418186246095;0,600536802712;0,424925126028;0,497694101409;18,3689953511;0;0;0;0
1;0;1;0;1;0;1;0;1;0;0;0;0;0;1;1;0;0;0;1;1;0;0;0;0;0;1;1;1;0;0;1;0;2;0;0;1;1;0;0;1;0;1;0;0;0;0;1;0;0;0;1;0;1;0;2;1;0;1;1;0;0;0;0;0;1;1;1;0;0;1;0;0;1;0;0;1;1;1;0;0;2;0;0;0;1;1;0;0;1;0;0;0;0;1;0;0;0;0;1;0;0;1;1;1;1;1;0;1;0;0;0;1;0;0;1;0;0;0;1;0;0;0;1;1;0;1;0;0;1;0;0;0;0;0;0;0;1;0;0;0;1;0;0;1;1;1;1;2;1;0;1;1;0;0;0;2;1;0;0;0;0;0;0;0;1;1;1;1;0;0;0;0;0;0;0;0;1;0,385395873862;0,418186246095;0,600536802712;0,424925126028;0,497694101409;18,3689953511;0;0;0;0
1;0;1;0;1;0;1;0;1;0;0;0;0;0;1;1;0;0;0;1;1;0;0;0;0;0;1;1;1;0;0;1;0;2;0;0;1;1;0;0;1;0;1;0;0;0;0;1;0;0;0;1;0;1;0;2;1;0;1;1;0;0;0;0;0;1;1;1;0;0;1;0;0;1;0;0;1;1;1;0;0;2;0;0;0;1;1;0;0;1;0;0;0;0;1;0;0;0;0;1;0;0;1;1;1;1;1;0;1;0;0;0;1;0;0;1;0;0;0;1;0;0;0;1;1;0;1;0;0;1;0;0;0;0;0;0;0;1;0;0;0;1;0;0;1;1;1;1;2;1;0;1;1;0;0;0;2;1;0;0;0;0;0;0;0;1;1;1;1;0;0;0;0;0;0;0;0;1;0,385395873862;0,418186246095;0,600536802712;0,424925126028;0,497694101409;18,3689953511;0;0;0;0
1;0;1;0;1;0;1;0;1;0;0;0;0;0;1;1;0;0;0;1;1;0;0;0;0;0;1;1;1;0;0;1;0;2;0;0;1;1;0;0;1;0;1;0;0;0;0;1;0;0;0;1;0;1;0;2;1;0;1;1;0;0;0;0;0;1;1;1;0;0;1;0;0;1;0;0;1;1;1;0;0;2;0;0;0;1;1;0;0;1;0;0;0;0;1;0;0;0;0;1;0;0;1;1;1;1;1;0;1;0;0;0;1;0;0;1;0;0;0;1;0;0;0;1;1;0;1;0;0;1;0;0;0;0;0;0;0;1;0;0;0;1;0;0;1;1;1;1;2;1;0;1;1;0;0;0;2;1;0;0;0;0;0;0;0;1;1;1;1;0;0;0;0;0;0;0;0;1;0,385395873862;0,418186246095;0,600536802712;0,424925126028;0,497694101409;18,3689953511;0;0;0;0
1;0;1;0;1;0;1;0;1;0;0;0;0;0;1;1;0;0;0;1;1;0;0;0;0;0;1;1;1;0;0;1;0;2;0;0;1;1;0;0;1;0;1;0;0;0;0;1;0;0;0;1;0;1;0;2;1;0;1;1;0;0;0;0;0;1;1;1;0;0;1;0;0;1;0;0;1;1;1;0;0;2;0;0;0;1;1;0;0;1;0;0;0;0;1;0;0;0;0;1;0;0;1;1;1;1;1;0;1;0;0;0;1;0;0;1;0;0;0;1;0;0;0;1;1;0;1;0;0;1;0;0;0;0;0;0;0;1;0;0;0;1;0;0;1;1;1;1;2;1;0;1;1;0;0;0;2;1;0;0;0;0;0;0;0;1;1;1;1;0;0;0;0;0;0;0;0;1;0,385395873862;0,418186246095;0,600536802712;0,424925126028;0,497694101409;18,3689953511;0;0;0;0
1;0;1;0;1;0;1;0;1;0;0;0;0;0;1;1;0;0;0;1;1;0;0;0;0;0;1;1;1;0;0;1;0;2;0;0;1;1;0;0;1;0;1;0;0;0;0;1;0;0;0;1;0;1;0;2;1;0;1;1;0;0;0;0;0;1;1;1;0;0;1;0;0;1;0;0;1;1;1;0;0;2;0;0;0;1;1;0;0;1;0;0;0;0;1;0;0;0;0;1;0;0;1;1;1;1;1;0;1;0;0;0;1;0;0;1;0;0;0;1;0;0;0;1;1;0;1;0;0;1;0;0;0;0;0;0;0;1;0;0;0;1;0;0;1;1;1;1;2;1;0;1;1;0;0;0;2;1;0;0;0;0;0;0;0;1;1;1;1;0;0;0;0;0;0;0;0;1;0,385395873862;0,418186246095;0,600536802712;0,424925126028;0,497694101409;18,3689953511;0;0;0;0
1;0;1;0;1;0;1;0;1;0;0;0;0;0;1;1;0;0;0;1;1;0;0;0;0;0;1;1;1;0;0;1;0;2;0;0;1;1;0;0;1;0;1;0;0;1;0;1;0;0;0;1;0;1;0;2;1;0;1;1;0;0;0;0;0;1;1;1;0;0;1;0;0;1;0;0;1;1;1;0;0;2;0;1;0;1;1;2;0;1;0;0;0;0;1;0;0;0;0;1;0;0;1;1;1;1;1;0;1;0;0;0;1;0;1;1;0;0;0;1;0;0;0;1;1;0;1;1;0;1;0;0;0;0;0;0;1;1;0;1;0;1;0;0;1;1;1;1;2;1;0;1;1;1;0;0;2;1;0;0;0;0;1;1;0;1;1;1;1;0;0;0;0;0;0;0;0;1;0,350664849459;0,381156619275;0,523028457497;0,388213999749;0,445648614927;18,4180180079;0;0;0;0
1;0;1;0;1;0;1;0;1;0;0;0;0;0;1;1;0;0;0;1;1;0;0;0;0;0;1;1;1;0;0;1;0;2;0;0;1;1;0;0;1;0;1;0;0;1;0;1;0;0;0;1;0;1;0;2;1;0;1;1;0;0;0;0;0;1;1;1;0;0;1;0;0;1;0;0;1;1;1;0;0;2;0;1;0;1;1;2;0;1;0;0;0;0;1;0;0;0;0;1;0;0;1;1;1;1;1;0;1;0;0;0;1;0;1;1;0;0;0;1;0;0;0;1;1;0;1;1;0;1;0;0;0;0;0;0;1;1;0;1;0;1;0;0;1;1;1;1;2;1;0;1;1;1;0;0;2;1;0;0;0;0;1;1;0;1;1;1;1;0;0;0;0;0;0;0;0;1;0,350664849459;0,381156619275;0,523028457497;0,388213999749;0,445648614927;18,4180180079;0;0;0;0
1;0;1;0;1;0;1;0;1;0;0;0;0;0;1;1;0;0;0;1;1;0;0;0;0;0;1;1;1;0;0;1;0;2;0;0;1;1;0;0;1;0;1;0;0;1;0;1;0;0;0;1;0;1;0;2;1;0;1;1;0;0;0;0;0;1;1;1;0;0;1;0;0;1;0;0;1;1;1;0;0;2;0;1;0;1;1;2;0;1;0;0;0;0;1;0;0;0;0;1;0;0;1;1;1;1;1;0;1;0;0;0;1;0;1;1;0;0;0;1;0;0;0;1;1;0;1;1;0;1;0;0;0;0;0;0;1;1;0;1;0;1;0;0;1;1;1;1;2;1;0;1;1;1;0;0;2;1;0;0;0;0;1;1;0;1;1;1;1;0;0;0;0;0;0;0;0;1;0,350664849459;0,381156619275;0,523028457497;0,388213999749;0,445648614927;18,4180180079;0;0;0;0
1;0;1;0;1;0;1;0;1;0;0;0;0;0;1;1;0;0;0;1;1;0;0;0;0;0;1;1;1;0;0;1;0;2;0;0;1;1;0;0;1;0;1;0;0;0;0;1;0;0;0;1;0;1;0;0;1;0;1;1;0;0;0;0;0;1;1;1;0;0;1;0;0;1;0;0;1;1;1;0;0;2;0;0;0;1;1;2;0;1;0;0;0;0;1;0;0;0;0;1;0;0;1;1;1;1;1;0;1;0;0;0;1;0;1;1;0;0;0;1;0;0;0;1;1;0;1;1;0;1;0;0;0;0;0;0;1;1;0;1;0;1;0;0;1;1;1;1;2;1;0;1;1;1;0;0;0;1;0;0;0;0;1;0;0;1;1;1;1;0;0;0;0;0;0;1;0;1;0,364273824466;0,397962645728;0,572435503082;0,405041606123;0,474405371516;19,2427791939;0;0;0;0
1;0;1;0;1;0;1;0;1;0;0;0;0;0;1;1;0;0;0;1;1;0;0;0;0;0;1;1;1;0;0;1;0;2;0;0;1;1;0;0;1;0;1;0;0;0;0;1;0;0;0;1;0;1;0;0;1;0;1;1;0;0;0;0;0;1;1;1;0;0;1;0;0;1;0;0;1;1;1;0;0;2;0;0;0;1;1;2;0;1;0;0;0;0;1;0;0;0;0;1;0;0;1;1;1;1;1;0;1;0;0;0;1;0;1;1;0;0;0;1;0;0;0;1;1;0;1;1;0;1;0;0;0;0;0;0;1;1;0;1;0;1;0;0;1;1;1;1;2;1;0;1;1;1;0;0;0;1;0;0;0;0;1;0;0;1;1;1;1;0;0;0;0;0;0;1;0;1;0,364273824466;0,397962645728;0,572435503082;0,405041606123;0,474405371516;19,2427791939;0;0;0;0
1;0;1;0;1;0;1;0;1;0;0;0;0;0;1;1;0;0;0;1;1;0;0;0;0;0;1;1;1;0;0;1;0;2;0;0;1;1;0;0;1;0;1;0;0;0;0;1;0;0;0;1;0;1;0;0;1;0;1;1;0;0;0;0;0;1;1;1;0;0;1;0;0;1;0;0;1;1;1;0;0;2;0;0;0;1;1;2;0;1;0;0;0;0;1;0;0;0;0;1;0;0;1;1;1;1;1;0;1;0;0;0;1;0;1;1;0;0;0;1;0;0;0;1;1;0;1;1;0;1;0;0;0;0;0;0;1;1;0;1;0;1;0;0;1;1;1;1;2;1;0;1;1;1;0;0;0;1;0;0;0;0;1;0;0;1;1;1;1;0;0;0;0;0;0;1;0;1;0,364273824466;0,397962645728;0,572435503082;0,405041606123;0,474405371516;19,2427791939;0;0;0;0
1;0;1;0;1;0;1;0;1;0;0;0;0;0;1;1;0;0;0;1;1;0;0;0;0;0;1;1;1;0;0;1;0;2;0;0;1;1;0;0;1;0;1;0;0;0;0;1;0;0;0;1;0;1;0;0;1;0;1;1;0;0;0;0;0;1;1;1;0;0;1;0;0;1;0;0;1;1;1;0;0;2;0;0;0;1;1;2;0;1;0;0;0;0;1;0;0;0;0;1;0;0;1;1;1;1;1;0;1;0;0;0;1;0;1;1;0;0;0;1;0;0;0;1;1;0;1;1;0;1;0;0;0;0;0;0;1;1;0;1;0;1;0;0;1;1;1;1;2;1;0;1;1;1;0;0;0;1;0;0;0;0;1;0;0;1;1;1;1;0;0;0;0;0;0;1;0;1;0,364273824466;0,397962645728;0,572435503082;0,405041606123;0,474405371516;19,2427791939;0;0;0;0
2;1;2;1;2;1;2;1;2;1;1;0;1;1;2;2;1;1;1;2;2;1;1;0;1;1;2;2;2;1;1;2;1;3;1;1;2;2;1;1;2;1;2;1;1;1;1;2;1;1;1;2;1;2;1;3;2;1;2;2;1;1;1;1;1;2;2;2;1;1;2;1;1;2;1;1;2;2;2;1;1;3;1;1;1;2;2;1;1;2;1;1;1;1;1;1;1;0;1;2;1;1;2;2;2;2;2;1;2;1;1;1;2;1;1;2;1;1;1;2;1;1;1;2;2;1;2;1;1;2;1;1;1;1;1;1;1;2;1;1;1;2;1;1;2;2;2;2;3;2;1;2;2;1;1;1;3;2;1;1;1;1;1;1;1;2;2;2;2;1;1;1;1;1;1;1;1;2;0,385681522697;0,430006529544;0,567553362102;0,440397787697;0,495955077028;20,2363109192;0;0;0;0
2;1;2;1;2;1;2;1;2;1;1;0;1;1;2;2;1;1;1;2;2;1;1;0;1;1;2;2;2;1;1;2;1;3;1;1;2;2;1;1;2;1;2;1;1;1;1;2;1;1;1;2;1;2;1;3;2;1;2;2;1;1;1;1;1;2;2;2;1;1;2;1;1;2;1;1;2;2;2;1;1;3;1;1;1;2;2;1;1;2;1;1;1;1;1;1;1;0;1;2;1;1;2;2;2;2;2;1;2;1;1;1;2;1;1;2;1;1;1;2;1;1;1;2;2;1;2;1;1;2;1;1;1;1;1;1;1;2;1;1;1;2;1;1;2;2;2;2;3;2;1;2;2;1;1;1;3;2;1;1;1;1;1;1;1;2;2;2;2;1;1;1;1;1;1;1;1;2;0,385681522697;0,430006529544;0,567553362102;0,440397787697;0,495955077028;20,2363109192;0;0;0;0
2;1;2;1;2;1;2;1;2;1;1;0;1;1;2;2;1;1;1;2;2;1;1;0;1;1;2;2;2;1;1;2;1;3;1;1;2;2;1;1;2;1;2;1;1;1;1;2;1;1;1;2;1;2;1;3;2;1;2;2;1;1;1;1;1;2;2;2;1;1;2;1;1;2;1;1;2;2;2;1;1;3;1;1;1;2;2;1;1;2;1;1;1;1;1;1;1;0;1;2;1;1;2;2;2;2;2;1;2;1;1;1;2;1;1;2;1;1;1;2;1;1;1;2;2;1;2;1;1;2;1;1;1;1;1;1;1;2;1;1;1;2;1;1;2;2;2;2;3;2;1;2;2;1;1;1;3;2;1;1;1;1;1;1;1;2;2;2;2;1;1;1;1;1;1;1;1;2;0,385681522697;0,430006529544;0,567553362102;0,440397787697;0,495955077028;20,2363109192;0;0;0;0
