10;40;30;db;Minkowski_2;4;2
1;0;0;3;1;0;3;3;3;1;3;2;0;3;1;0;1;3;3;0;1;1;0;1;3;3;0;3;1;0;0;1;0;0;3;0;1;3;0;1;3;3;1;0;0;1;3;0;0;3;3;1;1;1;0;0;3;0;0;0;1;3;1;1;3;0;0;1;3;3;3;1;1;1;1;1;1;3;1;0;1;0;3;3;3;0;3;1;1;1;1;0;3;3;0;1;3;0;0;3;3;1;1;0;0;1;3;1;0;1;0;1;0;1;0;0;0;3;1;1;0;1;0;3;3;1;1;0;1;3;1;0;0;0;3;3;1;1;3;3;3;0;3;3;0;1;1;0;1;1;2;1;1;1;3;1;0;0;3;3;1;0;3;3;0;3;0;0;3;3;0;0;3;3;1;0;3;1;0,527994076485;0,497066147979;0,505186521103;0,533758628151;0,519079692817;0,599918514538;0;0;0;0
1;0;0;3;1;0;3;3;3;1;3;2;0;3;1;0;1;3;3;0;1;1;0;1;3;3;0;3;1;0;0;1;0;0;3;0;1;3;0;1;3;3;1;0;0;1;3;0;0;3;3;1;1;1;0;0;3;0;0;0;1;3;1;1;3;0;0;1;3;3;3;1;1;1;1;1;1;3;1;0;1;0;3;3;3;0;3;1;1;1;1;0;3;3;0;1;3;0;0;3;3;1;1;0;0;1;3;1;0;1;0;1;0;1;0;0;0;3;1;1;0;1;0;3;3;1;1;0;1;3;1;0;0;0;3;3;1;1;3;3;3;0;3;3;0;1;1;0;1;1;2;1;1;1;3;1;0;0;3;3;1;0;3;3;0;3;0;0;3;3;0;0;3;3;1;0;3;1;0,527994076485;0,497066147979;0,505186521103;0,533758628151;0,519079692817;0,599918514538;0;0;0;0
1;1;0;1;1;0;1;1;1;0;1;1;0;1;1;0;1;1;1;0;1;1;0;1;1;1;0;1;1;0;0;1;0;0;1;0;1;1;0;1;1;1;1;0;0;1;1;0;0;1;1;1;1;1;0;0;1;0;0;0;1;1;1;1;1;0;0;1;1;1;1;1;1;1;1;1;0;1;0;0;1;0;1;1;1;0;1;1;1;1;0;0;1;1;0;1;1;0;0;1;1;1;1;1;0;1;1;1;0;1;1;1;0;1;0;0;0;1;0;1;0;1;0;1;1;1;1;0;1;1;1;0;0;0;1;1;1;1;1;1;1;1;1;1;0;1;1;0;1;1;1;1;1;0;1;1;0;0;1;1;1;0;1;1;0;1;0;0;1;1;0;0;1;1;1;0;1;1;0,414231865201;0,418539430247;0,71643975941;0,421588580568;0,53081774965;0,680605424566;0;0;0;0
1;1;0;1;1;0;1;1;1;0;1;1;1;1;1;0;1;1;1;0;1;1;0;1;1;1;0;1;1;0;0;1;0;0;1;0;1;1;0;1;1;1;1;0;0;1;1;0;0;1;1;1;1;1;0;0;1;0;0;0;1;1;1;1;1;0;0;1;1;1;1;1;1;1;1;1;0;1;0;0;1;0;1;1;1;0;1;1;1;1;0;0;1;1;0;1;1;0;0;1;1;1;1;1;0;1;1;1;0;1;1;1;0;1;0;0;0;1;1;1;0;1;0;1;1;1;1;0;1;1;1;0;0;0;1;1;1;1;1;1;1;1;1;1;0;1;1;0;1;1;1;1;1;0;1;0;0;0;1;1;1;0;1;1;0;1;0;0;1;1;0;0;1;1;1;0;1;1;0,420143239837;0,423505058324;0,729251405152;0,426528642496;0,538245339173;0,69393411669;0;0;0;0
1;1;0;1;1;0;1;1;1;0;1;1;1;1;1;0;1;1;1;0;1;1;0;1;1;1;0;1;1;0;0;1;0;0;1;0;1;1;0;1;1;1;1;0;0;1;1;0;0;1;1;1;1;1;0;0;1;0;0;0;1;1;1;1;1;0;0;1;1;1;1;1;1;1;1;1;0;1;0;0;1;0;1;1;1;0;1;1;1;1;0;0;1;1;0;1;1;0;0;1;1;1;1;1;0;1;1;1;0;1;1;1;0;1;0;0;0;1;1;1;0;1;0;1;1;1;1;0;1;1;1;0;0;0;1;1;1;1;1;1;1;1;1;1;0;1;1;0;1;1;1;1;1;0;1;0;0;0;1;1;1;0;1;1;0;1;0;0;1;1;0;0;1;1;1;0;1;1;0,420143239837;0,423505058324;0,729251405152;0,426528642496;0,538245339173;0,69393411669;0;0;0;0
1;1;0;1;1;0;1;1;1;1;1;1;1;1;1;0;1;1;1;0;1;1;1;1;1;1;0;1;1;0;0;1;0;0;1;0;1;1;0;1;1;1;1;0;0;1;1;0;0;1;1;1;1;1;1;0;1;0;0;0;1;1;1;1;1;0;0;1;1;1;1;1;1;1;1;1;0;1;0;0;1;0;1;1;1;0;1;1;1;1;0;0;1;1;0;1;1;0;0;1;1;1;1;1;1;1;1;1;0;1;1;1;0;1;0;1;0;1;1;1;0;1;0;1;1;1;1;0;1;1;1;1;0;0;1;1;1;1;1;1;1;1;1;1;0;1;1;0;1;1;1;1;1;1;1;1;0;0;1;1;1;0;1;1;1;1;0;0;1;1;1;0;1;1;1;0;1;1;0,413644647134;0,401010117157;0,745922679507;0,404158253128;0,524260160418;0,707113004134;0;0;0;0
0;0;1;0;0;1;0;0;0;0;0;0;0;0;0;0;0;0;0;1;0;0;0;0;0;0;1;0;0;1;1;0;0;1;0;1;0;0;1;0;0;0;0;1;0;0;0;1;1;0;0;0;0;0;0;1;0;0;0;0;0;0;0;0;0;1;1;0;0;0;0;0;0;0;0;0;0;0;1;0;0;1;0;0;0;1;0;0;0;0;0;1;0;0;1;0;0;1;1;0;0;0;0;0;0;0;0;0;1;0;0;0;1;0;1;0;1;0;0;0;0;0;1;0;0;0;0;1;0;0;0;1;0;1;0;0;0;0;0;0;0;0;0;0;1;0;0;1;0;0;0;0;0;0;0;0;1;1;0;0;0;1;0;0;0;0;1;1;0;0;0;1;0;0;0;1;0;0;0,318745967099;0,32631043132;0,681374268962;0,329863771546;0,444525773736;0,719285086299;0;0;0;0
1;1;0;1;1;0;1;1;1;1;1;1;1;1;1;0;1;1;1;0;1;1;1;1;1;1;0;1;1;0;0;1;0;0;1;0;1;1;0;1;1;1;1;0;0;1;1;0;0;1;1;1;1;1;1;0;1;0;0;1;1;1;1;1;1;0;0;1;1;1;1;1;1;1;1;1;1;1;0;0;1;0;1;1;1;0;1;1;1;1;0;0;1;1;0;1;1;0;1;1;1;1;1;1;1;1;1;1;0;1;1;1;0;1;0;1;0;1;1;1;1;1;1;1;1;1;1;0;1;1;1;0;0;0;1;1;1;1;1;1;1;1;1;1;0;1;1;0;1;1;1;1;1;1;1;1;0;0;1;1;1;0;1;1;1;1;0;0;1;1;1;0;1;1;1;0;1;1;0,444723838583;0,459714493309;0,888495002697;0,462557478091;0,608384964446;0,720603872758;0;0;0;0
1;1;0;1;1;0;1;1;1;1;1;1;1;1;1;0;1;1;1;0;1;1;1;1;1;1;0;1;1;0;0;1;0;0;1;0;1;1;0;1;1;1;1;0;0;1;1;0;0;1;1;1;1;1;1;0;1;0;0;1;1;1;1;1;1;0;0;1;1;1;1;1;1;1;1;1;1;1;0;0;1;0;1;1;1;0;1;1;1;1;0;0;1;1;0;1;1;0;1;1;1;1;1;1;1;1;1;1;0;1;1;1;0;1;0;1;0;1;1;1;1;1;1;1;1;1;1;0;1;1;1;0;0;0;1;1;1;1;1;1;1;1;1;1;0;1;1;0;1;1;1;1;1;1;1;1;0;0;1;1;1;0;1;1;1;1;0;0;1;1;1;0;1;1;1;0;1;1;0,444723838583;0,459714493309;0,888495002697;0,462557478091;0,608384964446;0,720603872758;0;0;0;0
0;0;0;0;0;0;0;1;0;0;0;0;0;0;0;0;0;0;0;0;0;0;0;0;0;0;0;0;0;0;0;0;0;0;0;0;0;0;0;0;0;0;0;0;0;0;0;0;0;0;0;0;0;0;0;0;0;0;0;0;0;0;0;0;0;0;0;0;0;0;0;0;0;0;0;0;0;0;0;0;0;0;0;0;0;0;0;0;0;0;0;0;0;0;0;0;0;0;0;0;0;0;0;0;0;0;0;0;0;0;0;0;0;0;0;0;0;0;0;0;0;0;0;0;0;0;1;0;0;0;0;0;0;0;0;0;0;0;0;0;0;0;0;0;0;0;0;0;0;0;0;0;0;0;0;0;0;0;0;0;0;0;0;0;0;0;0;0;0;0;0;0;0;0;0;0;0;0;-0,00369086112956;0,00307094496098;0,16919271468;0,00959764053328;0,0181648596694;0,763486551284;0;0;0;0
0;0;0;0;0;0;0;1;0;0;0;0;0;0;0;0;0;0;0;0;0;0;0;0;0;0;0;0;0;0;0;0;0;0;0;0;0;0;0;0;0;0;0;0;0;0;0;0;0;0;0;0;0;0;0;0;0;0;0;0;0;0;0;0;0;0;0;0;0;0;0;0;0;0;0;0;0;0;0;0;0;0;0;0;0;0;0;0;0;0;0;0;0;0;0;0;0;0;0;0;0;0;0;0;0;0;0;0;0;0;0;0;0;0;0;0;0;0;0;0;0;0;0;0;0;0;1;0;0;0;0;0;0;0;0;0;0;0;0;0;0;0;0;0;0;0;0;0;0;0;0;0;0;0;0;0;0;0;0;0;0;0;0;0;0;0;0;0;0;0;0;0;0;0;0;0;0;0;-0,00369086112956;0,00307094496098;0,16919271468;0,00959764053328;0,0181648596694;0,763486551284;0;0;0;0
0;0;0;0;0;0;0;1;0;0;0;0;0;0;0;0;0;0;0;0;0;0;0;0;0;0;0;0;0;0;0;0;0;0;0;0;0;0;0;0;0;0;0;0;0;0;0;0;0;0;0;0;0;0;0;0;0;0;0;0;0;0;0;0;0;0;0;0;0;0;0;0;0;0;0;0;0;0;0;0;0;0;0;0;0;0;0;0;0;0;0;0;0;0;0;0;0;0;0;0;0;0;0;0;0;0;0;0;0;0;0;0;0;0;0;0;0;0;0;0;0;0;0;0;0;0;1;0;0;0;0;0;0;0;0;0;0;0;0;0;0;0;0;0;0;0;0;0;0;0;0;0;0;0;0;0;0;0;0;0;0;0;0;0;0;0;0;0;0;0;0;0;0;0;0;0;0;0;-0,00369086112956;0,00307094496098;0,16919271468;0,00959764053328;0,0181648596694;0,763486551284;0;0;0;0
0;0;0;0;0;0;0;1;0;0;0;0;0;0;0;0;0;0;0;0;0;0;0;0;0;0;0;0;0;0;0;0;0;0;0;0;0;0;0;0;0;0;0;0;0;0;0;0;0;0;0;0;0;0;0;0;0;0;0;0;0;0;0;0;0;0;0;0;0;0;0;0;0;0;0;0;0;0;0;0;0;0;0;0;0;0;0;0;0;0;0;0;0;0;0;0;0;0;0;0;0;0;0;0;0;0;0;0;0;0;0;0;0;0;0;0;0;0;0;0;0;0;0;0;0;0;1;0;0;0;0;0;0;0;0;0;0;0;0;0;0;0;0;0;0;0;0;0;0;0;0;0;0;0;0;0;0;0;0;0;0;0;0;0;0;0;0;0;0;0;0;0;0;0;0;0;0;0;-0,00369086112956;0,00307094496098;0,16919271468;0,00959764053328;0,0181648596694;0,763486551284;0;0;0;0
0;0;0;0;0;0;0;1;0;0;0;0;0;0;0;0;0;0;0;0;0;0;0;0;0;0;0;0;0;0;0;0;0;0;0;0;0;0;0;0;0;0;0;0;0;0;0;0;0;0;0;0;0;0;0;0;0;0;0;0;0;0;0;0;0;0;0;0;0;0;0;0;0;0;0;0;0;0;0;0;0;0;0;0;0;0;0;0;0;0;0;0;0;0;0;0;0;0;0;0;0;0;0;0;0;0;0;0;0;0;0;0;0;0;0;0;0;0;0;0;0;0;0;0;0;0;1;0;0;0;0;0;0;0;0;0;0;0;0;0;0;0;0;0;0;0;0;0;0;0;0;0;0;0;0;0;0;0;0;0;0;0;0;0;0;0;0;0;0;0;0;0;0;0;0;0;0;0;-0,00369086112956;0,00307094496098;0,16919271468;0,00959764053328;0,0181648596694;0,763486551284;0;0;0;0
0;0;0;0;0;0;0;1;0;0;0;0;0;0;0;0;0;0;0;0;0;0;0;0;0;0;0;0;0;0;0;0;0;0;0;0;0;0;0;0;0;0;0;0;0;0;0;0;0;0;0;0;0;0;0;0;0;0;0;0;0;0;0;0;0;0;0;0;0;0;0;0;0;0;0;0;0;0;0;0;0;0;0;0;0;0;0;0;0;0;0;0;0;0;0;0;0;0;0;0;0;0;0;0;0;0;0;0;0;0;0;0;0;0;0;0;0;0;0;0;0;0;0;0;0;0;1;0;0;0;0;0;0;0;0;0;0;0;0;0;0;0;0;0;0;0;0;0;0;0;0;0;0;0;0;0;0;0;0;0;0;0;0;0;0;0;0;0;0;0;0;0;0;0;0;0;0;0;-0,00369086112956;0,00307094496098;0,16919271468;0,00959764053328;0,0181648596694;0,763486551284;0;0;0;0
0;0;0;0;0;0;0;1;0;0;0;0;0;0;0;0;0;0;0;0;0;0;0;0;0;0;0;0;0;0;0;0;0;0;0;0;0;0;0;0;0;0;0;0;0;0;0;0;0;0;0;0;0;0;0;0;0;0;0;0;0;0;0;0;0;0;0;0;0;0;0;0;0;0;0;0;0;0;0;0;0;0;0;0;0;0;0;0;0;0;0;0;0;0;0;0;0;0;0;0;0;0;0;0;0;0;0;0;0;0;0;0;0;0;0;0;0;0;0;0;0;0;0;0;0;0;1;0;0;0;0;0;0;0;0;0;0;0;0;0;0;0;0;0;0;0;0;0;0;0;0;0;0;0;0;0;0;0;0;0;0;0;0;0;0;0;0;0;0;0;0;0;0;0;0;0;0;0;-0,00369086112956;0,00307094496098;0,16919271468;0,00959764053328;0,0181648596694;0,763486551284;0;0;0;0
0;0;0;0;0;0;0;1;0;0;0;0;0;0;0;0;0;0;0;0;0;0;0;0;0;0;0;0;0;0;0;0;0;0;0;0;0;0;0;0;0;0;0;0;0;0;0;0;0;0;0;0;0;0;0;0;0;0;0;0;0;0;0;0;0;0;0;0;0;0;0;0;0;0;0;0;0;0;0;0;0;0;0;0;0;0;0;0;0;0;0;0;0;0;0;0;0;0;0;0;0;0;0;0;0;0;0;0;0;0;0;0;0;0;0;0;0;0;0;0;0;0;0;0;0;0;1;0;0;0;0;0;0;0;0;0;0;0;0;0;0;0;0;0;0;0;0;0;0;0;0;0;0;0;0;0;0;0;0;0;0;0;0;0;0;0;0;0;0;0;0;0;0;0;0;0;0;0;-0,00369086112956;0,00307094496098;0,16919271468;0,00959764053328;0,0181648596694;0,763486551284;0;0;0;0
0;0;0;0;0;0;0;1;0;0;0;0;0;0;0;0;0;0;0;0;0;0;0;0;0;0;0;0;0;0;0;0;0;0;0;0;0;0;0;0;0;0;0;0;0;0;0;0;0;0;0;0;0;0;0;0;0;0;0;0;0;0;0;0;0;0;0;0;0;0;0;0;0;0;0;0;0;0;0;0;0;0;0;0;0;0;0;0;0;0;0;0;0;0;0;0;0;0;0;0;0;0;0;0;0;0;0;0;0;0;0;0;0;0;0;0;0;0;0;0;0;0;0;0;0;0;1;0;0;0;0;0;0;0;0;0;0;0;0;0;0;0;0;0;0;0;0;0;0;0;0;0;0;0;0;0;0;0;0;0;0;0;0;0;0;0;0;0;0;0;0;0;0;0;0;0;0;0;-0,00369086112956;0,00307094496098;0,16919271468;0,00959764053328;0,0181648596694;0,763486551284;0;0;0;0
0;0;0;0;0;0;0;1;0;0;0;0;0;0;0;0;0;0;0;0;0;0;0;0;0;0;0;0;0;0;0;0;0;0;0;0;0;0;0;0;0;0;0;0;0;0;0;0;0;0;0;0;0;0;0;0;0;0;0;0;0;0;0;0;0;0;0;0;0;0;0;0;0;0;0;0;0;0;0;0;0;0;0;0;0;0;0;0;0;0;0;0;0;0;0;0;0;0;0;0;0;0;0;0;0;0;0;0;0;0;0;0;0;0;0;0;0;0;0;0;0;0;0;0;0;0;1;0;0;0;0;0;0;0;0;0;0;0;0;0;0;0;0;0;0;0;0;0;0;0;0;0;0;0;0;0;0;0;0;0;0;0;0;0;0;0;0;0;0;0;0;0;0;0;0;0;0;0;-0,00369086112956;0,00307094496098;0,16919271468;0,00959764053328;0,0181648596694;0,763486551284;0;0;0;0
0;0;0;0;0;0;0;1;0;0;0;0;0;0;0;0;0;0;0;0;0;0;0;0;0;0;0;0;0;0;0;0;0;0;0;0;0;0;0;0;0;0;0;0;0;0;0;0;0;0;0;0;0;0;0;0;0;0;0;0;0;0;0;0;0;0;0;0;0;0;0;0;0;0;0;0;0;0;0;0;0;0;0;0;0;0;0;0;0;0;0;0;0;0;0;0;0;0;0;0;0;0;0;0;0;0;0;0;0;0;0;0;0;0;0;0;0;0;0;0;0;0;0;0;0;0;1;0;0;0;0;0;0;0;0;0;0;0;0;0;0;0;0;0;0;0;0;0;0;0;0;0;0;0;0;0;0;0;0;0;0;0;0;0;0;0;0;0;0;0;0;0;0;0;0;0;0;0;-0,00369086112956;0,00307094496098;0,16919271468;0,00959764053328;0,0181648596694;0,763486551284;0;0;0;0
0;0;0;0;0;0;0;1;0;0;0;0;0;0;0;0;0;0;0;0;0;0;0;0;0;0;0;0;0;0;0;0;0;0;0;0;0;0;0;0;0;0;0;0;0;0;0;0;0;0;0;0;0;0;0;0;0;0;0;0;0;0;0;0;0;0;0;0;0;0;0;0;0;0;0;0;0;0;0;0;0;0;0;0;0;0;0;0;0;0;0;0;0;0;0;0;0;0;0;0;0;0;0;0;0;0;0;0;0;0;0;0;0;0;0;0;0;0;0;0;0;0;0;0;0;0;1;0;0;0;0;0;0;0;0;0;0;0;0;0;0;0;0;0;0;0;0;0;0;0;0;0;0;0;0;0;0;0;0;0;0;0;0;0;0;0;0;0;0;0;0;0;0;0;0;0;0;0;-0,00369086112956;0,00307094496098;0,16919271468;0,00959764053328;0,0181648596694;0,763486551284;0;0;0;0
0;0;0;0;0;0;0;1;0;0;0;0;0;0;0;0;0;0;0;0;0;0;0;0;0;0;0;0;0;0;0;0;0;0;0;0;0;0;0;0;0;0;0;0;0;0;0;0;0;0;0;0;0;0;0;0;0;0;0;0;0;0;0;0;0;0;0;0;0;0;0;0;0;0;0;0;0;0;0;0;0;0;0;0;0;0;0;0;0;0;0;0;0;0;0;0;0;0;0;0;0;0;0;0;0;0;0;0;0;0;0;0;0;0;0;0;0;0;0;0;0;0;0;0;0;0;1;0;0;0;0;0;0;0;0;0;0;0;0;0;0;0;0;0;0;0;0;0;0;0;0;0;0;0;0;0;0;0;0;0;0;0;0;0;0;0;0;0;0;0;0;0;0;0;0;0;0;0;-0,00369086112956;0,00307094496098;0,16919271468;0,00959764053328;0,0181648596694;0,763486551284;0;0;0;0
0;0;0;0;0;0;0;1;0;0;0;0;0;0;0;0;0;0;0;0;0;0;0;0;0;0;0;0;0;0;0;0;0;0;0;0;0;0;0;0;0;0;0;0;0;0;0;0;0;0;0;0;0;0;0;0;0;0;0;0;0;0;0;0;0;0;0;0;0;0;0;0;0;0;0;0;0;0;0;0;0;0;0;0;0;0;0;0;0;0;0;0;0;0;0;0;0;0;0;0;0;0;0;0;0;0;0;0;0;0;0;0;0;0;0;0;0;0;0;0;0;0;0;0;0;0;1;0;0;0;0;0;0;0;0;0;0;0;0;0;0;0;0;0;0;0;0;0;0;0;0;0;0;0;0;0;0;0;0;0;0;0;0;0;0;0;0;0;0;0;0;0;0;0;0;0;0;0;-0,00369086112956;0,00307094496098;0,16919271468;0,00959764053328;0,0181648596694;0,763486551284;0;0;0;0
0;0;0;0;0;0;0;1;0;0;0;0;0;0;0;0;0;0;0;0;0;0;0;0;0;0;0;0;0;0;0;0;0;0;0;0;0;0;0;0;0;0;0;0;0;0;0;0;0;0;0;0;0;0;0;0;0;0;0;0;0;0;0;0;0;0;0;0;0;0;0;0;0;0;0;0;0;0;0;0;0;0;0;0;0;0;0;0;0;0;0;0;0;0;0;0;0;0;0;0;0;0;0;0;0;0;0;0;0;0;0;0;0;0;0;0;0;0;0;0;0;0;0;0;0;0;1;0;0;0;0;0;0;0;0;0;0;0;0;0;0;0;0;0;0;0;0;0;0;0;0;0;0;0;0;0;0;0;0;0;0;0;0;0;0;0;0;0;0;0;0;0;0;0;0;0;0;0;-0,00369086112956;0,00307094496098;0,16919271468;0,00959764053328;0,0181648596694;0,763486551284;0;0;0;0
0;0;0;0;0;0;0;1;0;0;0;0;0;0;0;0;0;0;0;0;0;0;0;0;0;0;0;0;0;0;0;0;0;0;0;0;0;0;0;0;0;0;0;0;0;0;0;0;0;0;0;0;0;0;0;0;0;0;0;0;0;0;0;0;0;0;0;0;0;0;0;0;0;0;0;0;0;0;0;0;0;0;0;0;0;0;0;0;0;0;0;0;0;0;0;0;0;0;0;0;0;0;0;0;0;0;0;0;0;0;0;0;0;0;0;0;0;0;0;0;0;0;0;0;0;0;1;0;0;0;0;0;0;0;0;0;0;0;0;0;0;0;0;0;0;0;0;0;0;0;0;0;0;0;0;0;0;0;0;0;0;0;0;0;0;0;0;0;0;0;0;0;0;0;0;0;0;0;-0,00369086112956;0,00307094496098;0,16919271468;0,00959764053328;0,0181648596694;0,763486551284;0;0;0;0
0;0;0;0;0;0;0;1;0;0;0;0;0;0;0;0;0;0;0;0;0;0;0;0;0;0;0;0;0;0;0;0;0;0;0;0;0;0;0;0;0;0;0;0;0;0;0;0;0;0;0;0;0;0;0;0;0;0;0;0;0;0;0;0;0;0;0;0;0;0;0;0;0;0;0;0;0;0;0;0;0;0;0;0;0;0;0;0;0;0;0;0;0;0;0;0;0;0;0;0;0;0;0;0;0;0;0;0;0;0;0;0;0;0;0;0;0;0;0;0;0;0;0;0;0;0;1;0;0;0;0;0;0;0;0;0;0;0;0;0;0;0;0;0;0;0;0;0;0;0;0;0;0;0;0;0;0;0;0;0;0;0;0;0;0;0;0;0;0;0;0;0;0;0;0;0;0;0;-0,00369086112956;0,00307094496098;0,16919271468;0,00959764053328;0,0181648596694;0,763486551284;0;0;0;0
0;0;0;0;0;0;0;1;0;0;0;0;0;0;0;0;0;0;0;0;0;0;0;0;0;0;0;0;0;0;0;0;0;0;0;0;0;0;0;0;0;0;0;0;0;0;0;0;0;0;0;0;0;0;0;0;0;0;0;0;0;0;0;0;0;0;0;0;0;0;0;0;0;0;0;0;0;0;0;0;0;0;0;0;0;0;0;0;0;0;0;0;0;0;0;0;0;0;0;0;0;0;0;0;0;0;0;0;0;0;0;0;0;0;0;0;0;0;0;0;0;0;0;0;0;0;1;0;0;0;0;0;0;0;0;0;0;0;0;0;0;0;0;0;0;0;0;0;0;0;0;0;0;0;0;0;0;0;0;0;0;0;0;0;0;0;0;0;0;0;0;0;0;0;0;0;0;0;-0,00369086112956;0,00307094496098;0,16919271468;0,00959764053328;0,0181648596694;0,763486551284;0;0;0;0
0;0;0;0;0;0;0;1;0;0;0;0;0;0;0;0;0;0;0;0;0;0;0;0;0;0;0;0;0;0;0;0;0;0;0;0;0;0;0;0;0;0;0;0;0;0;0;0;0;0;0;0;0;0;0;0;0;0;0;0;0;0;0;0;0;0;0;0;0;0;0;0;0;0;0;0;0;0;0;0;0;0;0;0;0;0;0;0;0;0;0;0;0;0;0;0;0;0;0;0;0;0;0;0;0;0;0;0;0;0;0;0;0;0;0;0;0;0;0;0;0;0;0;0;0;0;1;0;0;0;0;0;0;0;0;0;0;0;0;0;0;0;0;0;0;0;0;0;0;0;0;0;0;0;0;0;0;0;0;0;0;0;0;0;0;0;0;0;0;0;0;0;0;0;0;0;0;0;-0,00369086112956;0,00307094496098;0,16919271468;0,00959764053328;0,0181648596694;0,763486551284;0;0;0;0
0;0;0;0;0;0;0;1;0;0;0;0;0;0;0;0;0;0;0;0;0;0;0;0;0;0;0;0;0;0;0;0;0;0;0;0;0;0;0;0;0;0;0;0;0;0;0;0;0;0;0;0;0;0;0;0;0;0;0;0;0;0;0;0;0;0;0;0;0;0;0;0;0;0;0;0;0;0;0;0;0;0;0;0;0;0;0;0;0;0;0;0;0;0;0;0;0;0;0;0;0;0;0;0;0;0;0;0;0;0;0;0;0;0;0;0;0;0;0;0;0;0;0;0;0;0;1;0;0;0;0;0;0;0;0;0;0;0;0;0;0;0;0;0;0;0;0;0;0;0;0;0;0;0;0;0;0;0;0;0;0;0;0;0;0;0;0;0;0;0;0;0;0;0;0;0;0;0;-0,00369086112956;0,00307094496098;0,16919271468;0,00959764053328;0,0181648596694;0,763486551284;0;0;0;0
0;0;0;0;0;0;0;1;0;0;0;0;0;0;0;0;0;0;0;0;0;0;0;0;0;0;0;0;0;0;0;0;0;0;0;0;0;0;0;0;0;0;0;0;0;0;0;0;0;0;0;0;0;0;0;0;0;0;0;0;0;0;0;0;0;0;0;0;0;0;0;0;0;0;0;0;0;0;0;0;0;0;0;0;0;0;0;0;0;0;0;0;0;0;0;0;0;0;0;0;0;0;0;0;0;0;0;0;0;0;0;0;0;0;0;0;0;0;0;0;0;0;0;0;0;0;1;0;0;0;0;0;0;0;0;0;0;0;0;0;0;0;0;0;0;0;0;0;0;0;0;0;0;0;0;0;0;0;0;0;0;0;0;0;0;0;0;0;0;0;0;0;0;0;0;0;0;0;-0,00369086112956;0,00307094496098;0,16919271468;0,00959764053328;0,0181648596694;0,763486551284;0;0;0;0
