10;40;30;db;Minkowski_2;1;1
0;0;0;1;1;1;0;1;0;1;0;1;0;0;1;0;0;0;0;1;0;1;0;0;0;1;1;1;0;1;0;0;1;2;0;1;0;0;0;0;1;1;0;1;0;1;1;0;1;1;0;2;0;1;0;1;0;0;0;0;0;0;0;0;0;0;1;0;1;0;0;0;1;1;0;1;0;1;0;1;0;1;0;1;0;0;1;0;0;2;1;1;1;0;0;0;0;1;0;0;0;1;0;1;1;0;1;0;0;0;0;0;0;0;0;0;0;0;1;1;1;0;0;0;0;0;2;0;0;0;1;1;1;0;1;0;0;1;0;0;1;1;0;0;1;0;1;1;0;0;0;1;1;0;0;0;0;2;1;1;0;0;0;0;0;1;0;0;1;1;0;0;0;0;0;1;0;0;0,378203828694;0,376167364733;0,54400796675;0,38339332583;0,44979239369;1,74972291326;0;0;0;0
3;4;0;4;4;4;3;4;3;4;4;4;3;3;4;3;3;4;4;4;4;4;4;4;3;4;4;4;4;4;4;2;4;3;3;4;4;4;4;3;4;4;4;4;3;4;4;4;4;4;4;3;4;4;4;4;4;4;4;3;1;4;3;3;4;4;4;4;4;4;1;3;3;4;4;4;4;4;0;4;4;4;4;4;2;3;4;4;4;3;4;4;4;4;4;3;3;4;4;4;4;4;4;4;4;4;4;0;3;4;4;4;3;4;3;4;4;4;4;4;4;4;3;4;3;4;3;3;3;3;4;4;4;4;4;4;4;4;4;4;4;4;4;4;4;4;4;4;3;4;0;4;4;4;4;3;4;3;4;4;4;4;4;4;4;4;4;3;4;4;3;4;4;3;4;4;3;4;0,0573555090441;0,131399238691;0,22532495479;0,153019887964;0,182263350474;2,04457816222;0;0;0;0
3;4;0;4;4;4;3;4;3;4;4;4;3;3;4;3;3;4;4;4;4;4;4;4;3;4;4;4;4;4;4;2;4;3;3;4;4;4;4;3;4;4;4;4;3;4;4;4;4;4;4;3;4;4;4;4;4;4;4;3;1;4;3;3;4;4;4;4;4;4;1;3;3;4;4;4;4;4;0;4;4;4;4;4;2;3;4;4;4;3;4;4;4;4;4;3;3;4;4;4;4;4;4;4;4;4;4;0;3;4;4;4;3;4;3;4;4;4;4;4;4;4;3;4;3;4;3;3;3;3;4;4;4;4;4;4;4;4;4;4;4;4;4;4;4;4;4;4;3;4;0;4;4;4;4;3;4;3;4;4;4;4;4;4;4;4;4;3;4;4;3;4;4;3;4;4;3;4;0,0573555090441;0,131399238691;0,22532495479;0,153019887964;0,182263350474;2,04457816222;0;0;0;0
1;0;0;2;2;2;0;2;0;2;0;2;0;0;2;0;1;0;0;2;0;0;0;0;0;2;2;2;0;2;0;0;2;0;0;3;0;0;0;0;2;2;0;2;0;2;2;0;2;2;0;4;0;2;0;2;0;0;0;0;0;0;0;0;0;0;1;0;2;0;0;0;0;2;0;2;0;2;0;2;0;2;0;1;0;0;2;0;0;4;2;2;2;0;0;0;0;2;0;0;0;2;0;0;2;0;2;0;0;0;0;0;0;0;0;0;0;0;2;2;2;0;0;0;0;0;4;0;0;0;2;2;2;0;2;0;0;2;0;0;2;2;0;0;2;0;2;2;0;0;0;2;2;0;0;0;0;3;2;2;0;0;0;0;0;2;0;0;2;2;0;0;0;0;0;2;0;0;0,387441282242;0,407310764171;0,532616689031;0,422105212782;0,470964959383;2,04612602743;0;0;0;0
1;0;0;2;2;2;0;2;0;2;0;2;0;0;2;0;1;0;0;2;0;0;0;0;0;2;2;2;0;2;0;0;2;0;0;3;0;0;0;0;2;2;0;2;0;2;2;0;2;2;0;4;0;2;0;2;0;0;0;0;0;0;0;0;0;0;0;0;2;0;0;0;0;2;0;2;0;2;0;2;0;2;0;1;0;0;2;0;0;4;2;2;2;0;0;0;0;2;0;0;0;2;0;0;2;0;2;0;0;0;0;0;0;0;0;0;0;0;2;2;2;0;0;0;0;0;4;0;0;0;2;2;2;0;2;0;0;2;0;0;2;2;0;0;2;0;2;2;0;0;0;2;2;0;0;0;0;3;2;2;0;0;0;0;0;2;0;0;2;2;0;0;0;0;0;2;0;0;0,376121204927;0,381447119412;0,512515265387;0,396965375419;0,447399989849;2,07408970123;0;0;0;0
1;0;0;2;2;2;0;2;0;2;0;2;0;0;2;0;1;0;0;2;0;0;0;0;0;2;2;2;0;2;0;0;2;0;0;3;0;0;0;0;2;2;0;2;0;2;2;0;2;2;0;4;0;2;0;2;0;0;0;0;0;0;0;0;0;0;0;0;2;0;0;0;0;2;0;2;0;2;0;2;0;2;0;1;0;0;2;0;0;4;2;2;2;0;0;0;0;2;0;0;0;2;0;0;2;0;2;0;0;0;0;0;0;0;0;0;0;0;2;2;2;0;0;0;0;0;4;0;0;0;2;2;2;0;2;0;0;2;0;0;2;2;0;0;2;0;2;2;0;0;0;2;2;0;0;0;0;3;2;2;0;0;0;0;0;2;0;0;2;2;0;0;0;0;0;2;0;0;0,376121204927;0,381447119412;0,512515265387;0,396965375419;0,447399989849;2,07408970123;0;0;0;0
0;0;0;2;2;2;0;2;0;2;0;2;0;0;0;0;1;0;0;2;0;0;0;0;0;2;2;2;0;2;0;0;2;0;0;3;0;0;0;0;2;2;0;2;0;2;2;0;2;2;0;4;0;2;0;2;0;0;0;0;0;0;0;0;0;0;2;0;2;0;0;0;0;2;0;2;0;2;0;2;0;0;0;1;0;0;2;0;0;4;2;2;2;0;0;0;0;2;0;0;0;2;0;0;2;0;2;0;0;0;0;0;0;0;0;0;0;0;2;2;2;0;0;0;0;0;4;0;0;0;2;2;2;0;2;0;0;2;0;0;2;2;0;0;2;0;2;2;0;0;0;2;2;0;0;0;0;3;2;2;0;0;0;0;0;2;0;0;2;2;0;0;0;0;0;2;0;0;0,410738195734;0,438777111529;0,60283701272;0,452801415425;0,517157097265;2,13916116235;0;0;0;0
0;0;0;2;2;2;0;2;0;2;0;2;0;0;0;0;1;0;0;2;0;0;0;0;0;2;2;2;0;2;0;0;2;0;0;3;0;0;0;0;2;2;0;2;0;2;2;0;2;2;0;4;0;2;0;2;0;0;0;0;0;0;0;0;0;0;2;0;2;0;0;0;0;2;0;2;0;2;0;2;0;0;0;1;0;0;2;0;0;4;2;2;2;0;0;0;0;2;0;0;0;2;0;0;2;0;2;0;0;0;0;0;0;0;0;0;0;0;2;2;2;0;0;0;0;0;4;0;0;0;2;2;2;0;2;0;0;2;0;0;2;2;0;0;2;0;2;2;0;0;0;2;2;0;0;0;0;3;2;2;0;0;0;0;0;2;0;0;2;2;0;0;0;0;0;2;0;0;0,410738195734;0,438777111529;0,60283701272;0,452801415425;0,517157097265;2,13916116235;0;0;0;0
0;0;0;2;2;2;0;2;0;2;0;2;0;0;0;0;1;0;0;2;0;0;0;0;0;2;2;2;0;2;0;0;2;0;0;3;0;0;0;0;2;2;0;2;0;2;2;0;2;2;0;4;0;2;0;2;0;0;0;0;0;0;0;0;0;0;2;0;2;0;0;0;0;2;0;2;0;2;0;2;0;0;0;1;0;0;2;0;0;4;2;2;2;0;0;0;0;2;0;0;0;2;0;0;2;0;2;0;0;0;0;0;0;0;0;0;0;0;2;2;2;0;0;0;0;0;4;0;0;0;2;2;2;0;2;0;0;2;0;0;2;2;0;0;2;0;2;2;0;0;0;2;2;0;0;0;0;3;2;2;0;0;0;0;0;2;0;0;2;2;0;0;0;0;0;2;0;0;0,410738195734;0,438777111529;0,60283701272;0,452801415425;0,517157097265;2,13916116235;0;0;0;0
0;0;0;2;2;2;0;2;0;2;0;2;0;0;0;0;1;0;0;2;0;0;0;0;0;2;2;2;0;2;0;0;2;0;0;3;0;0;0;0;2;2;0;2;0;2;2;0;2;2;0;4;0;2;0;2;0;0;0;0;0;0;0;0;0;0;2;0;2;0;0;0;0;2;0;2;0;2;0;2;0;0;0;1;0;0;2;0;0;4;2;2;2;0;0;0;0;2;0;0;0;2;0;0;2;0;2;0;0;0;0;0;0;0;0;0;0;0;2;2;2;0;0;0;0;0;4;0;0;0;2;2;2;0;2;0;0;2;0;0;2;2;0;0;2;0;2;2;0;0;0;2;2;0;0;0;0;3;2;2;0;0;0;0;0;2;0;0;2;2;0;0;0;0;0;2;0;0;0,410738195734;0,438777111529;0,60283701272;0,452801415425;0,517157097265;2,13916116235;0;0;0;0
0;0;0;2;2;2;0;0;0;2;0;2;0;0;0;0;1;0;0;2;0;0;0;0;0;2;2;2;0;2;0;0;2;0;0;3;0;0;0;0;2;2;0;2;0;2;2;0;2;2;0;4;0;2;0;2;0;0;0;0;0;0;0;0;0;0;1;0;2;0;0;0;0;2;0;2;0;2;0;2;0;0;0;1;0;0;2;0;0;4;2;2;2;0;0;0;0;2;0;0;0;2;0;0;2;0;2;0;0;0;0;0;0;0;0;0;0;0;2;2;2;0;0;0;0;0;4;0;0;0;2;2;2;0;0;0;0;2;0;0;2;2;0;0;2;0;2;2;0;0;0;2;0;0;0;0;0;3;0;2;0;0;0;0;0;2;0;0;2;2;0;0;0;0;0;2;0;0;0,359053846775;0,371369877642;0,515643513105;0,387144927738;0,442249283638;2,20506547064;0;0;0;0
0;0;0;2;2;2;0;0;0;2;0;2;0;0;0;0;1;0;0;2;0;0;0;0;0;2;2;2;0;2;0;0;2;0;0;3;0;0;0;0;2;2;0;2;0;2;2;0;2;2;0;4;0;2;0;2;0;0;0;0;0;0;0;0;0;0;1;0;2;0;0;0;0;2;0;2;0;2;0;2;0;0;0;1;0;0;2;0;0;4;2;2;2;0;0;0;0;2;0;0;0;2;0;0;2;0;2;0;0;0;0;0;0;0;0;0;0;0;2;2;2;0;0;0;0;0;4;0;0;0;2;2;2;0;0;0;0;2;0;0;2;2;0;0;2;0;2;2;0;0;0;2;0;0;0;0;0;3;0;2;0;0;0;0;0;2;0;0;2;2;0;0;0;0;0;2;0;0;0,359053846775;0,371369877642;0,515643513105;0,387144927738;0,442249283638;2,20506547064;0;0;0;0
1;0;2;2;2;0;1;2;1;2;0;2;1;0;0;1;1;0;1;0;0;0;0;0;0;2;2;2;0;2;0;0;2;1;0;0;0;0;0;1;2;2;0;2;1;2;2;1;2;2;0;0;1;0;1;2;0;1;0;1;0;0;0;1;1;0;2;1;2;0;0;1;1;2;0;2;0;2;2;2;0;0;1;2;0;1;2;0;1;0;2;2;2;1;0;1;1;2;1;0;0;2;1;0;2;0;2;0;0;0;0;0;0;0;0;0;0;0;2;0;2;0;0;1;1;1;0;1;1;1;2;0;2;1;0;0;1;2;0;0;2;2;1;0;2;0;2;2;1;0;2;2;2;0;0;1;1;0;2;2;0;0;1;0;1;2;0;0;2;2;1;0;0;1;0;2;1;1;0,648127127745;0,658885045388;0,670462086343;0,662473683545;0,666443947339;2,21986616841;0;0;0;0
1;0;2;2;2;0;1;2;1;2;0;2;1;0;0;1;1;0;1;0;0;0;0;0;0;2;2;2;0;2;0;0;2;1;0;0;0;0;0;1;2;2;0;2;1;2;2;1;2;2;0;0;1;0;1;2;0;1;0;1;0;0;0;1;1;0;2;1;2;0;0;1;1;2;0;2;0;2;2;2;0;0;1;2;0;1;2;0;1;0;2;2;2;1;0;1;1;2;1;0;0;2;1;0;2;0;2;0;0;0;0;0;0;0;0;0;0;0;2;0;2;0;0;1;1;1;0;1;1;1;2;0;2;1;0;0;1;2;0;0;2;2;1;0;2;0;2;2;1;0;2;2;2;0;0;1;1;0;2;2;0;0;1;0;1;2;0;0;2;2;1;0;0;1;0;2;1;1;0,648127127745;0,658885045388;0,670462086343;0,662473683545;0,666443947339;2,21986616841;0;0;0;0
1;0;2;2;2;0;1;2;1;2;0;2;1;0;0;1;1;0;1;0;0;0;0;0;0;2;2;2;0;2;0;0;2;1;0;0;0;0;0;1;2;2;0;2;1;2;2;1;2;2;0;0;1;0;1;2;0;1;0;1;0;0;0;1;1;0;2;1;2;0;0;1;1;2;0;2;0;2;2;2;0;0;1;2;0;1;2;0;1;0;2;2;2;1;0;1;1;2;1;0;0;2;1;0;2;0;2;0;0;0;0;0;0;0;0;0;0;0;2;0;2;0;0;1;1;1;0;1;1;1;2;0;2;1;0;0;1;2;0;0;2;2;1;0;2;0;2;2;1;0;2;2;2;0;0;1;1;0;2;2;0;0;1;0;1;2;0;0;2;2;1;0;0;1;0;2;1;1;0,648127127745;0,658885045388;0,670462086343;0,662473683545;0,666443947339;2,21986616841;0;0;0;0
0;3;3;1;3;3;0;3;3;1;3;3;3;3;3;3;0;3;0;3;3;3;3;3;3;3;1;1;3;3;3;3;3;3;3;3;3;3;3;0;3;1;3;1;0;1;3;3;3;3;3;3;3;3;0;3;3;0;3;0;3;3;3;0;0;3;1;0;3;3;3;3;3;3;3;3;3;3;3;3;3;3;3;1;3;0;3;3;3;2;1;1;1;3;3;0;0;1;3;3;3;1;0;3;3;3;3;3;3;3;3;3;3;3;3;3;3;3;3;3;1;3;3;0;3;3;2;0;0;0;1;3;3;0;3;3;3;1;3;3;1;3;3;3;1;3;3;3;0;3;3;3;3;3;3;3;0;3;1;3;3;3;3;3;3;3;3;3;3;3;3;3;3;3;3;3;0;0;0,177679839167;0,298341782575;0,422840310043;0,310453794682;0,358034731089;2,30499145775;0;0;0;0
0;3;3;1;3;3;0;3;3;1;3;3;3;3;3;3;0;3;0;3;3;3;3;3;3;3;1;1;3;3;3;3;3;3;3;3;3;3;3;0;3;1;3;1;0;1;3;3;3;3;3;3;3;3;0;3;3;0;3;0;3;3;3;0;0;3;1;0;3;3;3;3;3;3;3;3;3;3;3;3;3;3;3;1;3;0;3;3;3;2;1;1;1;3;3;0;0;1;3;3;3;1;0;3;3;3;3;3;3;3;3;3;3;3;3;3;3;3;3;3;1;3;3;0;3;3;2;0;0;0;1;3;3;0;3;3;3;1;3;3;1;3;3;3;1;3;3;3;0;3;3;3;3;3;3;3;0;3;1;3;3;3;3;3;3;3;3;3;3;3;3;3;3;3;3;3;0;0;0,177679839167;0,298341782575;0,422840310043;0,310453794682;0,358034731089;2,30499145775;0;0;0;0
0;3;3;1;3;3;0;3;3;1;3;3;3;3;3;3;0;3;0;3;3;3;3;3;3;3;1;1;3;3;3;3;3;3;3;3;3;3;3;0;3;1;3;1;0;1;3;3;3;3;3;3;3;3;0;3;3;0;3;0;3;3;3;0;0;3;1;0;3;3;3;3;3;3;3;3;3;3;3;3;3;3;3;1;3;0;3;3;3;2;1;1;1;3;3;0;0;1;3;3;3;1;0;3;3;3;3;3;3;3;3;3;3;3;3;3;3;3;3;3;1;3;3;0;3;3;2;0;0;0;1;3;3;0;3;3;3;1;3;3;1;3;3;3;1;3;3;3;0;3;3;3;3;3;3;3;0;3;1;3;3;3;3;3;3;3;3;3;3;3;3;3;3;3;3;3;0;0;0,177679839167;0,298341782575;0,422840310043;0,310453794682;0,358034731089;2,30499145775;0;0;0;0
0;3;3;1;3;3;0;3;3;1;3;3;3;3;3;3;0;3;0;3;3;3;3;3;3;3;1;1;3;3;3;3;3;3;3;3;3;3;3;0;3;1;3;1;0;1;3;3;3;3;3;3;3;3;0;3;3;0;3;0;3;3;3;0;0;3;1;0;3;3;3;3;3;3;3;3;3;3;3;3;3;3;3;1;3;0;3;3;3;2;1;1;1;3;3;0;0;1;3;3;3;1;0;3;3;3;3;3;3;3;3;3;3;3;3;3;3;3;3;3;1;3;3;0;3;3;2;0;0;0;1;3;3;0;3;3;3;1;3;3;1;3;3;3;1;3;3;3;0;3;3;3;3;3;3;3;0;3;1;3;3;3;3;3;3;3;3;3;3;3;3;3;3;3;3;3;0;0;0,177679839167;0,298341782575;0,422840310043;0,310453794682;0,358034731089;2,30499145775;0;0;0;0
0;3;3;1;3;3;0;3;3;1;3;3;3;3;3;3;0;3;0;3;3;3;3;3;3;3;1;1;3;3;3;3;3;3;3;3;3;3;3;0;3;1;3;1;0;1;3;3;3;3;3;3;3;3;0;3;3;0;3;0;3;3;3;0;0;3;1;0;3;3;3;3;3;3;3;3;3;3;3;3;3;3;3;1;3;0;3;3;3;2;1;1;1;3;3;0;0;1;3;3;3;1;0;3;3;3;3;3;3;3;3;3;3;3;3;3;3;3;3;3;1;3;3;0;3;3;2;0;0;0;1;3;3;0;3;3;3;1;3;3;1;3;3;3;1;3;3;3;0;3;3;3;3;3;3;3;0;3;1;3;3;3;3;3;3;3;3;3;3;3;3;3;3;3;3;3;0;0;0,177679839167;0,298341782575;0,422840310043;0,310453794682;0,358034731089;2,30499145775;0;0;0;0
0;3;3;1;3;3;0;3;3;1;3;3;3;3;3;3;0;3;0;3;3;3;3;3;3;3;1;1;3;3;3;3;3;3;3;3;3;3;3;0;3;1;3;1;0;1;3;3;3;3;3;3;3;3;0;3;3;0;3;0;3;3;3;0;0;3;1;0;3;3;3;3;3;3;3;3;3;3;3;3;3;3;3;1;3;0;3;3;3;2;1;1;1;3;3;0;0;1;3;3;3;1;0;3;3;3;3;3;3;3;3;3;3;3;3;3;3;3;3;3;1;3;3;0;3;3;2;0;0;0;1;3;3;0;3;3;3;1;3;3;1;3;3;3;1;3;3;3;0;3;3;3;3;3;3;3;0;3;1;3;3;3;3;3;3;3;3;3;3;3;3;3;3;3;3;3;0;0;0,177679839167;0,298341782575;0,422840310043;0,310453794682;0,358034731089;2,30499145775;0;0;0;0
0;3;3;1;3;3;0;3;3;1;3;3;3;3;3;3;0;3;0;3;3;3;3;3;3;3;1;1;3;3;3;3;3;3;3;3;3;3;3;0;3;1;3;1;0;1;3;3;3;3;3;3;3;3;0;3;3;0;3;0;3;3;3;0;0;3;1;0;3;3;3;3;3;3;3;3;3;3;3;3;3;3;3;1;3;0;3;3;3;2;1;1;1;3;3;0;0;1;3;3;3;1;0;3;3;3;3;3;3;3;3;3;3;3;3;3;3;3;3;3;1;3;3;0;3;3;2;0;0;0;1;3;3;0;3;3;3;1;3;3;1;3;3;3;1;3;3;3;0;3;3;3;3;3;3;3;0;3;1;3;3;3;3;3;3;3;3;3;3;3;3;3;3;3;3;3;0;0;0,177679839167;0,298341782575;0,422840310043;0,310453794682;0,358034731089;2,30499145775;0;0;0;0
0;3;3;1;3;3;0;3;3;1;3;3;3;3;3;3;0;3;0;3;3;3;3;3;3;3;1;1;3;3;3;3;3;3;3;3;3;3;3;0;3;1;3;1;0;1;3;3;3;3;3;3;3;3;0;3;3;0;3;0;3;3;3;0;0;3;1;0;3;3;3;3;3;3;3;3;3;3;3;3;3;3;3;1;3;0;3;3;3;2;1;1;1;3;3;0;0;1;3;3;3;1;0;3;3;3;3;3;3;3;3;3;3;3;3;3;3;3;3;3;1;3;3;0;3;3;2;0;0;0;1;3;3;0;3;3;3;1;3;3;1;3;3;3;1;3;3;3;0;3;3;3;3;3;3;3;0;3;1;3;3;3;3;3;3;3;3;3;3;3;3;3;3;3;3;3;0;0;0,177679839167;0,298341782575;0,422840310043;0,310453794682;0,358034731089;2,30499145775;0;0;0;0
0;3;3;1;3;3;0;3;3;1;3;3;3;3;3;3;0;3;0;3;3;3;3;3;3;3;1;1;3;3;3;3;3;3;3;3;3;3;3;0;3;1;3;1;0;1;3;3;3;3;3;3;3;3;0;3;3;0;3;0;3;3;3;0;0;3;1;0;3;3;3;3;3;3;3;3;3;3;3;3;3;3;3;1;3;0;3;3;3;2;1;1;1;3;3;0;0;1;3;3;3;1;0;3;3;3;3;3;3;3;3;3;3;3;3;3;3;3;3;3;1;3;3;0;3;3;2;0;0;0;1;3;3;0;3;3;3;1;3;3;1;3;3;3;1;3;3;3;3;3;3;3;3;3;3;3;0;3;1;3;3;3;3;3;3;3;3;3;3;3;3;3;3;3;3;3;0;0;0,170613921283;0,291293070138;0,418365987038;0,303532028581;0,351815558396;2,30573669257;0;0;0;0
0;3;3;1;3;3;0;3;3;1;3;3;3;3;3;3;0;3;0;3;3;3;3;3;3;3;1;1;3;3;3;3;3;3;3;3;3;3;3;0;3;1;3;1;0;1;3;3;3;3;3;3;3;3;0;3;3;0;3;0;3;3;3;0;0;3;1;0;3;3;3;3;3;3;3;3;3;3;3;3;3;3;3;1;3;0;3;3;3;2;1;1;1;3;3;0;0;1;3;3;3;1;0;3;3;3;3;3;3;3;3;3;3;3;3;3;3;3;3;3;1;3;3;0;3;3;2;0;0;0;1;3;3;0;3;3;3;1;3;3;1;3;3;3;1;3;3;3;3;3;3;3;3;3;3;3;0;3;1;3;3;3;3;3;3;3;3;3;3;3;3;3;3;3;3;3;0;0;0,170613921283;0,291293070138;0,418365987038;0,303532028581;0,351815558396;2,30573669257;0;0;0;0
0;3;3;1;3;3;0;3;3;1;3;3;3;3;3;3;0;3;0;3;3;3;3;3;3;3;1;1;3;3;3;3;3;3;3;3;3;3;3;0;3;1;3;1;0;1;3;3;3;3;3;3;3;3;0;3;3;0;3;0;3;3;3;0;0;3;1;0;3;3;3;3;3;3;3;3;3;3;3;3;3;3;3;1;3;0;3;3;3;2;1;1;1;3;3;0;0;1;3;3;3;1;0;3;3;3;3;3;3;3;3;3;3;3;3;3;3;3;3;3;1;3;3;0;3;3;2;0;0;0;1;3;3;0;3;3;3;1;3;3;1;3;3;3;1;3;3;3;3;3;3;3;3;3;3;3;0;3;1;3;3;3;3;3;3;3;3;3;3;3;3;3;3;3;3;3;0;0;0,170613921283;0,291293070138;0,418365987038;0,303532028581;0,351815558396;2,30573669257;0;0;0;0
0;3;3;1;3;3;0;3;3;1;3;3;3;3;3;3;0;3;0;3;3;3;3;3;3;3;1;1;3;3;3;3;3;3;3;3;3;3;3;0;3;1;3;1;0;1;3;3;3;3;3;3;3;3;0;3;3;0;3;0;3;3;3;0;0;3;1;0;3;3;3;3;3;3;3;3;3;3;3;3;3;3;3;1;3;0;3;3;3;2;1;1;1;3;3;0;0;1;3;3;3;1;0;3;3;3;3;3;3;3;3;3;3;3;3;3;3;3;3;3;1;3;3;0;3;3;2;0;0;0;1;3;3;0;3;3;3;1;3;3;1;3;3;3;1;3;3;3;3;3;3;3;3;3;3;3;0;3;1;3;3;3;3;3;3;3;3;3;3;3;3;3;3;3;3;3;0;0;0,170613921283;0,291293070138;0,418365987038;0,303532028581;0,351815558396;2,30573669257;0;0;0;0
0;3;3;1;3;3;0;3;3;1;3;3;3;3;3;3;0;3;0;3;3;3;3;3;3;3;1;1;3;3;3;3;3;3;3;3;3;3;3;0;3;1;3;1;0;1;3;3;3;3;3;3;3;3;0;3;3;0;3;0;3;3;3;0;0;3;1;0;3;3;3;3;3;3;3;3;3;3;3;3;3;3;3;1;3;0;3;3;3;2;1;1;1;3;3;0;0;1;3;3;3;1;0;3;3;3;3;3;3;3;3;3;3;3;3;3;3;3;3;3;1;3;3;0;3;3;2;0;0;0;1;3;3;0;3;3;3;1;3;3;1;3;3;3;1;3;3;3;3;3;3;3;3;3;3;3;0;3;1;3;3;3;3;3;3;3;3;3;3;3;3;3;3;3;3;3;0;0;0,170613921283;0,291293070138;0,418365987038;0,303532028581;0,351815558396;2,30573669257;0;0;0;0
0;3;3;1;3;3;0;3;3;1;3;3;3;3;3;3;0;3;0;3;3;3;3;3;3;3;1;1;3;3;3;3;3;3;3;3;3;3;3;0;3;1;3;1;0;1;3;3;3;3;3;3;3;3;0;3;3;0;3;0;3;3;3;0;0;3;1;0;3;3;3;3;3;3;3;3;3;3;3;3;3;3;3;1;3;0;3;3;3;2;1;1;1;3;3;0;0;1;3;3;3;1;0;3;3;3;3;3;3;3;3;3;3;3;3;3;3;3;3;3;1;3;3;0;3;3;2;0;0;0;1;3;3;0;3;3;3;1;3;3;1;3;3;3;1;3;3;3;3;3;3;3;3;3;3;3;0;3;1;3;3;3;3;3;3;3;3;3;3;3;3;3;3;3;3;3;0;0;0,170613921283;0,291293070138;0,418365987038;0,303532028581;0,351815558396;2,30573669257;0;0;0;0
0;3;3;1;3;3;0;3;3;1;3;3;3;3;3;3;0;3;0;3;3;3;3;3;3;3;1;1;3;3;3;3;3;3;3;3;3;3;3;0;3;1;3;1;0;1;3;3;3;3;3;3;3;3;0;3;3;0;3;0;3;3;3;0;0;3;1;0;3;3;3;3;3;3;3;3;3;3;3;3;3;3;3;1;3;0;3;3;3;2;1;1;1;3;3;0;0;1;3;3;3;1;0;3;3;3;3;3;3;3;3;3;3;3;3;3;3;3;3;3;1;3;3;0;3;3;2;0;0;0;1;3;3;0;3;3;3;1;3;3;1;3;3;3;1;3;3;3;3;3;3;3;3;3;3;3;0;3;1;3;3;3;3;3;3;3;3;3;3;3;3;3;3;3;3;3;0;0;0,170613921283;0,291293070138;0,418365987038;0,303532028581;0,351815558396;2,30573669257;0;0;0;0
