10;40;30;db;Cosine;4;4
1;0;0;0;0;0;1;0;1;0;0;0;0;1;1;0;0;2;0;1;0;0;0;0;1;0;0;1;4;2;0;0;0;0;1;0;1;0;1;0;1;0;1;1;0;0;0;2;1;5;1;0;0;1;1;4;0;1;1;0;0;1;0;0;0;1;0;0;0;0;0;1;0;1;0;1;0;0;0;1;0;0;0;1;0;0;0;0;5;0;2;0;1;0;0;0;1;0;1;0;0;0;0;0;0;0;1;3;0;0;0;0;0;0;3;0;0;0;1;1;1;2;0;0;1;0;0;0;2;1;0;0;1;0;1;0;3;2;2;0;0;0;1;1;0;0;0;0;2;0;2;1;1;0;0;1;0;0;0;0;1;1;1;1;4;2;4;5;1;0;0;0;2;0;1;1;0;1;0,362043084994;0,461622456494;0,48338189792;0,478125752134;0,480739458491;2,68405316938;0;0;0;0
1;0;0;0;0;0;1;0;1;0;0;0;0;1;1;0;0;0;0;1;0;0;0;0;1;0;0;1;3;0;0;0;0;0;3;0;1;0;1;0;1;0;1;1;0;0;0;0;1;4;1;0;0;1;1;3;0;1;1;0;4;1;4;0;0;4;0;0;0;0;0;1;0;1;0;1;0;0;0;1;0;0;0;1;0;0;0;0;4;0;0;0;1;0;0;0;2;0;1;0;0;0;0;0;0;0;1;2;0;0;0;0;0;0;2;0;0;0;1;2;1;0;0;0;1;0;0;0;3;2;0;0;2;0;1;0;2;0;0;0;0;0;1;1;0;0;0;0;1;0;4;1;1;0;0;1;0;0;0;0;1;1;1;1;3;0;3;4;1;0;0;0;1;0;1;1;0;2;0,34243565639;0,445323411223;0,485489514996;0,45826554485;0,471484872663;3,11830116451;0;0;0;0
1;0;0;0;0;0;1;0;1;0;0;0;0;1;1;0;0;0;0;1;0;0;0;0;1;0;0;1;3;0;0;0;0;0;3;0;1;0;1;0;1;0;1;1;0;0;0;0;1;4;1;0;0;1;1;3;0;1;1;0;4;1;4;0;0;4;0;0;0;0;0;1;0;1;0;1;0;0;0;1;0;0;0;1;0;0;0;0;4;0;0;0;1;0;0;0;2;0;1;0;0;0;0;0;0;0;1;2;0;0;0;0;0;0;2;0;0;0;1;2;1;0;0;0;1;0;0;0;3;2;0;0;2;0;1;0;2;0;0;0;0;0;1;1;0;0;0;0;1;0;4;1;1;0;0;1;0;0;0;0;1;1;1;1;3;0;3;4;1;0;0;0;1;0;1;1;0;2;0,34243565639;0,445323411223;0,485489514996;0,45826554485;0,471484872663;3,11830116451;0;0;0;0
1;0;0;0;0;0;1;0;1;0;0;0;0;1;1;0;0;0;0;1;0;0;0;0;1;0;0;1;3;0;0;0;0;0;3;0;1;0;1;0;1;0;1;1;0;0;0;0;1;4;1;0;0;1;1;3;0;1;1;0;4;1;4;0;0;4;0;0;0;0;0;1;0;1;0;1;0;0;0;1;0;0;0;1;0;0;0;0;4;0;0;0;1;0;0;0;2;0;1;0;0;0;0;0;0;0;1;2;0;0;0;0;0;0;2;0;0;0;1;2;1;0;0;0;1;0;0;0;3;2;0;0;2;0;1;0;2;0;0;0;0;0;1;1;0;0;0;0;1;0;4;1;1;0;0;1;0;0;0;0;1;1;1;1;3;0;3;4;1;0;0;0;1;0;1;1;0;2;0,34243565639;0,445323411223;0,485489514996;0,45826554485;0,471484872663;3,11830116451;0;0;0;0
1;0;0;0;0;0;1;0;1;0;0;0;0;1;1;0;0;0;0;1;0;0;0;0;1;0;0;1;3;0;0;0;0;0;3;0;1;0;1;0;1;0;1;1;0;0;0;0;1;4;1;0;0;1;1;3;0;1;1;0;4;1;4;0;0;4;0;0;0;0;0;1;0;1;0;1;0;0;0;1;0;0;0;1;0;0;0;0;4;0;0;0;1;0;0;0;2;0;1;0;0;0;0;0;0;0;1;2;0;0;0;0;0;0;2;0;0;0;1;2;1;0;0;0;1;0;0;0;3;2;0;0;2;0;1;0;2;0;0;0;0;0;1;1;0;0;0;0;1;0;4;1;1;0;0;1;0;0;0;0;1;1;1;1;3;0;3;4;1;0;0;0;1;0;1;1;0;2;0,34243565639;0,445323411223;0,485489514996;0,45826554485;0,471484872663;3,11830116451;0;0;0;0
1;0;0;0;0;0;1;0;1;0;0;0;0;1;1;0;0;0;0;1;0;0;0;0;1;0;0;1;3;0;0;0;0;0;3;0;1;0;1;0;1;0;1;1;0;0;0;0;1;4;1;0;0;1;1;3;0;1;1;0;4;1;4;0;0;4;0;0;0;0;0;1;0;1;0;1;0;0;0;1;0;0;0;1;0;0;0;0;4;0;0;0;1;0;0;0;2;0;1;0;0;0;0;0;0;0;1;2;0;0;0;0;0;0;2;0;0;0;1;2;1;0;0;0;1;0;0;0;3;2;0;0;2;0;1;0;2;0;0;0;0;0;1;1;0;0;0;0;1;0;4;1;1;0;0;1;0;0;0;0;1;1;1;1;3;0;3;4;1;0;0;0;1;0;1;1;0;2;0,34243565639;0,445323411223;0,485489514996;0,45826554485;0,471484872663;3,11830116451;0;0;0;0
1;0;0;0;0;0;1;0;1;0;0;0;0;1;1;0;0;0;0;1;0;0;0;0;1;0;0;1;3;0;0;0;0;0;3;0;1;0;1;0;1;0;1;1;0;0;0;0;1;4;1;0;0;1;1;3;0;1;1;0;4;1;4;0;0;4;0;0;0;0;0;1;0;1;0;1;0;0;0;1;0;0;0;1;0;0;0;0;4;0;0;0;1;0;0;0;2;0;1;0;0;0;0;0;0;0;1;2;0;0;0;0;0;0;2;0;0;0;1;2;1;0;0;0;1;0;0;0;3;2;0;0;2;0;1;0;2;0;0;0;0;0;1;1;0;0;0;0;1;0;4;1;1;0;0;1;0;0;0;0;1;1;1;1;3;0;3;4;1;0;0;0;1;0;1;1;0;2;0,34243565639;0,445323411223;0,485489514996;0,45826554485;0,471484872663;3,11830116451;0;0;0;0
1;0;0;0;0;0;1;0;1;0;0;0;0;1;1;0;0;0;0;1;0;0;0;0;1;0;0;1;3;0;0;0;0;0;3;0;1;0;1;0;1;0;1;1;0;0;0;0;1;4;1;0;0;1;1;3;0;1;1;0;4;1;4;0;0;4;0;0;0;0;0;1;0;1;0;1;0;0;0;1;0;0;0;1;0;0;0;0;4;0;0;0;1;0;0;0;2;0;1;0;0;0;0;0;0;0;1;2;0;0;0;0;0;0;2;0;0;0;1;2;1;0;0;0;1;0;0;0;3;2;0;0;2;0;1;0;2;0;0;0;0;0;1;1;0;0;0;0;1;0;4;1;1;0;0;1;0;0;0;0;1;1;1;1;3;0;3;4;1;0;0;0;1;0;1;1;0;2;0,34243565639;0,445323411223;0,485489514996;0,45826554485;0,471484872663;3,11830116451;0;0;0;0
1;0;0;0;0;0;1;0;1;0;0;0;0;1;1;0;0;0;0;1;0;0;0;0;1;0;0;1;3;0;0;0;0;0;3;0;1;0;1;0;1;0;1;1;0;0;0;0;1;4;1;0;0;1;1;3;0;1;1;0;4;1;4;0;0;4;0;0;0;0;0;1;0;1;0;1;0;0;0;1;0;0;0;1;0;0;0;0;4;0;0;0;1;0;0;0;2;0;1;0;0;0;0;0;0;0;1;2;0;0;0;0;0;0;2;0;0;0;1;2;1;0;0;0;1;0;0;0;3;2;0;0;2;0;1;0;2;0;0;0;0;0;1;1;0;0;0;0;1;0;4;1;1;0;0;1;0;0;0;0;1;1;1;1;3;0;3;4;1;0;0;0;1;0;1;1;0;2;0,34243565639;0,445323411223;0,485489514996;0,45826554485;0,471484872663;3,11830116451;0;0;0;0
1;0;0;0;0;0;1;0;1;0;0;0;0;1;1;0;0;0;0;1;0;0;0;0;1;0;0;1;3;0;0;0;0;0;3;0;1;0;1;0;1;0;1;1;0;0;0;0;1;4;1;0;0;1;1;3;0;1;1;0;4;1;4;0;0;4;0;0;0;0;0;1;0;1;0;1;0;0;0;1;0;0;0;1;0;0;0;0;4;0;0;0;1;0;0;0;2;0;1;0;0;0;0;0;0;0;1;2;0;0;0;0;0;0;2;0;0;0;1;2;1;0;0;0;1;0;0;0;3;2;0;0;2;0;1;0;2;0;0;0;0;0;1;1;0;0;0;0;1;0;4;1;1;0;0;1;0;0;0;0;1;1;1;1;3;0;3;4;1;0;0;0;1;0;1;1;0;2;0,34243565639;0,445323411223;0,485489514996;0,45826554485;0,471484872663;3,11830116451;0;0;0;0
1;0;0;0;0;0;0;0;1;0;0;0;0;1;1;0;0;1;0;1;0;0;0;0;1;0;0;1;3;1;0;0;0;0;1;0;1;0;1;0;1;0;1;1;0;0;0;0;1;4;1;0;0;1;1;2;0;1;1;0;0;1;0;0;0;1;0;0;0;0;0;1;0;1;0;1;0;0;0;2;0;0;0;1;0;0;0;0;1;0;0;0;1;0;0;0;2;0;1;0;0;0;0;0;0;0;1;2;0;0;0;0;0;0;2;0;0;0;1;2;1;0;0;0;1;0;0;0;3;1;0;0;2;0;1;0;2;0;4;0;0;0;1;1;0;0;0;0;1;0;1;1;1;0;0;1;0;0;0;0;2;1;1;1;3;0;3;4;1;0;0;0;1;0;1;1;0;2;0,334965928975;0,419503433171;0,486858981758;0,43350948231;0,458638020271;3,36927439081;0;0;0;0
1;0;0;0;0;0;0;0;1;0;0;0;0;1;1;0;0;1;0;1;0;0;0;0;1;0;0;1;3;1;0;0;0;0;1;0;1;0;1;0;1;0;1;1;0;0;0;0;1;4;1;0;0;1;1;2;0;1;1;0;0;1;0;0;0;1;0;0;0;0;0;1;0;1;0;1;0;0;0;2;0;0;0;1;0;0;0;0;1;0;0;0;1;0;0;0;2;0;1;0;0;0;0;0;0;0;1;2;0;0;0;0;0;0;2;0;0;0;1;2;1;0;0;0;1;0;0;0;3;1;0;0;2;0;1;0;2;0;4;0;0;0;1;1;0;0;0;0;1;0;1;1;1;0;0;1;0;0;0;0;2;1;1;1;3;0;3;4;1;0;0;0;1;0;1;1;0;2;0,334965928975;0,419503433171;0,486858981758;0,43350948231;0,458638020271;3,36927439081;0;0;0;0
1;0;0;0;0;0;0;0;1;0;0;0;0;1;1;0;0;1;0;1;0;0;0;0;1;0;0;1;3;1;0;0;0;0;1;0;1;0;1;0;1;0;1;1;0;0;0;0;1;4;1;0;0;1;1;2;0;1;1;0;0;1;0;0;0;1;0;0;0;0;0;1;0;1;0;1;0;0;0;2;0;0;0;1;0;0;0;0;1;0;0;0;1;0;0;0;2;0;1;0;0;0;0;0;0;0;1;2;0;0;0;0;0;0;2;0;0;0;1;2;1;0;0;0;1;0;0;0;3;1;0;0;2;0;1;0;2;0;4;0;0;0;1;1;0;0;0;0;1;0;1;1;1;0;0;1;0;0;0;0;2;1;1;1;3;0;3;4;1;0;0;0;1;0;1;1;0;2;0,334965928975;0,419503433171;0,486858981758;0,43350948231;0,458638020271;3,36927439081;0;0;0;0
1;0;0;0;0;0;0;0;1;0;0;0;0;1;1;0;0;1;0;1;0;0;0;0;1;0;0;1;3;1;0;0;0;0;1;0;1;0;1;0;1;0;1;1;0;0;0;0;1;4;1;0;0;1;1;2;0;1;1;0;0;1;0;0;0;1;0;0;0;0;0;1;0;1;0;1;0;0;0;2;0;0;0;1;0;0;0;0;1;0;0;0;1;0;0;0;2;0;1;0;0;0;0;0;0;0;1;2;0;0;0;0;0;0;2;0;0;0;1;2;1;0;0;0;1;0;0;0;3;1;0;0;2;0;1;0;2;0;4;0;0;0;1;1;0;0;0;0;1;0;1;1;1;0;0;1;0;0;0;0;2;1;1;1;3;0;3;4;1;0;0;0;1;0;1;1;0;2;0,334965928975;0,419503433171;0,486858981758;0,43350948231;0,458638020271;3,36927439081;0;0;0;0
1;0;0;0;0;0;0;0;1;0;0;0;0;1;1;0;0;1;0;1;0;0;0;0;1;0;0;1;3;1;0;0;0;0;1;0;1;0;1;0;1;0;1;1;0;0;0;0;1;4;1;0;0;1;1;2;0;1;1;0;0;1;0;0;0;1;0;0;0;0;0;1;0;1;0;1;0;0;0;2;0;0;0;1;0;0;0;0;1;0;0;0;1;0;0;0;2;0;1;0;0;0;0;0;0;0;1;2;0;0;0;0;0;0;2;0;0;0;1;2;1;0;0;0;1;0;0;0;3;1;0;0;2;0;1;0;2;0;4;0;0;0;1;1;0;0;0;0;1;0;1;1;1;0;0;1;0;0;0;0;2;1;1;1;3;0;3;4;1;0;0;0;1;0;1;1;0;2;0,334965928975;0,419503433171;0,486858981758;0,43350948231;0,458638020271;3,36927439081;0;0;0;0
1;0;0;0;0;0;0;0;1;0;0;0;0;1;1;0;0;1;0;1;0;0;0;0;1;0;0;1;3;1;0;0;0;0;1;0;1;0;1;0;1;0;1;1;0;0;0;0;1;4;1;0;0;1;1;2;0;1;1;0;0;1;0;0;0;1;0;0;0;0;0;1;0;1;0;1;0;0;0;2;0;0;0;1;0;0;0;0;1;0;0;0;1;0;0;0;2;0;1;0;0;0;0;0;0;0;1;2;0;0;0;0;0;0;2;0;0;0;1;2;1;0;0;0;1;0;0;0;3;1;0;0;2;0;1;0;2;0;4;0;0;0;1;1;0;0;0;0;1;0;1;1;1;0;0;1;0;0;0;0;2;1;1;1;3;0;3;4;1;0;0;0;1;0;1;1;0;2;0,334965928975;0,419503433171;0,486858981758;0,43350948231;0,458638020271;3,36927439081;0;0;0;0
1;0;0;0;0;0;0;0;1;0;0;0;0;1;1;0;0;1;0;1;0;0;0;0;1;0;0;1;3;1;0;0;0;0;1;0;1;0;1;0;1;0;1;1;0;0;0;0;1;4;1;0;0;1;1;2;0;1;1;0;0;1;0;0;0;1;0;0;0;0;0;1;0;1;0;1;0;0;0;2;0;0;0;1;0;0;0;0;1;0;0;0;1;0;0;0;2;0;1;0;0;0;0;0;0;0;1;2;0;0;0;0;0;0;2;0;0;0;1;2;1;0;0;0;1;0;0;0;3;1;0;0;2;0;1;0;2;0;4;0;0;0;1;1;0;0;0;0;1;0;1;1;1;0;0;1;0;0;0;0;2;1;1;1;3;0;3;4;1;0;0;0;1;0;1;1;0;2;0,334965928975;0,419503433171;0,486858981758;0,43350948231;0,458638020271;3,36927439081;0;0;0;0
1;0;0;0;0;0;0;0;1;0;0;0;0;1;1;0;0;1;0;1;0;0;0;0;1;0;0;1;3;1;0;0;0;0;1;0;1;0;1;0;1;0;1;1;0;0;0;0;1;4;1;0;0;1;1;2;0;1;1;0;0;1;0;0;0;1;0;0;0;0;0;1;0;1;0;1;0;0;0;2;0;0;0;1;0;0;0;0;1;0;0;0;1;0;0;0;2;0;1;0;0;0;0;0;0;0;1;2;0;0;0;0;0;0;2;0;0;0;1;2;1;0;0;0;1;0;0;0;3;1;0;0;2;0;1;0;2;0;4;0;0;0;1;1;0;0;0;0;1;0;1;1;1;0;0;1;0;0;0;0;2;1;1;1;3;0;3;4;1;0;0;0;1;0;1;1;0;2;0,334965928975;0,419503433171;0,486858981758;0,43350948231;0,458638020271;3,36927439081;0;0;0;0
1;0;0;0;0;0;0;0;1;0;0;0;0;1;1;0;0;1;0;1;0;0;0;0;1;0;0;1;3;1;0;0;0;0;1;0;1;0;1;0;1;0;1;1;0;0;0;0;1;4;1;0;0;1;1;2;0;1;1;0;0;1;0;0;0;1;0;0;0;0;0;1;0;1;0;1;0;0;0;2;0;0;0;1;0;0;0;0;1;0;0;0;1;0;0;0;2;0;1;0;0;0;0;0;0;0;1;2;0;0;0;0;0;0;2;0;0;0;1;2;1;0;0;0;1;0;0;0;3;1;0;0;2;0;1;0;2;0;4;0;0;0;1;1;0;0;0;0;1;0;1;1;1;0;0;1;0;0;0;0;2;1;1;1;3;0;3;4;1;0;0;0;1;0;1;1;0;2;0,334965928975;0,419503433171;0,486858981758;0,43350948231;0,458638020271;3,36927439081;0;0;0;0
1;0;0;0;0;0;1;0;2;0;0;0;0;1;1;0;0;0;0;1;0;0;0;0;1;0;0;1;3;0;0;0;0;0;3;0;1;0;1;0;1;0;2;1;0;0;0;0;1;4;1;0;0;1;1;3;0;1;1;0;4;1;4;0;0;4;0;0;0;0;0;2;1;1;0;2;0;0;0;2;0;0;0;1;0;0;0;0;4;0;0;0;1;0;0;0;2;0;1;0;0;0;0;0;0;0;1;2;0;0;0;0;0;0;2;0;0;0;1;2;1;0;0;0;1;0;0;0;3;2;0;0;2;0;4;0;2;0;0;0;0;0;1;4;0;0;0;0;4;0;4;3;1;0;0;2;0;0;0;0;2;1;1;2;3;0;3;4;1;0;0;0;0;0;1;1;0;2;0,332493440048;0,467363731029;0,479002881008;0,492333345825;0,48557664082;3,42857539595;0;0;0;0
1;0;0;0;0;0;1;0;2;0;0;0;0;1;1;0;0;0;0;1;0;0;0;0;1;0;0;1;3;0;0;0;0;0;3;0;1;0;1;0;1;0;2;1;0;0;0;0;1;4;1;0;0;1;1;3;0;1;1;0;4;1;4;0;0;4;0;0;0;0;0;2;1;1;0;2;0;0;0;2;0;0;0;1;0;0;0;0;4;0;0;0;1;0;0;0;2;0;1;0;0;0;0;0;0;0;1;2;0;0;0;0;0;0;2;0;0;0;1;2;1;0;0;0;1;0;0;0;3;2;0;0;2;0;4;0;2;0;0;0;0;0;1;4;0;0;0;0;4;0;4;3;1;0;0;2;0;0;0;0;2;1;1;2;3;0;3;4;1;0;0;0;0;0;1;1;0;2;0,332493440048;0,467363731029;0,479002881008;0,492333345825;0,48557664082;3,42857539595;0;0;0;0
1;0;0;0;0;0;1;0;2;0;0;0;0;1;1;0;0;0;0;1;0;0;0;0;1;0;0;1;3;0;0;0;0;0;3;0;1;0;1;0;1;0;2;1;0;0;0;0;1;4;1;0;0;1;1;3;0;1;1;0;4;1;4;0;0;4;0;0;0;0;0;2;1;1;0;2;0;0;0;2;0;0;0;1;0;0;0;0;4;0;0;0;1;0;0;0;2;0;1;0;0;0;0;0;0;0;1;2;0;0;0;0;0;0;2;0;0;0;1;2;1;0;0;0;1;0;0;0;3;2;0;0;2;0;4;0;2;0;0;0;0;0;1;4;0;0;0;0;4;0;4;3;1;0;0;2;0;0;0;0;2;1;1;2;3;0;3;4;1;0;0;0;0;0;1;1;0;2;0,332493440048;0,467363731029;0,479002881008;0,492333345825;0,48557664082;3,42857539595;0;0;0;0
1;0;0;0;0;0;1;0;2;0;0;0;0;1;1;0;0;0;0;1;0;0;0;0;1;0;0;1;3;0;0;0;0;0;3;0;1;0;1;0;1;0;2;1;0;0;0;0;1;4;1;0;0;1;1;3;0;1;1;0;4;1;4;0;0;4;0;0;0;0;0;2;1;1;0;2;0;0;0;2;0;0;0;1;0;0;0;0;4;0;0;0;1;0;0;0;2;0;1;0;0;0;0;0;0;0;1;2;0;0;0;0;0;0;2;0;0;0;1;2;1;0;0;0;1;0;0;0;3;2;0;0;2;0;4;0;2;0;0;0;0;0;1;4;0;0;0;0;4;0;4;3;1;0;0;2;0;0;0;0;2;1;1;2;3;0;3;4;1;0;0;0;0;0;1;1;0;2;0,332493440048;0,467363731029;0,479002881008;0,492333345825;0,48557664082;3,42857539595;0;0;0;0
1;0;0;0;0;0;1;0;2;0;0;0;0;1;1;0;0;0;0;1;0;0;0;0;1;0;0;1;3;0;0;0;0;0;3;0;1;0;1;0;1;0;2;1;0;0;0;0;1;4;1;0;0;1;1;3;0;1;1;0;4;1;4;0;0;4;0;0;0;0;0;2;1;1;0;2;0;0;0;2;0;0;0;1;0;0;0;0;4;0;0;0;1;0;0;0;2;0;1;0;0;0;0;0;0;0;1;2;0;0;0;0;0;0;2;0;0;0;1;2;1;0;0;0;1;0;0;0;3;2;0;0;2;0;4;0;2;0;0;0;0;0;1;4;0;0;0;0;4;0;4;3;1;0;0;2;0;0;0;0;2;1;1;2;3;0;3;4;1;0;0;0;0;0;1;1;0;2;0,332493440048;0,467363731029;0,479002881008;0,492333345825;0,48557664082;3,42857539595;0;0;0;0
1;0;0;0;0;0;1;0;2;0;0;0;0;1;1;0;0;0;0;1;0;0;0;0;1;0;0;1;3;0;0;0;0;0;3;0;1;0;1;0;1;0;2;1;0;0;0;0;1;4;1;0;0;1;1;3;0;1;1;0;4;1;4;0;0;4;0;0;0;0;0;2;1;1;0;2;0;0;0;2;0;0;0;1;0;0;0;0;4;0;0;0;1;0;0;0;2;0;1;0;0;0;0;0;0;0;1;2;0;0;0;0;0;0;2;0;0;0;1;2;1;0;0;0;1;0;0;0;3;2;0;0;2;0;4;0;2;0;0;0;0;0;1;4;0;0;0;0;4;0;4;3;1;0;0;2;0;0;0;0;2;1;1;2;3;0;3;4;1;0;0;0;0;0;1;1;0;2;0,332493440048;0,467363731029;0,479002881008;0,492333345825;0,48557664082;3,42857539595;0;0;0;0
1;0;0;0;0;0;1;0;1;0;0;0;0;1;1;0;0;0;0;1;0;0;0;0;1;0;0;1;2;0;0;0;0;0;1;0;1;0;1;0;1;0;1;1;0;0;0;0;1;3;1;0;0;1;1;2;0;1;0;0;3;1;3;0;0;3;0;0;0;0;0;1;0;1;0;1;0;0;0;1;0;0;0;1;0;0;0;0;3;0;0;0;1;0;0;0;1;0;1;0;0;0;0;0;0;0;1;1;0;0;0;0;0;0;2;0;0;0;1;1;1;0;0;0;1;0;0;0;2;1;0;0;1;0;3;0;1;0;0;0;0;0;1;3;0;0;0;0;1;0;3;1;1;0;0;1;0;0;0;0;1;1;1;1;2;0;2;3;1;0;0;0;0;0;1;1;0;1;0,396008743914;0,467511154786;0,568690729587;0,476674859712;0,518633053394;3,44597357889;0;0;0;0
1;0;0;0;0;0;1;0;1;0;0;0;0;1;1;0;0;0;0;1;0;0;0;0;1;0;0;1;2;0;0;0;0;0;1;0;1;0;1;0;1;0;1;1;0;0;0;0;1;3;1;0;0;1;1;2;0;1;1;0;3;1;3;0;0;3;0;0;0;0;0;1;0;1;0;1;0;0;0;1;0;0;0;1;0;0;0;0;3;0;0;0;1;0;0;0;1;0;1;0;0;0;0;0;0;0;1;1;0;0;0;0;0;0;2;0;0;0;1;1;1;0;0;0;1;0;0;0;2;1;0;0;1;0;3;0;1;0;0;0;0;0;1;3;0;0;0;0;1;0;3;2;1;0;0;1;0;0;0;0;1;1;1;1;2;0;2;3;1;0;0;0;0;0;1;1;0;1;0,385594853488;0,461491162784;0,551821909241;0,470676955771;0,508029622833;3,47093036287;0;0;0;0
1;0;0;0;0;0;1;0;1;0;0;0;0;1;1;0;0;0;0;1;0;0;0;0;1;0;0;1;2;0;0;0;0;0;1;0;1;0;1;0;1;0;1;1;0;0;0;0;1;3;1;0;0;1;1;2;0;1;1;0;3;1;3;0;0;3;0;0;0;0;0;1;0;1;0;1;0;0;0;1;0;0;0;1;0;0;0;0;3;0;0;0;1;0;0;0;1;0;1;0;0;0;0;0;0;0;1;1;0;0;0;0;0;0;2;0;0;0;1;1;1;0;0;0;1;0;0;0;2;1;0;0;1;0;3;0;1;0;0;0;0;0;1;3;0;0;0;0;1;0;3;2;1;0;0;1;0;0;0;0;1;1;1;1;2;0;2;3;1;0;0;0;0;0;1;1;0;1;0,385594853488;0,461491162784;0,551821909241;0,470676955771;0,508029622833;3,47093036287;0;0;0;0
1;0;0;0;0;0;1;0;1;0;0;0;0;1;1;0;0;0;0;1;0;0;0;0;1;0;0;1;2;0;0;0;0;0;1;0;1;0;1;0;1;0;1;1;0;0;0;0;1;3;1;0;0;1;1;2;0;1;1;0;3;1;3;0;0;3;0;0;0;0;0;1;0;1;0;1;0;0;0;1;0;0;0;1;0;0;0;0;3;0;0;0;1;0;0;0;1;0;1;0;0;0;0;0;0;0;1;1;0;0;0;0;0;0;2;0;0;0;1;1;1;0;0;0;1;0;0;0;2;1;0;0;1;0;3;0;1;0;0;0;0;0;1;3;0;0;0;0;1;0;3;2;1;0;0;1;0;0;0;0;1;1;1;1;2;0;2;3;1;0;0;0;0;0;1;1;0;1;0,385594853488;0,461491162784;0,551821909241;0,470676955771;0,508029622833;3,47093036287;0;0;0;0
1;0;0;0;0;0;1;0;1;0;0;0;0;1;1;0;0;0;0;1;0;0;0;0;1;0;0;1;2;0;0;0;0;0;1;0;1;0;1;0;1;0;1;1;0;0;0;0;1;3;1;0;0;1;1;2;0;1;1;0;3;1;3;0;0;3;0;0;0;0;0;1;0;1;0;1;0;0;0;1;0;0;0;1;0;0;0;0;3;0;0;0;1;0;0;0;1;0;1;0;0;0;0;0;0;0;1;1;0;0;0;0;0;0;2;0;0;0;1;1;1;0;0;0;1;0;0;0;2;1;0;0;1;0;3;0;1;0;0;0;0;0;1;3;0;0;0;0;1;0;3;2;1;0;0;1;0;0;0;0;1;1;1;1;2;0;2;3;1;0;0;0;0;0;1;1;0;1;0,385594853488;0,461491162784;0,551821909241;0,470676955771;0,508029622833;3,47093036287;0;0;0;0
