10;40;30;db;Cosine;4;1
5;5;5;1;2;3;3;5;5;5;5;5;5;3;5;3;3;5;3;5;4;5;5;5;2;5;3;3;5;3;5;5;3;5;5;5;2;5;5;5;5;1;3;5;5;4;3;3;5;5;5;5;5;5;5;2;3;5;2;3;5;5;5;5;5;5;5;5;3;5;3;5;2;5;0;3;5;2;6;1;1;5;5;2;5;5;5;5;5;5;5;5;5;5;1;5;5;5;5;5;5;5;1;3;5;5;2;5;5;5;3;5;5;5;6;3;3;5;1;5;5;5;3;5;5;3;3;5;5;5;3;0;3;5;5;3;5;5;3;3;3;5;5;5;5;5;2;5;3;3;5;5;1;5;5;2;5;5;5;5;5;2;3;5;5;5;5;5;5;3;4;3;3;3;5;5;5;5;0,317841139322;0,395880385626;0,417468979658;0,426315907833;0,421846064544;11,4229626578;0;0;0;0
5;4;4;5;5;5;0;4;0;1;5;3;4;0;5;0;5;4;0;1;5;1;5;3;5;4;0;2;4;0;5;5;0;1;1;5;5;5;5;1;1;5;0;5;1;5;0;5;1;5;4;1;1;4;5;5;0;1;0;0;5;5;5;1;4;5;5;1;0;5;5;5;5;5;0;5;1;5;5;5;5;5;5;5;5;5;1;1;5;5;5;5;1;5;5;5;1;5;1;5;1;1;5;5;5;5;5;5;1;1;0;1;1;5;5;0;0;1;1;1;5;1;0;1;4;5;0;1;5;1;0;0;5;5;1;0;1;1;2;0;0;1;5;1;5;5;5;1;5;0;5;1;5;5;5;5;1;5;5;5;1;5;0;5;5;4;1;1;1;5;5;1;0;0;5;1;4;5;0,343084587747;0,399374991795;0,414120906664;0,492722486318;0,45001526029;12,3441039851;0;0;0;0
5;4;4;5;5;5;0;4;0;1;5;3;4;0;5;0;5;4;0;1;5;1;5;3;5;4;0;2;4;0;5;5;0;1;1;5;5;5;5;1;1;5;0;5;1;5;0;5;1;5;4;1;1;4;5;5;0;1;0;0;5;5;5;1;4;5;5;1;0;5;5;5;5;5;0;5;1;5;5;5;5;5;5;5;5;5;1;1;5;5;5;5;1;5;5;5;1;5;1;5;1;1;5;5;5;5;5;5;1;1;0;1;1;5;5;0;0;1;1;1;5;1;0;1;4;5;0;1;5;1;0;0;5;5;1;0;1;1;2;0;0;1;5;1;5;5;5;1;5;0;5;1;5;5;5;5;1;5;5;5;1;5;0;5;5;4;1;1;1;5;5;1;0;0;5;1;4;5;0,343084587747;0,399374991795;0,414120906664;0,492722486318;0,45001526029;12,3441039851;0;0;0;0
5;4;4;5;5;5;0;4;0;1;5;3;4;0;5;0;5;4;0;1;5;1;5;3;5;4;0;2;4;0;5;5;0;1;1;5;5;5;5;1;1;5;0;5;1;5;0;5;1;5;4;1;1;4;5;5;0;1;0;0;5;5;5;1;4;5;5;1;0;5;5;5;5;5;0;5;1;5;5;5;5;5;5;5;5;5;1;1;5;5;5;5;1;5;5;5;1;5;1;5;1;1;5;5;5;5;5;5;1;1;0;1;1;5;5;0;0;1;1;1;5;1;0;1;4;5;0;1;5;1;0;0;5;5;1;0;1;1;2;0;0;1;5;1;5;5;5;1;5;0;5;1;5;5;5;5;1;5;5;5;1;5;0;5;5;4;1;1;1;5;5;1;0;0;5;1;4;5;0,343084587747;0,399374991795;0,414120906664;0,492722486318;0,45001526029;12,3441039851;0;0;0;0
5;4;4;5;5;5;0;4;0;1;5;3;4;0;5;0;5;4;0;1;5;1;5;3;5;4;0;2;4;0;5;5;0;1;1;5;5;5;5;1;1;5;0;5;1;5;0;5;1;5;4;1;1;4;5;5;0;1;0;0;5;5;5;1;4;5;5;1;0;5;5;5;5;5;0;5;1;5;5;5;5;5;5;5;5;5;1;1;5;5;5;5;1;5;5;5;1;5;1;5;1;1;5;5;5;5;5;5;1;1;0;1;1;5;5;0;0;1;1;1;5;1;0;1;4;5;0;1;5;1;0;0;5;5;1;0;1;1;2;0;0;1;5;1;5;5;5;1;5;0;5;1;5;5;5;5;1;5;5;5;1;5;0;5;5;4;1;1;1;5;5;1;0;0;5;1;4;5;0,343084587747;0,399374991795;0,414120906664;0,492722486318;0,45001526029;12,3441039851;0;0;0;0
2;0;2;0;2;0;0;3;0;0;0;0;0;0;0;0;0;2;0;0;2;0;3;3;0;2;0;0;2;0;0;0;0;0;0;2;0;0;0;0;0;0;0;0;0;0;0;0;0;0;2;0;0;0;0;0;0;0;0;0;0;0;0;0;0;0;0;0;0;0;0;0;0;0;0;0;0;0;0;0;0;0;0;0;0;0;0;0;0;0;0;2;0;0;0;0;1;0;0;0;0;0;0;0;0;0;0;0;0;0;0;0;0;0;0;0;0;0;0;1;0;0;0;0;0;0;0;0;0;0;0;0;0;0;0;0;0;0;0;0;0;0;0;0;0;0;0;0;0;0;0;0;0;0;0;0;0;0;0;0;0;0;0;0;0;3;0;0;0;0;0;0;0;0;0;0;0;0;-0,011081189009;0,0644274203092;0,232368214786;0,0819892020383;0,121210338867;13,2325014653;0;0;0;0
2;0;2;0;2;0;0;3;0;0;0;0;0;0;0;0;0;2;0;0;2;0;3;3;0;2;0;0;2;0;0;0;0;0;0;2;0;0;0;0;0;0;0;0;0;0;0;0;0;0;2;0;0;0;0;0;0;0;0;0;0;0;0;0;0;0;0;0;0;0;0;0;0;0;0;0;0;0;0;0;0;0;0;0;0;0;0;0;0;0;0;2;0;0;0;0;1;0;0;0;0;0;0;0;0;0;0;0;0;0;0;0;0;0;0;0;0;0;0;1;0;0;0;0;0;0;0;0;0;0;0;0;0;0;0;0;0;0;0;0;0;0;0;0;0;0;0;0;0;0;0;0;0;0;0;0;0;0;0;0;0;0;0;0;0;3;0;0;0;0;0;0;0;0;0;0;0;0;-0,011081189009;0,0644274203092;0,232368214786;0,0819892020383;0,121210338867;13,2325014653;0;0;0;0
2;7;2;3;2;4;6;1;6;1;2;6;2;6;2;6;4;2;4;1;2;1;2;1;2;2;4;4;7;4;1;2;6;1;1;2;2;2;1;1;1;2;4;2;1;3;4;4;1;1;7;1;5;7;2;2;6;1;4;4;1;1;1;1;7;6;2;1;4;1;4;2;2;1;0;4;1;2;2;6;4;2;6;2;1;4;2;1;1;2;2;0;1;1;2;2;1;1;1;2;5;1;4;4;4;2;2;2;1;1;4;1;1;2;2;4;4;1;1;1;2;1;4;1;2;4;4;1;4;1;4;0;4;2;1;4;2;5;4;4;6;1;2;1;1;6;2;2;4;4;2;1;4;4;1;2;1;1;2;2;1;6;4;2;2;1;1;1;1;2;2;4;4;4;2;1;1;2;0,602003988187;0,503329075017;0,518133801622;0,734737245728;0,607711708443;13,8027584152;0;0;0;0
2;7;2;3;2;4;6;1;6;1;2;6;2;6;2;6;4;2;4;1;2;1;2;1;2;2;4;4;7;4;1;2;6;1;1;2;2;2;1;1;1;2;4;2;1;3;4;4;1;1;7;1;5;7;2;2;6;1;4;4;1;1;1;1;7;6;2;1;4;1;4;2;2;1;0;4;1;2;2;6;4;2;6;2;1;4;2;1;1;2;2;0;1;1;2;2;1;1;1;2;5;1;4;4;4;2;2;2;1;1;4;1;1;2;2;4;4;1;1;1;2;1;4;1;2;4;4;1;4;1;4;0;4;2;1;4;2;5;4;4;6;1;2;1;1;6;2;2;4;4;2;1;4;4;1;2;1;1;2;2;1;6;4;2;2;1;1;1;1;2;2;4;4;4;2;1;1;2;0,602003988187;0,503329075017;0,518133801622;0,734737245728;0,607711708443;13,8027584152;0;0;0;0
2;7;2;3;2;4;6;1;6;1;2;6;2;6;2;6;4;2;4;1;2;1;2;1;2;2;4;4;7;4;1;2;6;1;1;2;2;2;1;1;1;2;4;2;1;3;4;4;1;1;7;1;5;7;2;2;6;1;4;4;1;1;1;1;7;6;2;1;4;1;4;2;2;1;0;4;1;2;2;6;4;2;6;2;1;4;2;1;1;2;2;0;1;1;2;2;1;1;1;2;5;1;4;4;4;2;2;2;1;1;4;1;1;2;2;4;4;1;1;1;2;1;4;1;2;4;4;1;4;1;4;0;4;2;1;4;2;5;4;4;6;1;2;1;1;6;2;2;4;4;2;1;4;4;1;2;1;1;2;2;1;6;4;2;2;1;1;1;1;2;2;4;4;4;2;1;1;2;0,602003988187;0,503329075017;0,518133801622;0,734737245728;0,607711708443;13,8027584152;0;0;0;0
2;7;2;3;2;4;6;1;6;1;2;6;2;6;2;6;4;2;4;1;2;1;2;1;2;2;4;4;7;4;1;2;6;1;1;2;2;2;1;1;1;2;4;2;1;3;4;4;1;1;7;1;5;7;2;2;6;1;4;4;1;1;1;1;7;6;2;1;4;1;4;2;2;1;0;4;1;2;2;6;4;2;6;2;1;4;2;1;1;2;2;0;1;1;2;2;1;1;1;2;5;1;4;4;4;2;2;2;1;1;4;1;1;2;2;4;4;1;1;1;2;1;4;1;2;4;4;1;4;1;4;0;4;2;1;4;2;5;4;4;6;1;2;1;1;6;2;2;4;4;2;1;4;4;1;2;1;1;2;2;1;6;4;2;2;1;1;1;1;2;2;4;4;4;2;1;1;2;0,602003988187;0,503329075017;0,518133801622;0,734737245728;0,607711708443;13,8027584152;0;0;0;0
1;1;1;1;1;0;3;1;3;1;1;2;4;3;0;3;0;4;3;1;0;1;1;1;0;0;3;3;4;3;1;1;3;1;1;1;0;0;1;1;1;0;3;0;1;0;3;0;1;1;4;1;2;1;0;0;3;1;0;3;1;1;1;1;1;1;1;1;3;0;0;1;0;1;3;3;1;0;0;0;0;1;3;1;1;1;0;1;1;0;1;1;1;1;0;0;1;1;1;1;2;1;0;3;0;0;0;1;1;1;3;1;1;0;0;3;3;1;1;1;0;1;3;1;0;0;3;1;0;1;3;3;0;1;1;3;1;0;3;3;3;1;1;1;1;1;0;1;3;3;1;0;0;0;1;0;1;1;0;1;1;1;3;0;0;1;1;1;1;0;1;3;0;3;1;1;1;0;0,368052552716;0,447776284124;0,459896477155;0,497010157898;0,477733589369;14,1300236794;0;0;0;0
1;1;1;1;1;0;3;1;3;1;1;2;4;3;0;3;0;4;3;1;0;1;1;1;0;0;3;3;4;3;1;1;3;1;1;1;0;0;1;1;1;0;3;0;1;0;3;0;1;1;4;1;2;1;0;0;3;1;0;3;1;1;1;1;1;1;1;1;3;0;0;1;0;1;3;3;1;0;0;0;0;1;3;1;1;1;0;1;1;0;1;1;1;1;0;0;1;1;1;1;2;1;0;3;0;0;0;1;1;1;3;1;1;0;0;3;3;1;1;1;0;1;3;1;0;0;3;1;0;1;3;3;0;1;1;3;1;0;3;3;3;1;1;1;1;1;0;1;3;3;1;0;0;0;1;0;1;1;0;1;1;1;3;0;0;1;1;1;1;0;1;3;0;3;1;1;1;0;0,368052552716;0,447776284124;0,459896477155;0,497010157898;0,477733589369;14,1300236794;0;0;0;0
2;7;1;3;1;4;6;1;5;1;2;5;2;6;2;4;4;2;4;1;2;1;7;1;2;2;4;4;7;4;1;2;6;1;1;2;2;1;1;1;1;2;4;2;1;3;4;4;1;1;7;1;1;7;2;2;6;1;4;4;1;1;1;1;7;1;2;1;4;1;4;2;2;1;0;4;1;2;2;5;4;3;5;1;1;4;2;1;1;4;2;0;1;1;2;2;1;1;1;2;1;1;4;4;4;2;2;2;1;1;4;1;1;2;2;4;4;1;1;1;2;1;4;1;2;4;4;1;4;1;4;0;4;2;1;4;2;1;4;4;6;1;2;1;1;0;2;2;4;4;2;2;4;4;1;4;1;1;2;2;1;7;4;2;1;1;1;1;1;4;3;4;4;4;2;1;1;2;0,485695030428;0,429056395596;0,446154945477;0,632607502552;0,523268058367;15,2699625477;0;0;0;0
2;7;1;3;1;4;6;1;5;1;2;5;2;6;2;4;4;2;4;1;2;1;7;1;2;2;4;4;7;4;1;2;6;1;1;2;2;1;1;1;1;2;4;2;1;3;4;4;1;1;7;1;1;7;2;2;6;1;4;4;1;1;1;1;7;1;2;1;4;1;4;2;2;1;0;4;1;2;2;5;4;3;5;1;1;4;2;1;1;4;2;0;1;1;2;2;1;1;1;2;1;1;4;4;4;2;2;2;1;1;4;1;1;2;2;4;4;1;1;1;2;1;4;1;2;4;4;1;4;1;4;0;4;2;1;4;2;1;4;4;6;1;2;1;1;0;2;2;4;4;2;2;4;4;1;4;1;1;2;2;1;7;4;2;1;1;1;1;1;4;3;4;4;4;2;1;1;2;0,485695030428;0,429056395596;0,446154945477;0,632607502552;0,523268058367;15,2699625477;0;0;0;0
2;7;1;3;1;4;6;1;5;1;2;5;2;6;2;4;4;2;4;1;2;1;7;1;2;2;4;4;7;4;1;2;6;1;1;2;2;1;1;1;1;2;4;2;1;3;4;4;1;1;7;1;1;7;2;2;6;1;4;4;1;1;1;1;7;1;2;1;4;1;4;2;2;1;0;4;1;2;2;5;4;3;5;1;1;4;2;1;1;4;2;0;1;1;2;2;1;1;1;2;1;1;4;4;4;2;2;2;1;1;4;1;1;2;2;4;4;1;1;1;2;1;4;1;2;4;4;1;4;1;4;0;4;2;1;4;2;1;4;4;6;1;2;1;1;0;2;2;4;4;2;2;4;4;1;4;1;1;2;2;1;7;4;2;1;1;1;1;1;4;3;4;4;4;2;1;1;2;0,485695030428;0,429056395596;0,446154945477;0,632607502552;0,523268058367;15,2699625477;0;0;0;0
2;7;1;3;1;4;6;1;5;1;2;5;2;6;2;4;4;2;4;1;2;1;7;1;2;2;4;4;7;4;1;2;6;1;1;2;2;1;1;1;1;2;4;2;1;3;4;4;1;1;7;1;1;7;2;2;6;1;4;4;1;1;1;1;7;1;2;1;4;1;4;2;2;1;0;4;1;2;2;5;4;3;5;1;1;4;2;1;1;4;2;0;1;1;2;2;1;1;1;2;1;1;4;4;4;2;2;2;1;1;4;1;1;2;2;4;4;1;1;1;2;1;4;1;2;4;4;1;4;1;4;0;4;2;1;4;2;1;4;4;6;1;2;1;1;0;2;2;4;4;2;2;4;4;1;4;1;1;2;2;1;7;4;2;1;1;1;1;1;4;3;4;4;4;2;1;1;2;0,485695030428;0,429056395596;0,446154945477;0,632607502552;0,523268058367;15,2699625477;0;0;0;0
2;7;1;3;1;4;6;1;5;1;2;5;2;6;2;4;4;2;4;1;2;1;7;1;2;2;4;4;7;4;1;2;6;1;1;2;2;1;1;1;1;2;4;2;1;3;4;4;1;1;7;1;1;7;2;2;6;1;4;4;1;1;1;1;7;1;2;1;4;1;4;2;2;1;0;4;1;2;2;5;4;3;5;1;1;4;2;1;1;4;2;0;1;1;2;2;1;1;1;2;1;1;4;4;4;2;2;2;1;1;4;1;1;2;2;4;4;1;1;1;2;1;4;1;2;4;4;1;4;1;4;0;4;2;1;4;2;1;4;4;6;1;2;1;1;0;2;2;4;4;2;2;4;4;1;4;1;1;2;2;1;7;4;2;1;1;1;1;1;4;3;4;4;4;2;1;1;2;0,485695030428;0,429056395596;0,446154945477;0,632607502552;0,523268058367;15,2699625477;0;0;0;0
2;7;1;3;1;4;6;1;5;1;2;5;2;6;2;4;4;2;4;1;2;1;7;1;2;2;4;4;7;4;1;2;6;1;1;2;2;1;1;1;1;2;4;2;1;3;4;4;1;1;7;1;1;7;2;2;6;1;4;4;1;1;1;1;7;1;2;1;4;1;4;2;2;1;0;4;1;2;2;5;4;3;5;1;1;4;2;1;1;4;2;0;1;1;2;2;1;1;1;2;1;1;4;4;4;2;2;2;1;1;4;1;1;2;2;4;4;1;1;1;2;1;4;1;2;4;4;1;4;1;4;0;4;2;1;4;2;1;4;4;6;1;2;1;1;0;2;2;4;4;2;2;4;4;1;4;1;1;2;2;1;7;4;2;1;1;1;1;1;4;3;4;4;4;2;1;1;2;0,485695030428;0,429056395596;0,446154945477;0,632607502552;0,523268058367;15,2699625477;0;0;0;0
2;7;1;3;1;4;6;1;5;1;2;5;2;6;2;4;4;2;4;1;2;1;7;1;2;2;4;4;7;4;1;2;6;1;1;2;2;1;1;1;1;2;4;2;1;3;4;4;1;1;7;1;1;7;2;2;6;1;4;4;1;1;1;1;7;1;2;1;4;1;4;2;2;1;0;4;1;2;2;5;4;3;5;1;1;4;2;1;1;4;2;0;1;1;2;2;1;1;1;2;1;1;4;4;4;2;2;2;1;1;4;1;1;2;2;4;4;1;1;1;2;1;4;1;2;4;4;1;4;1;4;0;4;2;1;4;2;1;4;4;6;1;2;1;1;0;2;2;4;4;2;2;4;4;1;4;1;1;2;2;1;7;4;2;1;1;1;1;1;4;3;4;4;4;2;1;1;2;0,485695030428;0,429056395596;0,446154945477;0,632607502552;0,523268058367;15,2699625477;0;0;0;0
2;7;2;3;1;4;6;1;5;1;2;5;2;6;2;4;4;2;4;1;2;1;7;1;2;2;4;4;7;4;1;2;6;1;1;2;2;2;1;1;1;2;4;2;1;3;4;4;1;1;7;1;1;7;2;2;6;1;4;4;1;1;1;1;7;1;2;1;4;1;4;2;2;1;0;4;1;2;2;5;2;2;5;2;1;2;2;1;1;2;2;0;1;1;2;2;1;1;1;2;1;1;4;4;4;2;2;2;1;1;4;1;1;2;2;4;4;1;1;1;2;1;4;1;2;4;4;1;4;1;4;0;4;2;1;4;2;1;4;4;6;1;2;1;1;0;2;2;4;4;2;2;4;4;1;4;1;1;2;2;1;7;4;2;2;1;1;1;1;4;3;4;4;4;2;1;1;2;0,511743396473;0,443435385396;0,46026465365;0,648238536884;0,538313805877;15,6074080215;0;0;0;0
2;7;2;3;1;4;6;1;5;1;2;5;2;6;2;4;4;2;4;1;2;1;7;1;2;2;4;4;7;4;1;2;6;1;1;2;2;2;1;1;1;2;4;2;1;3;4;4;1;1;7;1;1;7;2;2;6;1;4;4;1;1;1;1;7;1;2;1;4;1;4;2;2;1;0;4;1;2;2;5;2;2;5;2;1;2;2;1;1;2;2;0;1;1;2;2;1;1;1;2;1;1;4;4;4;2;2;2;1;1;4;1;1;2;2;4;4;1;1;1;2;1;4;1;2;4;4;1;4;1;4;0;4;2;1;4;2;1;4;4;6;1;2;1;1;0;2;2;4;4;2;2;4;4;1;4;1;1;2;2;1;7;4;2;2;1;1;1;1;4;3;4;4;4;2;1;1;2;0,511743396473;0,443435385396;0,46026465365;0,648238536884;0,538313805877;15,6074080215;0;0;0;0
2;7;2;3;1;4;6;1;5;1;2;5;2;6;2;4;4;2;4;1;2;1;7;1;2;2;4;4;7;4;1;2;6;1;1;2;2;2;1;1;1;2;4;2;1;3;4;4;1;1;7;1;1;7;2;2;6;1;4;4;1;1;1;1;7;1;2;1;4;1;4;2;2;1;0;4;1;2;2;5;2;2;5;2;1;2;2;1;1;2;2;0;1;1;2;2;1;1;1;2;1;1;4;4;4;2;2;2;1;1;4;1;1;2;2;4;4;1;1;1;2;1;4;1;2;4;4;1;4;1;4;0;4;2;1;4;2;1;4;4;6;1;2;1;1;0;2;2;4;4;2;2;4;4;1;4;1;1;2;2;1;7;4;2;2;1;1;1;1;4;3;4;4;4;2;1;1;2;0,511743396473;0,443435385396;0,46026465365;0,648238536884;0,538313805877;15,6074080215;0;0;0;0
2;7;2;3;1;4;6;1;5;1;2;5;2;6;2;4;4;2;4;1;2;1;7;1;2;2;4;4;7;4;1;2;6;1;1;2;2;2;1;1;1;2;4;2;1;3;4;4;1;1;7;1;1;7;2;2;6;1;4;4;1;1;1;1;7;1;2;1;4;1;4;2;2;1;0;4;1;2;2;5;2;2;5;2;1;2;2;1;1;2;2;0;1;1;2;2;1;1;1;2;1;1;4;4;4;2;2;2;1;1;4;1;1;2;2;4;4;1;1;1;2;1;4;1;2;4;4;1;4;1;4;0;4;2;1;4;2;1;4;4;6;1;2;1;1;0;2;2;4;4;2;2;4;4;1;4;1;1;2;2;1;7;4;2;2;1;1;1;1;4;3;4;4;4;2;1;1;2;0,511743396473;0,443435385396;0,46026465365;0,648238536884;0,538313805877;15,6074080215;0;0;0;0
2;7;2;3;1;4;6;1;5;1;2;5;2;6;2;4;4;2;4;1;2;1;7;1;2;2;4;4;7;4;1;2;6;1;1;2;2;2;1;1;1;2;4;2;1;3;4;4;1;1;7;1;1;7;2;2;6;1;4;4;1;1;1;1;7;1;2;1;4;1;4;2;2;1;0;4;1;2;2;5;2;2;5;2;1;2;2;1;1;2;2;0;1;1;2;2;1;1;1;2;1;1;4;4;4;2;2;2;1;1;4;1;1;2;2;4;4;1;1;1;2;1;4;1;2;4;4;1;4;1;4;0;4;2;1;4;2;1;4;4;6;1;2;1;1;0;2;2;4;4;2;2;4;4;1;4;1;1;2;2;1;7;4;2;2;1;1;1;1;4;3;4;4;4;2;1;1;2;0,511743396473;0,443435385396;0,46026465365;0,648238536884;0,538313805877;15,6074080215;0;0;0;0
2;7;2;3;1;4;6;1;5;1;2;5;2;6;2;4;4;2;4;1;2;1;7;1;2;2;4;4;7;4;1;2;6;1;1;2;2;2;1;1;1;2;4;2;1;3;4;4;1;1;7;1;1;7;2;2;6;1;4;4;1;1;1;1;7;1;2;1;4;1;4;2;2;1;0;4;1;2;2;5;2;2;5;2;1;2;2;1;1;2;2;0;1;1;2;2;1;1;1;2;1;1;4;4;4;2;2;2;1;1;4;1;1;2;2;4;4;1;1;1;2;1;4;1;2;4;4;1;4;1;4;0;4;2;1;4;2;1;4;4;6;1;2;1;1;0;2;2;4;4;2;2;4;4;1;4;1;1;2;2;1;7;4;2;2;1;1;1;1;4;3;4;4;4;2;1;1;2;0,511743396473;0,443435385396;0,46026465365;0,648238536884;0,538313805877;15,6074080215;0;0;0;0
2;7;2;3;1;4;6;1;5;1;2;5;2;6;2;4;4;2;4;1;2;1;7;1;2;2;4;4;7;4;1;2;6;1;1;2;2;2;1;1;1;2;4;2;1;3;4;4;1;1;7;1;1;7;2;2;6;1;4;4;1;1;1;1;7;1;2;1;4;1;4;2;2;1;0;4;1;2;2;5;2;2;5;2;1;2;2;1;1;2;2;0;1;1;2;2;1;1;1;2;1;1;4;4;4;2;2;2;1;1;4;1;1;2;2;4;4;1;1;1;2;1;4;1;2;4;4;1;4;1;4;0;4;2;1;4;2;1;4;4;6;1;2;1;1;0;2;2;4;4;2;2;4;4;1;4;1;1;2;2;1;7;4;2;2;1;1;1;1;4;3;4;4;4;2;1;1;2;0,511743396473;0,443435385396;0,46026465365;0,648238536884;0,538313805877;15,6074080215;0;0;0;0
2;7;1;3;1;4;6;1;5;1;2;5;2;6;2;4;4;2;4;1;2;1;7;1;2;2;4;4;7;4;1;2;6;1;1;2;2;1;1;1;1;2;4;2;1;3;4;4;1;1;7;1;1;7;2;2;6;1;4;4;1;1;1;1;7;1;2;1;4;1;4;2;2;1;0;4;1;2;2;5;2;2;5;2;1;2;2;1;1;4;2;0;1;1;2;2;1;1;1;2;1;1;4;4;4;2;2;2;1;1;4;1;1;2;2;4;4;1;1;1;2;1;4;1;2;4;4;1;4;1;4;4;4;2;1;4;2;1;4;4;6;1;2;1;1;2;2;2;4;4;2;2;4;4;1;4;1;1;2;2;1;7;4;2;1;1;1;1;1;4;3;4;4;4;2;1;1;2;0,503476084445;0,443356273131;0,460577062868;0,634377895491;0,533683884662;15,6949656968;0;0;0;0
2;7;1;3;1;4;6;1;5;1;2;5;2;6;2;4;4;2;4;1;2;1;7;1;2;2;4;4;7;4;1;2;6;1;1;2;2;1;1;1;1;2;4;2;1;3;4;4;1;1;7;1;1;7;2;2;6;1;4;4;1;1;1;1;7;1;2;1;4;1;4;2;2;1;0;4;1;2;2;5;2;2;5;2;1;2;2;1;1;4;2;0;1;1;2;2;1;1;1;2;1;1;4;4;4;2;2;2;1;1;4;1;1;2;2;4;4;1;1;1;2;1;4;1;2;4;4;1;4;1;4;4;4;2;1;4;2;1;4;4;6;1;2;1;1;2;2;2;4;4;2;2;4;4;1;4;1;1;2;2;1;7;4;2;1;1;1;1;1;4;3;4;4;4;2;1;1;2;0,503476084445;0,443356273131;0,460577062868;0,634377895491;0,533683884662;15,6949656968;0;0;0;0
2;7;1;3;1;4;6;1;5;1;2;5;2;6;2;4;4;2;4;1;2;1;7;1;2;2;4;4;7;4;1;2;6;1;1;2;2;1;1;1;1;2;4;2;1;3;4;4;1;1;7;1;1;7;2;2;6;1;4;4;1;1;1;1;7;1;2;1;4;1;4;2;2;1;0;4;1;2;2;5;2;2;5;2;1;2;2;1;1;4;2;0;1;1;2;2;1;1;1;2;1;1;4;4;4;2;2;2;1;1;4;1;1;2;2;4;4;1;1;1;2;1;4;1;2;4;4;1;4;1;4;4;4;2;1;4;2;1;4;4;6;1;2;1;1;2;2;2;4;4;2;2;4;4;1;4;1;1;2;2;1;7;4;2;1;1;1;1;1;4;3;4;4;4;2;1;1;2;0,503476084445;0,443356273131;0,460577062868;0,634377895491;0,533683884662;15,6949656968;0;0;0;0
