10;40;30;db;Minkowski_2;2;1
4;5;4;4;4;5;4;5;4;5;4;5;5;5;5;5;4;4;5;4;4;4;5;6;4;5;5;4;3;5;4;4;1;5;5;5;5;4;5;2;5;5;5;4;5;4;5;5;4;4;4;4;4;4;4;5;5;4;4;1;4;5;5;4;4;5;5;4;5;4;3;5;5;5;5;4;4;4;4;4;5;4;4;4;5;4;4;4;4;4;5;4;5;5;4;0;4;4;5;5;4;3;5;5;3;4;3;4;4;4;3;5;4;5;4;4;4;5;3;4;4;4;5;3;5;5;4;4;4;0;5;5;4;5;4;5;5;4;4;4;4;5;5;4;2;5;5;4;4;5;5;4;5;4;4;4;5;5;3;5;4;4;5;3;4;5;4;5;5;4;3;6;5;5;4;3;5;3;0,335234460477;0,388212056792;0,410286137946;0,420390668418;0,415276946346;1,67255646702;0;0;0;0
1;1;2;2;2;1;2;1;2;1;2;2;0;1;1;1;0;2;1;2;2;2;1;2;2;0;0;2;1;0;2;0;1;1;1;1;1;2;2;1;1;2;1;2;1;0;1;1;2;2;2;2;2;0;2;1;0;1;1;1;2;2;2;2;0;1;1;2;1;2;1;1;2;1;2;2;0;2;2;0;1;2;2;2;0;2;2;2;2;2;1;0;1;1;2;1;2;2;1;1;2;1;1;1;1;2;1;2;2;2;1;1;2;0;2;0;2;1;1;2;2;0;1;1;1;2;2;2;2;1;1;1;2;1;2;1;0;2;2;2;2;1;1;0;1;1;2;2;0;1;1;0;1;2;2;2;1;0;1;2;2;2;1;1;2;1;2;2;1;2;1;2;1;0;2;1;1;1;0,424109923494;0,501506735502;0,557309848649;0,506786983942;0,530849014239;1,96486817603;0;0;0;0
2;2;3;3;3;2;3;0;3;0;3;2;2;0;0;2;2;3;2;2;3;2;2;2;2;2;3;3;0;2;3;2;0;2;2;2;0;3;3;0;2;2;2;3;2;2;2;2;2;2;3;3;3;2;3;2;2;2;2;0;3;1;3;3;2;2;2;3;2;3;2;2;3;2;2;3;2;3;3;2;2;3;3;3;2;3;3;3;3;3;2;2;2;0;2;2;2;2;1;2;2;2;0;2;0;3;2;3;2;2;0;2;2;2;3;2;3;2;2;3;3;2;2;0;2;2;3;3;3;2;2;0;3;2;2;2;2;2;3;3;3;0;2;2;0;2;3;3;2;0;2;2;2;3;3;3;2;2;2;3;3;3;1;2;3;2;2;2;2;3;0;2;2;2;3;0;2;0;0,446206495736;0,467190277147;0,506190693158;0,476389288008;0,490838056;2,12785329921;0;0;0;0
2;2;3;3;3;2;3;0;3;0;3;2;2;0;0;2;2;3;2;2;3;2;2;2;2;2;3;3;0;2;3;2;0;2;2;2;0;3;3;0;2;2;2;3;2;2;2;2;2;2;3;3;3;2;3;2;2;2;2;0;3;1;3;3;2;2;2;3;2;3;2;2;3;2;2;3;2;3;3;2;2;3;3;3;2;3;3;3;3;3;2;2;2;0;2;2;2;2;1;2;2;2;0;2;0;3;2;3;2;2;0;2;2;2;3;2;3;2;2;3;3;2;2;0;2;2;3;3;3;2;2;0;3;2;2;2;2;2;3;3;3;0;2;2;0;2;3;3;2;0;2;2;2;3;3;3;2;2;2;3;3;3;1;2;3;2;2;2;2;3;0;2;2;2;3;0;2;0;0,446206495736;0,467190277147;0,506190693158;0,476389288008;0,490838056;2,12785329921;0;0;0;0
2;2;3;3;3;2;3;0;3;0;3;2;2;0;0;2;2;3;2;2;3;2;2;2;2;2;3;3;0;2;3;2;0;2;2;2;0;3;3;0;2;2;2;3;2;2;2;2;2;2;3;3;3;2;3;2;2;2;2;0;3;1;3;3;2;2;2;3;2;3;2;2;3;2;2;3;2;3;3;2;2;3;3;3;2;3;3;3;3;3;2;2;2;0;2;2;2;2;1;2;2;2;0;2;0;3;2;3;2;2;0;2;2;2;3;2;3;2;2;3;3;2;2;0;2;2;3;3;3;2;2;0;3;2;2;2;2;2;3;3;3;0;2;2;0;2;3;3;2;0;2;2;2;3;3;3;2;2;2;3;3;3;1;2;3;2;2;2;2;3;0;2;2;2;3;0;2;0;0,446206495736;0,467190277147;0,506190693158;0,476389288008;0,490838056;2,12785329921;0;0;0;0
2;2;2;2;2;2;2;2;4;2;4;2;2;3;2;2;2;4;2;2;2;2;2;1;2;2;2;2;3;2;4;2;0;2;2;2;2;2;2;2;2;2;2;2;2;2;2;2;2;2;4;1;4;2;2;2;2;2;2;0;4;2;1;4;2;2;2;4;2;2;2;2;2;2;2;4;2;2;2;2;2;2;4;2;2;2;4;4;4;4;2;2;2;2;2;2;2;2;2;2;2;2;2;2;2;2;2;2;2;2;2;2;2;2;4;2;2;2;2;4;4;2;2;3;2;2;2;2;2;2;2;2;2;2;2;2;2;2;2;2;4;2;2;2;2;2;2;4;2;2;2;2;2;4;2;2;2;2;2;2;2;2;2;2;2;2;2;2;2;4;2;1;2;2;4;3;2;2;0,0861372134159;0,174882416054;0,325345014434;0,195458037419;0,244204782515;2,27503365556;0;0;0;0
2;2;2;2;2;2;2;2;4;2;4;2;2;3;2;2;2;4;2;2;2;2;2;1;2;2;2;2;3;2;4;2;0;2;2;2;2;2;2;2;2;2;2;2;2;2;2;2;2;2;4;1;4;2;2;2;2;2;2;0;4;2;1;4;2;2;2;4;2;2;2;2;2;2;2;4;2;2;2;2;2;2;4;2;2;2;4;4;4;4;2;2;2;2;2;2;2;2;2;2;2;2;2;2;2;2;2;2;2;2;2;2;2;2;4;2;2;2;2;4;4;2;2;3;2;2;2;2;2;2;2;2;2;2;2;2;2;2;2;2;4;2;2;2;2;2;2;4;2;2;2;2;2;4;2;2;2;2;2;2;2;2;2;2;2;2;2;2;2;4;2;1;2;2;4;3;2;2;0,0861372134159;0,174882416054;0,325345014434;0,195458037419;0,244204782515;2,27503365556;0;0;0;0
1;1;3;3;1;1;3;1;3;1;3;3;1;2;1;1;3;3;1;1;3;3;1;3;3;1;1;3;2;1;3;1;0;1;1;1;1;3;3;1;1;3;1;3;1;3;1;1;1;3;3;3;3;1;3;1;1;1;1;0;3;1;1;3;1;1;1;3;1;3;1;1;1;1;1;3;1;3;3;1;1;1;3;3;1;3;3;3;3;3;1;1;1;1;1;1;1;1;1;1;3;1;1;1;1;3;1;3;1;1;1;1;1;1;3;3;3;1;1;3;3;1;1;2;1;1;3;3;3;1;1;1;3;1;1;1;1;1;3;3;3;1;1;1;1;1;3;3;3;1;1;1;1;3;3;3;1;1;1;1;3;3;1;1;3;1;1;1;1;3;1;3;1;1;3;2;1;1;0,33784958759;0,333899129152;0,464302930617;0,346094426824;0,396577444803;2,28053819709;0;0;0;0
1;1;3;3;1;1;3;1;3;1;3;3;1;2;1;1;3;3;1;1;3;3;1;3;3;1;1;3;2;1;3;1;0;1;1;1;1;3;3;1;1;3;1;3;1;3;1;1;1;3;3;3;3;1;3;1;1;1;1;0;3;1;1;3;1;1;1;3;1;3;1;1;1;1;1;3;1;3;3;1;1;1;3;3;1;3;3;3;3;3;1;1;1;1;1;1;1;1;1;1;3;1;1;1;1;3;1;3;1;1;1;1;1;1;3;3;3;1;1;3;3;1;1;2;1;1;3;3;3;1;1;1;3;1;1;1;1;1;3;3;3;1;1;1;1;1;3;3;3;1;1;1;1;3;3;3;1;1;1;1;3;3;1;1;3;1;1;1;1;3;1;3;1;1;3;2;1;1;0,33784958759;0,333899129152;0,464302930617;0,346094426824;0,396577444803;2,28053819709;0;0;0;0
1;1;3;3;1;1;3;1;3;1;3;3;1;2;1;1;3;3;1;1;3;3;1;3;3;1;1;3;2;1;3;1;0;1;1;1;1;3;3;1;1;3;1;3;1;3;1;1;1;3;3;3;3;1;3;1;1;1;1;0;3;1;1;3;1;1;1;3;1;3;1;1;1;1;1;3;1;3;3;1;1;1;3;3;1;3;3;3;3;3;1;1;1;1;1;1;1;1;1;1;3;1;1;1;1;3;1;3;1;1;1;1;1;1;3;3;3;1;1;3;3;1;1;2;1;1;3;3;3;1;1;1;3;1;1;1;1;1;3;3;3;1;1;1;1;1;3;3;3;1;1;1;1;3;3;3;1;1;1;1;3;3;1;1;3;1;1;1;1;3;1;3;1;1;3;2;1;1;0,33784958759;0,333899129152;0,464302930617;0,346094426824;0,396577444803;2,28053819709;0;0;0;0
1;1;3;3;1;1;3;1;3;1;3;3;1;2;1;1;3;3;1;1;3;3;1;3;3;1;1;3;2;1;3;1;0;1;1;1;1;3;3;1;1;3;1;3;1;3;1;1;1;3;3;3;3;1;3;1;1;1;1;0;3;1;1;3;1;1;1;3;1;3;1;1;1;1;1;3;1;3;3;1;1;1;3;3;1;3;3;3;3;3;1;1;1;1;1;1;1;1;1;1;3;1;1;1;1;3;1;3;1;1;1;1;1;1;3;3;3;1;1;3;3;1;1;2;1;1;3;3;3;1;1;1;3;1;1;1;1;1;3;3;3;1;1;1;1;1;3;3;3;1;1;1;1;3;3;3;1;1;1;1;3;3;1;1;3;1;1;1;1;3;1;3;1;1;3;2;1;1;0,33784958759;0,333899129152;0,464302930617;0,346094426824;0,396577444803;2,28053819709;0;0;0;0
1;1;3;3;1;1;3;1;3;1;3;3;1;2;1;1;3;3;1;1;3;3;1;3;3;1;1;3;2;1;3;1;0;1;1;1;1;3;3;1;1;3;1;3;1;3;1;1;1;3;3;3;3;1;3;1;1;1;1;0;3;1;1;3;1;1;1;3;1;3;1;1;1;1;1;3;1;3;3;1;1;1;3;3;1;3;3;3;3;3;1;1;1;1;1;1;1;1;1;1;3;1;1;1;1;3;1;3;1;1;1;1;1;1;3;3;3;1;1;3;3;1;1;2;1;1;3;3;3;1;1;1;3;1;1;1;1;1;3;3;3;1;1;1;1;1;3;3;3;1;1;1;1;3;3;3;1;1;1;1;3;3;1;1;3;1;1;1;1;3;1;3;1;1;3;2;1;1;0,33784958759;0,333899129152;0,464302930617;0,346094426824;0,396577444803;2,28053819709;0;0;0;0
2;2;2;2;2;2;2;2;2;2;2;2;2;3;2;2;2;4;2;2;2;2;2;2;2;2;2;2;3;2;4;2;0;2;2;2;2;2;2;2;2;2;2;2;2;2;2;2;2;2;2;2;2;2;2;2;2;2;2;0;4;2;1;4;2;2;2;4;2;2;2;2;2;2;2;4;2;2;2;2;2;2;4;2;2;2;2;4;4;4;2;2;2;2;2;2;2;2;2;2;2;2;2;2;3;2;2;2;2;2;2;2;2;2;4;2;2;2;2;4;4;2;2;3;2;2;2;2;2;2;2;2;2;2;2;2;2;2;2;2;4;2;2;2;2;2;2;4;2;2;2;2;2;4;2;2;2;2;2;2;2;2;2;2;2;2;2;2;2;2;2;1;2;2;4;3;2;2;0,054222648873;0,139360722834;0,311569337103;0,160758123082;0,212087189777;2,43041709863;0;0;0;0
2;2;2;2;2;2;2;2;2;2;2;2;2;3;2;2;2;4;2;2;2;2;2;2;2;2;2;2;3;2;4;2;0;2;2;2;2;2;2;2;2;2;2;2;2;2;2;2;2;2;2;2;2;2;2;2;2;2;2;0;4;2;1;4;2;2;2;4;2;2;2;2;2;2;2;4;2;2;2;2;2;2;4;2;2;2;2;4;4;4;2;2;2;2;2;2;2;2;2;2;2;2;2;2;3;2;2;2;2;2;2;2;2;2;4;2;2;2;2;4;4;2;2;3;2;2;2;2;2;2;2;2;2;2;2;2;2;2;2;2;4;2;2;2;2;2;2;4;2;2;2;2;2;4;2;2;2;2;2;2;2;2;2;2;2;2;2;2;2;2;2;1;2;2;4;3;2;2;0,054222648873;0,139360722834;0,311569337103;0,160758123082;0,212087189777;2,43041709863;0;0;0;0
1;1;3;3;1;1;3;1;3;1;3;1;1;2;1;1;1;3;1;1;3;1;1;1;1;1;1;3;2;1;3;1;0;1;1;1;1;1;1;1;1;1;1;3;1;1;1;1;1;1;3;1;3;1;3;1;1;1;1;0;3;1;1;3;1;1;1;3;1;3;1;1;1;1;1;3;1;1;3;1;1;1;3;3;1;3;3;3;3;3;1;1;1;1;1;1;1;1;1;1;1;1;1;1;2;3;1;3;1;1;1;1;1;1;3;1;1;1;1;3;3;1;1;2;1;1;3;3;3;1;1;1;3;1;1;1;1;1;3;3;3;1;1;1;1;1;1;3;1;1;1;1;1;3;3;3;1;1;1;1;3;3;1;1;3;1;1;1;1;3;1;3;1;1;3;2;1;1;0,362427949561;0,382060010934;0,562286599415;0,393272737481;0,462832566566;2,53711482883;0;0;0;0
1;1;3;3;1;1;3;1;3;1;3;1;1;2;1;1;1;3;1;1;3;1;1;1;1;1;1;3;2;1;3;1;0;1;1;1;1;1;1;1;1;1;1;3;1;1;1;1;1;1;3;1;3;1;3;1;1;1;1;0;3;1;1;3;1;1;1;3;1;3;1;1;1;1;1;3;1;1;3;1;1;1;3;3;1;3;3;3;3;3;1;1;1;1;1;1;1;1;1;1;1;1;1;1;1;3;1;3;1;1;1;1;1;1;3;1;1;1;1;3;3;1;1;2;1;1;3;3;3;1;1;1;3;1;1;1;1;1;3;3;3;1;1;1;1;1;1;3;1;1;1;1;1;3;3;3;1;1;1;1;3;3;1;1;3;1;1;1;1;3;1;3;1;1;3;2;1;1;0,359927339309;0,376200350859;0,568147208276;0,387631322811;0,460842437306;2,56960396802;0;0;0;0
1;1;3;3;1;1;3;1;3;1;3;1;1;2;1;1;1;3;1;1;3;1;1;1;1;1;1;3;2;1;3;1;0;1;1;1;1;1;1;1;1;1;1;3;1;1;1;1;1;1;3;1;3;1;3;1;1;1;1;0;3;1;1;3;1;1;1;3;1;3;1;1;1;1;1;3;1;1;3;1;1;1;3;3;1;3;3;3;3;3;1;1;1;1;1;1;1;1;1;1;1;1;1;1;1;3;1;3;1;1;1;1;1;1;3;1;1;1;1;3;3;1;1;2;1;1;3;3;3;1;1;1;3;1;1;1;1;1;3;3;3;1;1;1;1;1;1;3;1;1;1;1;1;3;3;3;1;1;1;1;3;3;1;1;3;1;1;1;1;3;1;3;1;1;3;2;1;1;0,359927339309;0,376200350859;0,568147208276;0,387631322811;0,460842437306;2,56960396802;0;0;0;0
1;1;3;3;1;1;3;1;3;1;3;1;1;2;1;1;1;3;1;1;3;1;1;1;1;1;1;3;2;1;3;1;0;1;1;1;1;1;1;1;1;1;1;3;1;1;1;1;1;1;3;1;3;1;3;1;1;1;1;0;3;1;1;3;1;1;1;3;1;3;1;1;1;1;1;3;1;1;3;1;1;1;3;3;1;3;3;3;3;3;1;1;1;1;1;1;1;1;1;1;1;1;1;1;1;3;1;3;1;1;1;1;1;1;3;1;1;1;1;3;3;1;1;2;1;1;3;3;3;1;1;1;3;1;1;1;1;1;3;3;3;1;1;1;1;1;1;3;1;1;1;1;1;3;3;3;1;1;1;1;3;3;1;1;3;1;1;1;1;3;1;3;1;1;3;2;1;1;0,359927339309;0,376200350859;0,568147208276;0,387631322811;0,460842437306;2,56960396802;0;0;0;0
1;1;1;1;1;1;1;2;1;1;1;1;1;2;2;1;1;1;2;1;1;1;1;1;1;1;1;1;2;1;3;1;0;1;2;2;2;1;1;2;2;1;1;1;1;1;1;1;1;1;1;1;1;1;1;2;1;1;1;0;1;1;1;1;1;1;2;1;1;1;2;1;1;1;1;1;1;1;1;1;1;1;1;1;1;1;1;1;1;1;1;1;2;2;1;2;1;1;1;1;1;2;1;1;2;1;2;1;1;1;2;1;1;1;3;1;1;1;2;1;1;1;1;2;2;1;1;1;1;2;2;1;1;1;1;1;1;1;1;1;1;2;1;1;2;1;1;3;1;1;2;1;1;1;1;1;1;1;2;1;1;1;1;1;1;1;1;1;1;1;2;1;1;1;1;2;1;2;0,235885006634;0,268527160064;0,500243529228;0,282052152221;0,360719782556;2,70268572619;0;0;0;0
1;1;1;1;1;1;1;2;1;1;1;1;1;2;2;1;1;1;2;1;1;1;1;1;1;1;1;1;2;1;3;1;0;1;2;2;2;1;1;2;2;1;1;1;1;1;1;1;1;1;1;1;1;1;1;2;1;1;1;0;1;1;1;1;1;1;2;1;1;1;2;1;1;1;1;1;1;1;1;1;1;1;1;1;1;1;1;1;1;1;1;1;2;2;1;2;1;1;1;1;1;2;1;1;2;1;2;1;1;1;2;1;1;1;3;1;1;1;2;1;1;1;1;2;2;1;1;1;1;2;2;1;1;1;1;1;1;1;1;1;1;2;1;1;2;1;1;3;1;1;2;1;1;1;1;1;1;1;2;1;1;1;1;1;1;1;1;1;1;1;2;1;1;1;1;2;1;2;0,235885006634;0,268527160064;0,500243529228;0,282052152221;0,360719782556;2,70268572619;0;0;0;0
1;1;1;1;1;1;1;2;1;1;1;1;1;2;2;1;1;1;2;1;1;1;1;1;1;1;1;1;2;1;3;1;0;1;2;2;2;1;1;2;2;1;1;1;1;1;1;1;1;1;1;1;1;1;1;2;1;1;1;0;1;1;1;1;1;1;2;1;1;1;2;1;1;1;1;1;1;1;1;1;1;1;1;1;1;1;1;1;1;1;1;1;2;2;1;2;1;1;1;1;1;2;1;1;2;1;2;1;1;1;2;1;1;1;3;1;1;1;2;1;1;1;1;2;2;1;1;1;1;2;2;1;1;1;1;1;1;1;1;1;1;2;1;1;2;1;1;3;1;1;2;1;1;1;1;1;1;1;2;1;1;1;1;1;1;1;1;1;1;1;2;1;1;1;1;2;1;2;0,235885006634;0,268527160064;0,500243529228;0,282052152221;0,360719782556;2,70268572619;0;0;0;0
1;1;1;1;1;1;1;2;1;1;1;1;1;2;2;1;1;1;2;1;1;1;1;1;1;1;1;1;2;1;3;1;0;1;2;2;2;1;1;2;2;1;1;1;1;1;1;1;1;1;1;1;1;1;1;2;1;1;1;0;1;1;1;1;1;1;2;1;1;1;2;1;1;1;1;1;1;1;1;1;1;1;1;1;1;1;1;1;1;1;1;1;2;2;1;2;1;1;1;1;1;2;1;1;2;1;2;1;1;1;2;1;1;1;3;1;1;1;2;1;1;1;1;2;2;1;1;1;1;2;2;1;1;1;1;1;1;1;1;1;1;2;1;1;2;1;1;3;1;1;2;1;1;1;1;1;1;1;2;1;1;1;1;1;1;1;1;1;1;1;2;1;1;1;1;2;1;2;0,235885006634;0,268527160064;0,500243529228;0,282052152221;0,360719782556;2,70268572619;0;0;0;0
1;1;1;1;1;1;1;2;1;1;1;1;1;2;2;1;1;1;2;1;1;1;1;1;1;1;1;1;2;1;3;1;0;1;2;2;2;1;1;2;2;1;1;1;1;1;1;1;1;1;1;1;1;1;1;2;1;1;1;0;1;1;1;1;1;1;2;1;1;1;2;1;1;1;1;1;1;1;1;1;1;1;1;1;1;1;1;1;1;1;1;1;2;2;1;2;1;1;1;1;1;2;1;1;2;1;2;1;1;1;2;1;1;1;3;1;1;1;2;1;1;1;1;2;2;1;1;1;1;2;2;1;1;1;1;1;1;1;1;1;1;2;1;1;2;1;1;3;1;1;2;1;1;1;1;1;1;1;2;1;1;1;1;1;1;1;1;1;1;1;2;1;1;1;1;2;1;2;0,235885006634;0,268527160064;0,500243529228;0,282052152221;0,360719782556;2,70268572619;0;0;0;0
1;1;1;1;1;1;1;2;1;1;1;1;1;2;2;1;1;1;2;1;1;1;1;1;1;1;1;1;2;1;3;1;0;1;2;2;2;1;1;2;2;1;1;1;1;1;1;1;1;1;1;1;1;1;1;2;1;1;1;0;1;1;1;1;1;1;2;1;1;1;2;1;1;1;1;1;1;1;1;1;1;1;1;1;1;1;1;1;1;1;1;1;2;2;1;2;1;1;1;1;1;2;1;1;2;1;2;1;1;1;2;1;1;1;3;1;1;1;2;1;1;1;1;2;2;1;1;1;1;2;2;1;1;1;1;1;1;1;1;1;1;2;1;1;2;1;1;3;1;1;2;1;1;1;1;1;1;1;2;1;1;1;1;1;1;1;1;1;1;1;2;1;1;1;1;2;1;2;0,235885006634;0,268527160064;0,500243529228;0,282052152221;0,360719782556;2,70268572619;0;0;0;0
1;1;1;1;1;1;1;2;1;1;1;1;1;2;2;1;1;1;2;1;1;1;1;1;1;1;1;1;2;1;3;1;0;1;2;2;2;1;1;2;2;1;1;1;1;1;1;1;1;1;1;1;1;1;1;2;1;1;1;0;1;1;1;1;1;1;2;1;1;1;2;1;1;1;1;1;1;1;1;1;1;1;1;1;1;1;1;1;1;1;1;1;2;2;1;2;1;1;1;1;1;2;1;1;2;1;2;1;1;1;2;1;1;1;3;1;1;1;2;1;1;1;1;2;2;1;1;1;1;2;2;1;1;1;1;1;1;1;1;1;1;2;1;1;2;1;1;3;1;1;2;1;1;1;1;1;1;1;2;1;1;1;1;1;1;1;1;1;1;1;2;1;1;1;1;2;1;2;0,235885006634;0,268527160064;0,500243529228;0,282052152221;0,360719782556;2,70268572619;0;0;0;0
1;1;1;1;1;1;1;2;1;1;1;1;1;2;2;1;1;1;2;1;1;1;1;1;1;1;1;1;2;1;3;1;0;1;2;2;2;1;1;2;2;1;1;1;1;1;1;1;1;1;1;1;1;1;1;2;1;1;1;0;1;1;1;1;1;1;2;1;1;1;2;1;1;1;1;1;1;1;1;1;1;1;1;1;1;1;1;1;1;1;1;1;2;2;1;2;1;1;1;1;1;2;1;1;2;1;2;1;1;1;2;1;1;1;3;1;1;1;2;1;1;1;1;2;2;1;1;1;1;2;2;1;1;1;1;1;1;1;1;1;1;2;1;1;2;1;1;3;1;1;2;1;1;1;1;1;1;1;2;1;1;1;1;1;1;1;1;1;1;1;2;1;1;1;1;2;1;2;0,235885006634;0,268527160064;0,500243529228;0,282052152221;0,360719782556;2,70268572619;0;0;0;0
1;1;1;1;1;1;1;2;1;1;1;1;1;2;2;1;1;1;2;1;1;1;1;1;1;1;1;1;2;1;3;1;0;1;2;2;2;1;1;2;2;1;1;1;1;1;1;1;1;1;1;1;1;1;1;2;1;1;1;0;1;1;1;1;1;1;2;1;1;1;2;1;1;1;1;1;1;1;1;1;1;1;1;1;1;1;1;1;1;1;1;1;2;2;1;2;1;1;1;1;1;2;1;1;2;1;2;1;1;1;2;1;1;1;3;1;1;1;2;1;1;1;1;2;2;1;1;1;1;2;2;1;1;1;1;1;1;1;1;1;1;2;1;1;2;1;1;3;1;1;2;1;1;1;1;1;1;1;2;1;1;1;1;1;1;1;1;1;1;1;2;1;1;1;1;2;1;2;0,235885006634;0,268527160064;0,500243529228;0,282052152221;0,360719782556;2,70268572619;0;0;0;0
1;1;1;1;1;1;1;2;1;1;1;1;1;2;2;1;1;1;2;1;1;1;1;1;1;1;1;1;2;1;3;1;0;1;2;2;2;1;1;2;2;1;1;1;1;1;1;1;1;1;1;1;1;1;1;2;1;1;1;0;1;1;1;1;1;1;2;1;1;1;2;1;1;1;1;1;1;1;1;1;1;1;1;1;1;1;1;1;1;1;1;1;2;2;1;2;1;1;1;1;1;2;1;1;2;1;2;1;1;1;2;1;1;1;3;1;1;1;2;1;1;1;1;2;2;1;1;1;1;2;2;1;1;1;1;1;1;1;1;1;1;2;1;1;2;1;1;3;1;1;2;1;1;1;1;1;1;1;2;1;1;1;1;1;1;1;1;1;1;1;2;1;1;1;1;2;1;2;0,235885006634;0,268527160064;0,500243529228;0,282052152221;0,360719782556;2,70268572619;0;0;0;0
1;1;1;1;1;1;1;2;1;1;1;1;1;2;2;1;1;1;2;1;1;1;1;1;1;1;1;1;2;1;3;1;0;1;2;2;2;1;1;2;2;1;1;1;1;1;1;1;1;1;1;1;1;1;1;2;1;1;1;0;1;1;1;1;1;1;2;1;1;1;2;1;1;1;1;1;1;1;1;1;1;1;1;1;1;1;1;1;1;1;1;1;2;2;1;2;1;1;1;1;1;2;1;1;2;1;2;1;1;1;2;1;1;1;3;1;1;1;2;1;1;1;1;2;2;1;1;1;1;2;2;1;1;1;1;1;1;1;1;1;1;2;1;1;2;1;1;3;1;1;2;1;1;1;1;1;1;1;2;1;1;1;1;1;1;1;1;1;1;1;2;1;1;1;1;2;1;2;0,235885006634;0,268527160064;0,500243529228;0,282052152221;0,360719782556;2,70268572619;0;0;0;0
1;1;1;1;1;1;1;2;1;1;1;1;1;2;2;1;1;1;2;1;1;1;1;1;1;1;1;1;2;1;3;1;0;1;2;2;2;1;1;2;2;1;1;1;1;1;1;1;1;1;1;1;1;1;1;2;1;1;1;0;1;1;1;1;1;1;2;1;1;1;2;1;1;1;1;1;1;1;1;1;1;1;1;1;1;1;1;1;1;1;1;1;2;2;1;2;1;1;1;1;1;2;1;1;2;1;2;1;1;1;2;1;1;1;3;1;1;1;2;1;1;1;1;2;2;1;1;1;1;2;2;1;1;1;1;1;1;1;1;1;1;2;1;1;2;1;1;3;1;1;2;1;1;1;1;1;1;1;2;1;1;1;1;1;1;1;1;1;1;1;2;1;1;1;1;2;1;2;0,235885006634;0,268527160064;0,500243529228;0,282052152221;0,360719782556;2,70268572619;0;0;0;0
