10;40;30;db;Cosine;1;4
1;3;3;3;1;4;1;3;0;2;1;3;1;1;3;3;5;3;1;3;5;3;1;3;3;3;3;0;1;0;3;0;1;0;1;0;3;5;3;1;3;5;1;1;1;3;2;3;5;0;0;3;2;2;1;1;0;3;1;0;3;3;3;1;5;5;1;0;3;1;5;5;1;3;4;3;5;3;3;3;3;1;2;2;1;3;3;3;1;3;1;3;3;1;3;3;2;3;1;3;3;0;3;5;3;4;3;3;3;5;3;1;1;0;1;1;3;1;0;0;3;1;3;1;3;0;5;3;0;1;0;1;3;3;3;3;1;3;3;3;1;3;3;3;3;1;1;3;0;1;1;3;3;1;0;2;1;3;3;3;0;3;2;5;1;3;1;3;1;5;3;3;3;1;1;0;1;0;0,30496568521;0,33915592234;0,353640785646;0,460179517176;0,399936559528;4,16237583651;0;0;0;0
1;3;3;3;1;4;1;3;0;2;1;3;1;1;3;3;5;3;1;3;5;3;1;3;3;3;3;0;1;0;3;0;1;0;1;0;3;5;3;1;3;5;1;1;1;3;2;3;5;0;0;3;2;2;1;1;0;3;1;0;3;3;3;1;5;5;1;0;3;1;5;5;1;3;4;3;5;3;3;3;3;1;2;2;1;3;3;3;1;3;1;3;3;1;3;3;2;3;1;3;3;0;3;5;3;4;3;3;3;5;3;1;1;0;1;1;3;1;0;0;3;1;3;1;3;0;5;3;0;1;0;1;3;3;3;3;1;3;3;3;1;3;3;3;3;1;1;3;0;1;1;3;3;1;0;2;1;3;3;3;0;3;2;5;1;3;1;3;1;5;3;3;3;1;1;0;1;0;0,30496568521;0,33915592234;0,353640785646;0,460179517176;0,399936559528;4,16237583651;0;0;0;0
1;3;3;3;1;4;1;3;0;2;1;3;1;1;3;3;5;3;1;3;5;3;1;3;3;3;3;0;1;0;3;0;1;0;1;0;3;5;3;1;3;5;1;1;1;3;2;3;5;0;0;3;2;2;1;1;0;3;1;0;3;3;3;1;5;5;1;0;3;1;5;5;1;3;4;3;5;3;3;3;3;1;2;2;1;3;3;3;1;3;1;3;3;1;3;3;2;3;1;3;3;0;3;5;3;4;3;3;3;5;3;1;1;0;1;1;3;1;0;0;3;1;3;1;3;0;5;3;0;1;0;1;3;3;3;3;1;3;3;3;1;3;3;3;3;1;1;3;0;1;1;3;3;1;0;2;1;3;3;3;0;3;2;5;1;3;1;3;1;5;3;3;3;1;1;0;1;0;0,30496568521;0,33915592234;0,353640785646;0,460179517176;0,399936559528;4,16237583651;0;0;0;0
0;3;3;0;1;0;1;1;0;0;1;3;1;0;3;3;3;3;3;3;3;2;0;3;3;3;3;0;1;0;3;0;3;0;1;0;3;1;1;1;1;3;1;1;1;3;0;3;3;0;0;1;0;0;1;3;0;3;1;0;3;3;3;0;3;3;3;0;3;0;3;3;3;3;0;3;3;2;1;3;1;1;0;0;1;3;3;3;1;1;0;3;0;1;3;3;0;3;1;1;3;0;1;3;1;0;3;3;3;3;3;0;0;0;1;1;3;0;0;0;1;1;3;1;3;0;3;1;0;1;0;0;3;3;3;1;3;3;1;1;1;3;3;3;3;1;0;1;0;1;1;1;3;1;0;0;1;1;3;3;0;1;0;3;2;3;3;1;0;3;3;3;3;0;1;0;3;0;0,593058812471;0,618579258663;0,624782895738;0,659470981013;0,641658470543;4,20298533871;0;0;0;0
0;3;3;0;1;0;1;1;0;0;1;3;1;0;3;3;3;3;3;3;3;2;0;3;3;3;3;0;1;0;3;0;3;0;1;0;3;1;1;1;1;3;1;1;1;3;0;3;3;0;0;1;0;0;1;3;0;3;1;0;3;3;3;0;3;3;3;0;3;0;3;3;3;3;0;3;3;2;1;3;1;1;0;0;1;3;3;3;1;1;0;3;0;1;3;3;0;3;1;1;3;0;1;3;1;0;3;3;3;3;3;0;0;0;1;1;3;0;0;0;1;1;3;1;3;0;3;1;0;1;0;0;3;3;3;1;3;3;1;1;1;3;3;3;3;1;0;1;0;1;1;1;3;1;0;0;1;1;3;3;0;1;0;3;2;3;3;1;0;3;3;3;3;0;1;0;3;0;0,593058812471;0,618579258663;0,624782895738;0,659470981013;0,641658470543;4,20298533871;0;0;0;0
0;3;3;0;1;0;1;1;0;0;1;3;1;0;3;3;3;3;3;3;3;2;0;3;3;3;3;0;1;0;3;0;3;0;1;0;3;1;1;1;1;3;1;1;1;3;0;3;3;0;0;1;0;0;1;3;0;3;1;0;3;3;3;0;3;3;3;0;3;0;3;3;3;3;0;3;3;2;1;3;1;1;0;0;1;3;3;3;1;1;0;3;0;1;3;3;0;3;1;1;3;0;1;3;1;0;3;3;3;3;3;0;0;0;1;1;3;0;0;0;1;1;3;1;3;0;3;1;0;1;0;0;3;3;3;1;3;3;1;1;1;3;3;3;3;1;0;1;0;1;1;1;3;1;0;0;1;1;3;3;0;1;0;3;2;3;3;1;0;3;3;3;3;0;1;0;3;0;0,593058812471;0,618579258663;0,624782895738;0,659470981013;0,641658470543;4,20298533871;0;0;0;0
0;3;3;0;3;0;0;1;0;0;1;3;1;0;3;3;3;3;3;3;3;0;0;3;3;3;3;0;1;0;3;0;3;0;1;0;3;1;1;1;3;3;1;2;3;3;0;3;3;0;0;1;0;0;1;0;0;3;1;0;3;3;3;0;1;3;3;0;3;0;1;3;3;3;0;3;3;0;0;3;3;0;0;0;0;3;3;3;0;1;0;3;0;1;3;3;0;3;3;1;3;0;1;3;3;0;3;3;3;3;3;0;0;0;0;3;3;0;0;0;3;1;3;1;3;0;1;3;0;1;0;0;3;3;3;1;3;3;1;1;1;3;3;3;3;1;0;1;0;1;1;1;3;1;0;0;1;3;3;3;0;3;0;3;2;3;3;1;0;3;3;3;3;0;1;0;3;0;0,515098217839;0,590531125305;0,597480803335;0,601478533143;0,599473003357;4,812122914;0;0;0;0
0;3;3;0;3;0;0;1;0;0;1;3;1;0;3;3;3;3;3;3;3;0;0;3;3;3;3;0;1;0;3;0;3;0;1;0;3;1;1;1;3;3;1;2;3;3;0;3;3;0;0;1;0;0;1;0;0;3;1;0;3;3;3;0;1;3;3;0;3;0;1;3;3;3;0;3;3;0;0;3;3;0;0;0;0;3;3;3;0;1;0;3;0;1;3;3;0;3;3;1;3;0;1;3;3;0;3;3;3;3;3;0;0;0;0;3;3;0;0;0;3;1;3;1;3;0;1;3;0;1;0;0;3;3;3;1;3;3;1;1;1;3;3;3;3;1;0;1;0;1;1;1;3;1;0;0;1;3;3;3;0;3;0;3;2;3;3;1;0;3;3;3;3;0;1;0;3;0;0,515098217839;0,590531125305;0,597480803335;0,601478533143;0,599473003357;4,812122914;0;0;0;0
0;3;3;0;3;0;0;1;0;0;1;3;1;0;3;3;3;3;3;3;3;0;0;3;3;3;3;0;1;0;3;0;3;0;1;0;3;1;1;1;3;3;1;2;3;3;0;3;3;0;0;1;0;0;1;0;0;3;1;0;3;3;3;0;1;3;3;0;3;0;1;3;3;3;0;3;3;0;0;3;3;0;0;0;0;3;3;3;0;1;0;3;0;1;3;3;0;3;3;1;3;0;1;3;3;0;3;3;3;3;3;0;0;0;0;3;3;0;0;0;3;1;3;1;3;0;1;3;0;1;0;0;3;3;3;1;3;3;1;1;1;3;3;3;3;1;0;1;0;1;1;1;3;1;0;0;1;3;3;3;0;3;0;3;2;3;3;1;0;3;3;3;3;0;1;0;3;0;0,515098217839;0,590531125305;0,597480803335;0,601478533143;0,599473003357;4,812122914;0;0;0;0
0;3;3;0;3;0;0;1;0;0;1;3;1;0;3;3;3;3;3;3;3;0;0;3;3;3;3;0;1;0;3;0;3;0;1;0;3;1;1;1;3;3;1;2;3;3;0;3;3;0;0;1;0;0;1;0;0;3;1;0;3;3;3;0;1;3;3;0;3;0;1;3;3;3;0;3;3;0;0;3;3;0;0;0;0;3;3;3;0;1;0;3;0;1;3;3;0;3;3;1;3;0;1;3;3;0;3;3;3;3;3;0;0;0;0;3;3;0;0;0;3;1;3;1;3;0;1;3;0;1;0;0;3;3;3;1;3;3;1;1;1;3;3;3;3;1;0;1;0;1;1;1;3;1;0;0;1;3;3;3;0;3;0;3;2;3;3;1;0;3;3;3;3;0;1;0;3;0;0,515098217839;0,590531125305;0,597480803335;0,601478533143;0,599473003357;4,812122914;0;0;0;0
0;3;3;0;3;0;0;1;0;0;1;3;1;0;3;3;3;3;3;3;3;0;0;3;3;3;3;0;1;0;3;0;3;0;1;0;3;1;1;1;3;3;1;2;3;3;0;3;3;0;0;1;0;0;1;0;0;3;1;0;3;3;3;0;1;3;3;0;3;0;1;3;3;3;0;3;3;0;0;3;3;0;0;0;0;3;3;3;0;1;0;3;0;1;3;3;0;3;3;1;3;0;1;3;3;0;3;3;3;3;3;0;0;0;0;3;3;0;0;0;3;1;3;1;3;0;1;3;0;1;0;0;3;3;3;1;3;3;1;1;1;3;3;3;3;1;0;1;0;1;1;1;3;1;0;0;1;3;3;3;0;3;0;3;2;3;3;1;0;3;3;3;3;0;1;0;3;0;0,515098217839;0,590531125305;0,597480803335;0,601478533143;0,599473003357;4,812122914;0;0;0;0
0;3;3;0;3;0;0;1;0;0;1;3;1;0;3;3;3;3;3;3;3;0;0;3;3;3;3;0;1;0;3;0;3;0;1;0;3;1;1;1;3;3;1;2;3;3;0;3;3;0;0;1;0;0;1;0;0;3;1;0;3;3;3;0;1;3;3;0;3;0;1;3;3;3;0;3;3;0;0;3;3;0;0;0;0;3;3;3;0;1;0;3;0;1;3;3;0;3;3;1;3;0;1;3;3;0;3;3;3;3;3;0;0;0;0;3;3;0;0;0;3;1;3;1;3;0;1;3;0;1;0;0;3;3;3;1;3;3;1;1;1;3;3;3;3;1;0;1;0;1;1;1;3;1;0;0;1;3;3;3;0;3;0;3;2;3;3;1;0;3;3;3;3;0;1;0;3;0;0,515098217839;0,590531125305;0,597480803335;0,601478533143;0,599473003357;4,812122914;0;0;0;0
1;3;3;5;1;1;5;5;1;1;5;3;3;1;3;3;4;4;4;5;3;2;1;3;3;3;3;1;5;1;3;1;4;1;4;1;3;4;4;4;3;4;5;1;5;3;1;3;3;1;1;4;1;1;5;1;1;3;5;1;3;3;3;1;0;4;1;1;3;1;4;4;1;3;1;3;0;5;2;3;5;5;1;1;5;3;3;4;5;4;1;4;1;4;3;3;1;3;4;4;3;1;3;3;3;1;3;4;3;0;3;1;1;1;5;4;3;1;1;1;3;5;3;5;3;1;4;5;1;5;1;1;3;3;3;5;3;3;4;5;4;3;3;3;3;5;1;4;1;4;5;3;3;5;1;1;3;3;3;3;1;3;1;3;5;3;3;4;1;3;3;3;3;1;4;1;5;1;0,517263575106;0,473583821089;0,485250510424;0,63710875434;0,550906216833;4,90408698617;0;0;0;0
1;3;3;1;1;1;5;5;1;1;5;3;4;1;4;3;4;4;4;5;3;2;1;3;3;3;4;1;5;1;3;1;4;1;4;1;3;4;4;4;3;4;5;1;5;3;1;3;3;1;1;4;1;1;5;1;1;3;4;1;4;3;3;1;0;4;5;1;3;1;4;4;1;3;1;3;0;5;2;3;5;5;1;1;5;4;3;4;5;4;1;4;1;4;4;3;1;4;4;4;3;1;4;3;4;1;3;4;3;0;3;1;1;1;5;4;3;1;1;1;3;5;4;5;4;1;4;5;1;5;1;1;3;3;4;4;4;4;4;4;4;4;3;3;3;1;1;4;1;4;4;3;3;5;1;1;4;3;3;4;1;3;1;4;5;4;4;4;1;3;3;3;3;1;4;1;5;1;0,485317223718;0,471068549087;0,482631135452;0,642377068831;0,551162512305;4,93178827084;0;0;0;0
1;3;3;1;1;1;5;5;1;1;5;3;4;1;4;3;4;4;4;5;3;2;1;3;3;3;4;1;5;1;3;1;4;1;4;1;3;4;4;4;3;4;5;1;5;3;1;3;3;1;1;4;1;1;5;1;1;3;4;1;4;3;3;1;0;4;5;1;3;1;4;4;1;3;1;3;0;5;2;3;5;5;1;1;5;4;3;4;5;4;1;4;1;4;4;3;1;4;4;4;3;1;4;3;4;1;3;4;3;0;3;1;1;1;5;4;3;1;1;1;3;5;4;5;4;1;4;5;1;5;1;1;3;3;4;4;4;4;4;4;4;4;3;3;3;1;1;4;1;4;4;3;3;5;1;1;4;3;3;4;1;3;1;4;5;4;4;4;1;3;3;3;3;1;4;1;5;1;0,485317223718;0,471068549087;0,482631135452;0,642377068831;0,551162512305;4,93178827084;0;0;0;0
1;3;3;1;1;1;5;5;1;1;5;3;4;1;4;3;4;4;4;5;3;2;1;3;3;3;4;1;5;1;3;1;4;1;4;1;3;4;4;4;3;4;5;1;5;3;1;3;3;1;1;4;1;1;5;1;1;3;4;1;4;3;3;1;0;4;5;1;3;1;4;4;1;3;1;3;0;5;2;3;5;5;1;1;5;4;3;4;5;4;1;4;1;4;4;3;1;4;4;4;3;1;4;3;4;1;3;4;3;0;3;1;1;1;5;4;3;1;1;1;3;5;4;5;4;1;4;5;1;5;1;1;3;3;4;4;4;4;4;4;4;4;3;3;3;1;1;4;1;4;4;3;3;5;1;1;4;3;3;4;1;3;1;4;5;4;4;4;1;3;3;3;3;1;4;1;5;1;0,485317223718;0,471068549087;0,482631135452;0,642377068831;0,551162512305;4,93178827084;0;0;0;0
1;3;3;1;1;1;5;5;1;1;5;3;4;1;4;3;4;4;4;5;3;2;1;3;3;3;4;1;5;1;3;1;4;1;4;1;3;4;4;4;3;4;5;1;5;3;1;3;3;1;1;4;1;1;5;1;1;3;4;1;4;3;3;1;0;4;5;1;3;1;4;4;1;3;1;3;0;5;2;3;5;5;1;1;5;4;3;4;5;4;1;4;1;4;4;3;1;4;4;4;3;1;4;3;4;1;3;4;3;0;3;1;1;1;5;4;3;1;1;1;3;5;4;5;4;1;4;5;1;5;1;1;3;3;4;4;4;4;4;4;4;4;3;3;3;1;1;4;1;4;4;3;3;5;1;1;4;3;3;4;1;3;1;4;5;4;4;4;1;3;3;3;3;1;4;1;5;1;0,485317223718;0,471068549087;0,482631135452;0,642377068831;0,551162512305;4,93178827084;0;0;0;0
1;3;3;1;1;1;5;5;1;1;5;3;4;1;4;3;4;4;4;5;3;2;1;3;3;3;4;1;5;1;3;1;4;1;4;1;3;4;4;4;3;4;5;1;5;3;1;3;3;1;1;4;1;1;5;1;1;3;4;1;4;3;3;1;0;4;5;1;3;1;4;4;1;3;1;3;0;5;2;3;5;5;1;1;5;4;3;4;5;4;1;4;1;4;4;3;1;4;4;4;3;1;4;3;4;1;3;4;3;0;3;1;1;1;5;4;3;1;1;1;3;5;4;5;4;1;4;5;1;5;1;1;3;3;4;4;4;4;4;4;4;4;3;3;3;1;1;4;1;4;4;3;3;5;1;1;4;3;3;4;1;3;1;4;5;4;4;4;1;3;3;3;3;1;4;1;5;1;0,485317223718;0,471068549087;0,482631135452;0,642377068831;0,551162512305;4,93178827084;0;0;0;0
1;3;3;1;1;1;5;5;1;1;5;3;4;1;4;3;4;4;4;5;3;2;1;3;3;3;4;1;5;1;3;1;4;1;4;1;3;4;4;4;3;4;5;1;5;3;1;3;3;1;1;4;1;1;5;1;1;3;4;1;4;3;3;1;0;4;5;1;3;1;4;4;1;3;1;3;0;5;2;3;5;5;1;1;5;4;3;4;5;4;1;4;1;4;4;3;1;4;4;4;3;1;4;3;4;1;3;4;3;0;3;1;1;1;5;4;3;1;1;1;3;5;4;5;4;1;4;5;1;5;1;1;3;3;4;4;4;4;4;4;4;4;3;3;3;1;1;4;1;4;4;3;3;5;1;1;4;3;3;4;1;3;1;4;5;4;4;4;1;3;3;3;3;1;4;1;5;1;0,485317223718;0,471068549087;0,482631135452;0,642377068831;0,551162512305;4,93178827084;0;0;0;0
1;3;3;5;1;1;5;5;1;1;5;3;3;1;3;3;4;4;4;5;3;2;1;3;3;3;3;1;5;1;3;1;4;1;4;1;3;4;4;4;3;4;5;1;5;3;1;3;3;1;1;4;1;1;5;1;1;3;5;1;3;3;3;1;0;4;1;1;3;1;4;4;1;3;1;3;0;5;2;3;5;5;1;1;5;3;3;4;5;4;1;3;1;4;3;3;1;3;4;4;3;1;3;3;3;1;3;4;3;0;3;1;1;1;5;4;3;1;1;1;3;5;3;5;3;1;4;5;1;5;1;1;3;3;3;5;3;3;4;5;4;3;3;3;3;5;1;4;1;4;5;3;3;5;1;1;3;3;3;3;1;3;1;3;5;3;3;3;1;3;3;3;3;1;4;1;5;1;0,519037244001;0,479213594917;0,490840130743;0,639985270927;0,555577286452;4,93771631383;0;0;0;0
1;3;3;5;1;1;5;5;1;1;5;3;3;1;3;3;4;4;4;5;3;2;1;3;3;3;3;1;5;1;3;1;4;1;4;1;3;4;4;4;3;4;5;1;5;3;1;3;3;1;1;4;1;1;5;1;1;3;5;1;3;3;3;1;0;4;1;1;3;1;4;4;1;3;1;3;0;5;2;3;5;5;1;1;5;3;3;4;5;4;1;3;1;4;3;3;1;3;4;4;3;1;3;3;3;1;3;4;3;0;3;1;1;1;5;4;3;1;1;1;3;5;3;5;3;1;4;5;1;5;1;1;3;3;3;5;3;3;4;5;4;3;3;3;3;5;1;4;1;4;5;3;3;5;1;1;3;3;3;3;1;3;1;3;5;3;3;3;1;3;3;3;3;1;4;1;5;1;0,519037244001;0,479213594917;0,490840130743;0,639985270927;0,555577286452;4,93771631383;0;0;0;0
1;3;3;1;1;1;5;5;1;1;5;3;4;1;4;3;4;4;4;5;3;2;1;3;3;3;4;1;5;1;3;1;4;1;4;1;3;4;4;4;3;4;5;1;5;3;1;3;3;1;1;4;1;1;5;1;1;3;4;1;4;3;3;1;0;4;1;1;3;1;4;4;1;3;1;3;0;5;2;3;5;5;1;1;5;4;3;4;5;4;1;4;1;4;4;3;1;4;4;4;3;1;4;3;4;1;3;4;3;0;3;1;1;1;5;4;3;1;1;1;3;5;4;5;4;1;4;5;1;5;1;1;3;3;4;4;4;4;4;4;4;4;3;3;3;1;1;4;1;4;4;3;3;5;1;1;4;3;3;4;1;3;1;4;5;4;4;4;1;3;3;3;3;1;4;1;5;1;0,477121163951;0,465050955649;0,476792122946;0,632266251095;0,543631562022;5,04829014686;0;0;0;0
1;3;3;1;1;1;5;5;1;1;5;3;4;1;4;3;4;4;4;5;3;2;1;3;3;3;4;1;5;1;3;1;4;1;4;1;3;4;4;4;3;4;5;1;5;3;1;3;3;1;1;4;1;1;5;1;1;3;4;1;4;3;3;1;0;4;1;1;3;1;4;4;1;3;1;3;0;5;2;3;5;5;1;1;5;4;3;4;5;4;1;4;1;4;4;3;1;4;4;4;3;1;4;3;4;1;3;4;3;0;3;1;1;1;5;4;3;1;1;1;3;5;4;5;4;1;4;5;1;5;1;1;3;3;4;4;4;4;4;4;4;4;3;3;3;1;1;4;1;4;4;3;3;5;1;1;4;3;3;4;1;3;1;4;5;4;4;4;1;3;3;3;3;1;4;1;5;1;0,477121163951;0,465050955649;0,476792122946;0,632266251095;0,543631562022;5,04829014686;0;0;0;0
1;3;3;1;1;1;5;5;1;1;5;3;4;1;4;3;4;4;4;5;3;2;1;3;3;3;4;1;5;1;3;1;4;1;4;1;3;4;4;4;3;4;5;1;5;3;1;3;3;1;1;4;1;1;5;1;1;3;4;1;4;3;3;1;0;4;1;1;3;1;4;4;1;3;1;3;0;5;2;3;5;5;1;1;5;4;3;4;5;4;1;4;1;4;4;3;1;4;4;4;3;1;4;3;4;1;3;4;3;0;3;1;1;1;5;4;3;1;1;1;3;5;4;5;4;1;4;5;1;5;1;1;3;3;4;4;4;4;4;4;4;4;3;3;3;1;1;4;1;4;4;3;3;5;1;1;4;3;3;4;1;3;1;4;5;4;4;4;1;3;3;3;3;1;4;1;5;1;0,477121163951;0,465050955649;0,476792122946;0,632266251095;0,543631562022;5,04829014686;0;0;0;0
1;3;3;1;1;1;5;5;1;1;5;3;4;1;4;3;4;4;4;5;3;2;1;3;3;3;4;1;5;1;3;1;4;1;4;1;3;4;4;4;3;4;5;1;5;3;1;3;3;1;1;4;1;1;5;1;1;3;4;1;4;3;3;1;0;4;1;1;3;1;4;4;1;3;1;3;0;5;2;3;5;5;1;1;5;4;3;4;5;4;1;4;1;4;4;3;1;4;4;4;3;1;4;3;4;1;3;4;3;0;3;1;1;1;5;4;3;1;1;1;3;5;4;5;4;1;4;5;1;5;1;1;3;3;4;4;4;4;4;4;4;4;3;3;3;1;1;4;1;4;4;3;3;5;1;1;4;3;3;4;1;3;1;4;5;4;4;4;1;3;3;3;3;1;4;1;5;1;0,477121163951;0,465050955649;0,476792122946;0,632266251095;0,543631562022;5,04829014686;0;0;0;0
1;3;3;1;1;1;5;5;1;1;5;3;4;1;4;3;4;4;4;5;3;2;1;3;3;3;4;1;5;1;3;1;4;1;4;1;3;4;4;4;3;4;5;1;5;3;1;3;3;1;1;4;1;1;5;1;1;3;4;1;4;3;3;1;0;4;1;1;3;1;4;4;1;3;1;3;0;5;2;3;5;5;1;1;5;4;3;4;5;4;1;4;1;4;4;3;1;4;4;4;3;1;4;3;4;1;3;4;3;0;3;1;1;1;5;4;3;1;1;1;3;5;4;5;4;1;4;5;1;5;1;1;3;3;4;4;4;4;4;4;4;4;3;3;3;1;1;4;1;4;4;3;3;5;1;1;4;3;3;4;1;3;1;4;5;4;4;4;1;3;3;3;3;1;4;1;5;1;0,477121163951;0,465050955649;0,476792122946;0,632266251095;0,543631562022;5,04829014686;0;0;0;0
1;3;3;1;1;1;5;5;1;1;5;3;4;1;4;3;4;4;4;5;3;2;1;3;3;3;4;1;5;1;3;1;4;1;4;1;3;4;4;4;3;4;5;1;5;3;1;3;3;1;1;4;1;1;5;1;1;3;4;1;4;3;3;1;0;4;1;1;3;1;4;4;1;3;1;3;0;5;2;3;5;5;1;1;5;4;3;4;5;4;1;4;1;4;4;3;1;4;4;4;3;1;4;3;4;1;3;4;3;0;3;1;1;1;5;4;3;1;1;1;3;5;4;5;4;1;4;5;1;5;1;1;3;3;4;4;4;4;4;4;4;4;3;3;3;1;1;4;1;4;4;3;3;5;1;1;4;3;3;4;1;3;1;4;5;4;4;4;1;3;3;3;3;1;4;1;5;1;0,477121163951;0,465050955649;0,476792122946;0,632266251095;0,543631562022;5,04829014686;0;0;0;0
1;3;3;1;1;1;5;5;1;1;5;3;4;1;4;3;4;4;4;5;3;2;1;3;3;3;4;1;5;1;3;1;4;1;4;1;3;4;4;4;3;4;5;1;5;3;1;3;3;1;1;4;1;1;5;1;1;3;4;1;4;3;3;1;0;4;1;1;3;1;4;4;1;3;1;3;0;5;2;3;5;5;1;1;5;4;3;4;5;4;1;4;1;4;4;3;1;4;4;4;3;1;4;3;4;1;3;4;3;0;3;1;1;1;5;4;3;1;1;1;3;5;4;5;4;1;4;5;1;5;1;1;3;3;4;4;4;4;4;4;4;4;3;3;3;1;1;4;1;4;4;3;3;5;1;1;4;3;3;4;1;3;1;4;5;4;4;4;1;3;3;3;3;1;4;1;5;1;0,477121163951;0,465050955649;0,476792122946;0,632266251095;0,543631562022;5,04829014686;0;0;0;0
1;3;3;1;1;1;5;5;1;1;5;3;4;1;4;3;4;4;4;5;3;2;1;3;3;3;4;1;5;1;3;1;4;1;4;1;3;4;4;4;3;4;5;1;5;3;1;3;3;1;1;4;1;1;5;1;1;3;4;1;4;3;3;1;0;4;1;1;3;1;4;4;1;3;1;3;0;5;2;3;5;5;1;1;5;4;3;4;5;4;1;4;1;4;4;3;1;4;4;4;3;1;4;3;4;1;3;4;3;0;3;1;1;1;5;4;3;1;1;1;3;5;4;5;4;1;4;5;1;5;1;1;3;3;4;4;4;4;4;4;4;4;3;3;3;1;1;4;1;4;4;3;3;5;1;1;4;3;3;4;1;3;1;4;5;4;4;4;1;3;3;3;3;1;4;1;5;1;0,477121163951;0,465050955649;0,476792122946;0,632266251095;0,543631562022;5,04829014686;0;0;0;0
1;3;3;1;1;1;5;5;1;1;5;3;4;1;4;3;4;4;4;5;3;2;1;3;3;3;4;1;5;1;3;1;4;1;4;1;3;4;4;4;3;4;5;1;5;3;1;3;3;1;1;4;1;1;5;1;1;3;4;1;4;3;3;1;0;4;1;1;3;1;4;4;1;3;1;3;0;5;2;3;5;5;1;1;5;4;3;4;5;4;1;4;1;4;4;3;1;4;4;4;3;1;4;3;4;1;3;4;3;0;3;1;1;1;5;4;3;1;1;1;3;5;4;5;4;1;4;5;1;5;1;1;3;3;4;4;4;4;4;4;4;4;3;3;3;1;1;4;1;4;4;3;3;5;1;1;4;3;3;4;1;3;1;4;5;4;4;4;1;3;3;3;3;1;4;1;5;1;0,477121163951;0,465050955649;0,476792122946;0,632266251095;0,543631562022;5,04829014686;0;0;0;0
