10;40;30;db;Cosine;1;2
2;2;3;2;3;3;3;2;3;1;3;3;3;2;3;2;2;2;1;1;3;2;2;2;3;2;2;1;1;2;3;3;2;3;1;2;3;3;1;1;3;3;3;3;1;2;3;1;2;1;1;1;3;2;3;1;1;2;2;2;2;2;3;2;1;1;3;2;3;2;2;2;2;3;2;3;1;2;2;2;3;2;3;3;1;2;2;2;1;3;1;3;1;0;1;3;3;1;2;3;3;1;2;3;1;2;3;1;3;1;2;3;2;2;2;2;2;3;3;3;1;3;3;0;1;1;1;2;3;1;3;1;1;1;1;1;1;1;2;2;1;3;3;1;3;3;3;2;2;2;2;1;1;1;3;3;2;2;3;1;3;2;2;3;3;3;2;3;3;1;1;3;1;1;2;1;2;1;0,559310645626;0,526681098661;0,534343482748;0,563120266063;0,548354593945;5,84693145664;0;0;0;0
0;0;3;0;3;3;3;0;3;2;4;3;3;0;3;0;1;0;0;0;3;0;0;0;1;0;0;2;4;2;3;3;1;0;2;0;2;3;2;2;3;3;3;3;2;0;3;1;0;0;3;2;2;0;3;2;2;0;0;0;0;0;3;4;2;2;3;0;3;0;0;0;0;2;0;3;2;0;0;2;3;0;3;3;0;0;0;0;0;3;3;3;0;0;3;3;3;0;0;2;3;2;0;3;2;0;3;2;3;0;0;3;0;0;0;0;0;3;3;2;3;2;3;0;2;2;2;0;3;3;3;2;0;2;0;2;0;3;0;0;2;3;3;2;3;3;3;0;0;0;0;2;2;2;3;3;0;0;3;0;3;0;0;3;3;2;0;2;3;2;0;3;0;2;0;3;0;2;0,450034769308;0,455648555259;0,467148583253;0,524044173552;0,493963442642;6,53048283937;0;0;0;0
0;0;3;0;3;3;3;0;3;2;4;3;3;0;3;0;1;0;0;0;3;0;0;0;1;0;0;2;4;2;3;3;1;0;2;0;2;3;2;2;3;3;3;3;2;0;3;1;0;0;3;2;2;0;3;2;2;0;0;0;0;0;3;4;2;2;3;0;3;0;0;0;0;2;0;3;2;0;0;2;3;0;3;3;0;0;0;0;0;3;3;3;0;0;3;3;3;0;0;2;3;2;0;3;2;0;3;2;3;0;0;3;0;0;0;0;0;3;3;2;3;2;3;0;2;2;2;0;3;3;3;2;0;2;0;2;0;3;0;0;2;3;3;2;3;3;3;0;0;0;0;2;2;2;3;3;0;0;3;0;3;0;0;3;3;2;0;2;3;2;0;3;0;2;0;3;0;2;0,450034769308;0,455648555259;0,467148583253;0,524044173552;0,493963442642;6,53048283937;0;0;0;0
0;0;3;0;3;3;3;0;3;2;4;3;3;0;3;0;1;0;0;0;3;0;0;0;1;0;0;2;4;2;3;3;1;0;2;0;2;3;2;2;3;3;3;3;2;0;3;1;0;0;3;2;2;0;3;2;2;0;0;0;0;0;3;4;2;2;3;0;3;0;0;0;0;2;0;3;2;0;0;2;3;0;3;3;0;0;0;0;0;3;3;3;0;0;3;3;3;0;0;2;3;2;0;3;2;0;3;2;3;0;0;3;0;0;0;0;0;3;3;2;3;2;3;0;2;2;2;0;3;3;3;2;0;2;0;2;0;3;0;0;2;3;3;2;3;3;3;0;0;0;0;2;2;2;3;3;0;0;3;0;3;0;0;3;3;2;0;2;3;2;0;3;0;2;0;3;0;2;0,450034769308;0,455648555259;0,467148583253;0,524044173552;0,493963442642;6,53048283937;0;0;0;0
0;0;3;0;3;3;3;0;3;2;4;3;3;0;3;0;1;0;0;0;3;0;0;0;1;0;0;2;4;2;3;3;1;0;2;0;2;3;2;2;3;3;3;3;2;0;3;1;0;0;3;2;2;0;3;2;2;0;0;0;0;0;3;4;2;2;3;0;3;0;0;0;0;2;0;3;2;0;0;2;3;0;3;3;0;0;0;0;0;3;3;3;0;0;3;3;3;0;0;2;3;2;0;3;2;0;3;2;3;0;0;3;0;0;0;0;0;3;3;2;3;2;3;0;2;2;2;0;3;3;3;2;0;2;0;2;0;3;0;0;2;3;3;2;3;3;3;0;0;0;0;2;2;2;3;3;0;0;3;0;3;0;0;3;3;2;0;2;3;2;0;3;0;2;0;3;0;2;0,450034769308;0,455648555259;0,467148583253;0,524044173552;0,493963442642;6,53048283937;0;0;0;0
0;0;3;0;3;3;3;0;3;2;4;3;3;0;3;0;1;0;0;0;3;0;0;0;1;0;0;2;4;2;3;3;1;0;2;0;2;3;2;2;3;3;3;3;2;0;3;1;0;0;3;2;2;0;3;2;2;0;0;0;0;0;3;4;2;2;3;0;3;0;0;0;0;2;0;3;2;0;0;2;3;0;3;3;0;0;0;0;0;3;3;3;0;0;3;3;3;0;0;2;3;2;0;3;2;0;3;2;3;0;0;3;0;0;0;0;0;3;3;2;3;2;3;0;2;2;2;0;3;3;3;2;0;2;0;2;0;3;0;0;2;3;3;2;3;3;3;0;0;0;0;2;2;2;3;3;0;0;3;0;3;0;0;3;3;2;0;2;3;2;0;3;0;2;0;3;0;2;0,450034769308;0,455648555259;0,467148583253;0,524044173552;0,493963442642;6,53048283937;0;0;0;0
0;0;3;0;3;3;3;0;3;2;4;3;3;0;3;0;1;0;0;0;3;0;0;0;1;0;0;2;4;2;3;3;1;0;2;0;2;3;2;2;3;3;3;3;2;0;3;1;0;0;3;2;2;0;3;2;2;0;0;0;0;0;3;4;2;2;3;0;3;0;0;0;0;2;0;3;2;0;0;2;3;0;3;3;0;0;0;0;0;3;3;3;0;0;3;3;3;0;0;2;3;2;0;3;2;0;3;2;3;0;0;3;0;0;0;0;0;3;3;2;3;2;3;0;2;2;2;0;3;3;3;2;0;2;0;2;0;3;0;0;2;3;3;2;3;3;3;0;0;0;0;2;2;2;3;3;0;0;3;2;3;0;0;3;3;2;0;2;3;2;0;3;0;2;0;3;0;2;0,458238546857;0,459882766236;0,471260582804;0,530137467265;0,498968201051;6,54213439531;0;0;0;0
0;0;3;0;3;3;3;0;3;2;4;3;3;0;3;0;1;0;0;0;3;0;0;0;1;0;0;2;4;2;3;3;1;0;2;0;2;3;2;2;3;3;3;3;2;0;3;1;0;0;3;2;2;0;3;2;2;0;0;0;0;0;3;4;2;2;3;0;3;0;0;0;0;2;0;3;2;0;0;2;3;0;3;3;0;0;0;0;0;3;3;3;0;0;3;3;3;0;0;2;3;2;0;3;2;0;3;2;3;0;0;3;0;0;0;0;0;3;3;2;3;2;3;0;2;2;2;0;3;3;3;2;0;2;0;2;0;3;0;0;2;3;3;2;3;3;3;0;0;0;0;2;2;2;3;3;0;0;3;2;3;0;0;3;3;2;0;2;3;2;0;3;0;2;0;3;0;2;0,458238546857;0,459882766236;0,471260582804;0,530137467265;0,498968201051;6,54213439531;0;0;0;0
1;1;1;1;1;0;0;1;0;2;1;0;0;1;0;1;1;1;2;1;0;1;1;1;2;1;1;2;2;2;0;0;1;1;2;1;2;0;1;2;0;0;0;0;2;1;0;1;1;2;2;2;2;1;0;2;1;1;1;1;1;2;0;1;1;2;0;1;0;1;1;1;1;2;1;0;2;1;1;2;0;1;0;0;2;1;1;1;1;2;2;0;2;1;0;0;0;1;1;2;0;2;1;0;2;1;0;2;2;2;1;2;1;1;1;1;1;0;0;2;2;2;0;2;2;2;2;1;1;0;0;2;2;2;1;2;1;2;1;1;2;0;0;2;0;0;0;1;1;1;1;2;2;2;0;0;1;1;0;2;2;1;1;2;0;0;1;2;0;2;2;0;2;2;1;2;1;2;0,641726178521;0,652620786083;0,658397813553;0,656274134083;0,657334258556;6,75439329685;0;0;0;0
0;0;3;0;3;3;3;0;3;2;4;3;3;0;3;0;1;0;2;2;3;0;0;0;2;0;0;4;4;2;3;3;1;0;2;0;4;3;2;2;3;3;3;3;2;0;3;1;0;1;3;2;2;0;3;2;2;0;0;0;0;0;3;4;4;2;3;0;3;0;0;4;0;2;0;3;2;0;0;2;3;0;3;3;0;0;0;4;0;3;2;3;2;0;3;3;3;0;0;4;3;2;0;3;2;0;3;2;3;2;0;3;0;0;0;0;0;3;3;2;3;2;3;2;2;2;2;0;3;3;3;2;2;2;0;2;0;2;0;0;2;3;3;2;3;3;3;0;0;0;0;2;2;2;3;3;0;0;3;2;2;0;0;3;3;3;0;2;3;2;2;3;0;2;0;3;0;2;0,552552570823;0,51172892316;0,520916814063;0,632121648575;0,571156654259;6,99004953464;0;0;0;0
0;0;3;0;3;3;3;0;3;2;4;3;3;0;3;0;1;0;2;2;3;0;0;0;2;0;0;4;4;2;3;3;1;0;2;0;4;3;2;2;3;3;3;3;2;0;3;1;0;1;3;2;2;0;3;2;2;0;0;0;0;0;3;4;4;2;3;0;3;0;0;4;0;2;0;3;2;0;0;2;3;0;3;3;0;0;0;4;0;3;2;3;2;0;3;3;3;0;0;4;3;2;0;3;2;0;3;2;3;2;0;3;0;0;0;0;0;3;3;2;3;2;3;2;2;2;2;0;3;3;3;2;2;2;0;2;0;2;0;0;2;3;3;2;3;3;3;0;0;0;0;2;2;2;3;3;0;0;3;2;2;0;0;3;3;3;0;2;3;2;2;3;0;2;0;3;0;2;0,552552570823;0,51172892316;0,520916814063;0,632121648575;0,571156654259;6,99004953464;0;0;0;0
0;0;3;0;3;3;3;0;3;2;4;3;3;0;3;0;1;0;2;2;3;0;0;0;2;0;0;4;4;2;3;3;1;0;2;0;4;3;2;2;3;3;3;3;2;0;3;1;0;1;3;2;2;0;3;2;2;0;0;0;0;0;3;4;4;2;3;0;3;0;0;4;0;2;0;3;2;0;0;2;3;0;3;3;0;0;0;4;0;3;2;3;2;0;3;3;3;0;0;4;3;2;0;3;2;0;3;2;3;2;0;3;0;0;0;0;0;3;3;2;3;2;3;2;2;2;2;0;3;3;3;2;2;2;0;2;0;2;0;0;2;3;3;2;3;3;3;0;0;0;0;2;2;2;3;3;0;0;3;2;2;0;0;3;3;3;0;2;3;2;2;3;0;2;0;3;0;2;0,552552570823;0,51172892316;0,520916814063;0,632121648575;0,571156654259;6,99004953464;0;0;0;0
0;0;3;0;3;3;3;0;3;2;4;3;3;0;3;0;1;0;2;2;3;0;0;0;2;0;0;4;4;2;3;3;1;0;2;0;4;3;2;2;3;3;3;3;2;0;3;1;0;1;3;2;2;0;3;2;2;0;0;0;0;0;3;4;4;2;3;0;3;0;0;4;0;2;0;3;2;0;0;2;3;0;3;3;0;0;0;4;0;3;2;3;2;0;3;3;3;0;0;4;3;2;0;3;2;0;3;2;3;2;0;3;0;0;0;0;0;3;3;2;3;2;3;2;2;2;2;0;3;3;3;2;2;2;0;2;0;2;0;0;2;3;3;2;3;3;3;0;0;0;0;2;2;2;3;3;0;0;3;2;2;0;0;3;3;3;0;2;3;2;2;3;0;2;0;3;0;2;0,552552570823;0,51172892316;0,520916814063;0,632121648575;0,571156654259;6,99004953464;0;0;0;0
0;0;3;0;3;3;3;0;3;2;4;3;3;0;3;0;1;0;2;2;3;0;0;0;2;0;0;4;4;2;3;3;1;0;2;0;4;3;2;2;3;3;3;3;2;0;3;1;0;1;3;2;2;0;3;2;2;0;0;0;0;0;3;4;4;2;3;0;3;0;0;4;0;2;0;3;2;0;0;2;3;0;3;3;0;0;0;4;0;3;2;3;2;0;3;3;3;0;0;4;3;2;0;3;2;0;3;2;3;2;0;3;0;0;0;0;0;3;3;2;3;2;3;2;2;2;2;0;3;3;3;2;2;2;0;2;0;2;0;0;2;3;3;2;3;3;3;0;0;0;0;2;2;2;3;3;0;0;3;2;2;0;0;3;3;3;0;2;3;2;2;3;0;2;0;3;0;2;0,552552570823;0,51172892316;0,520916814063;0,632121648575;0,571156654259;6,99004953464;0;0;0;0
0;0;3;0;3;3;3;0;3;2;4;3;3;0;3;0;1;0;2;2;3;0;0;0;2;0;0;4;4;2;3;3;1;0;2;0;4;3;2;2;3;3;3;3;2;0;3;1;0;1;3;2;2;0;3;2;2;0;0;0;0;0;3;4;4;2;3;0;3;0;0;4;0;2;0;3;2;0;0;2;3;0;3;3;0;0;0;4;0;3;2;3;2;0;3;3;3;0;0;4;3;2;0;3;2;0;3;2;3;2;0;3;0;0;0;0;0;3;3;2;3;2;3;2;2;2;2;0;3;3;3;2;2;2;0;2;0;2;0;0;2;3;3;2;3;3;3;0;0;0;0;2;2;2;3;3;0;0;3;2;2;0;0;3;3;3;0;2;3;2;2;3;0;2;0;3;0;2;0,552552570823;0,51172892316;0,520916814063;0,632121648575;0,571156654259;6,99004953464;0;0;0;0
0;0;3;0;3;3;3;0;3;2;4;3;3;0;3;0;1;0;2;2;3;0;0;0;2;0;0;4;4;2;3;3;1;0;2;0;4;3;2;2;3;3;3;3;2;0;3;1;0;1;3;2;2;0;3;2;2;0;0;0;0;0;3;4;4;2;3;0;3;0;0;4;0;2;0;3;2;0;0;2;3;0;3;3;0;0;0;4;0;3;2;3;2;0;3;3;3;0;0;4;3;2;0;3;2;0;3;2;3;2;0;3;0;0;0;0;0;3;3;2;3;2;3;2;2;2;2;0;3;3;3;2;2;2;0;2;0;2;0;0;2;3;3;2;3;3;3;0;0;0;0;2;2;2;3;3;0;0;3;2;2;0;0;3;3;3;0;2;3;2;2;3;0;2;0;3;0;2;0,552552570823;0,51172892316;0,520916814063;0,632121648575;0,571156654259;6,99004953464;0;0;0;0
0;0;3;0;3;3;3;0;3;2;4;3;3;0;3;0;1;0;2;2;3;0;0;0;2;0;0;4;4;2;3;3;1;0;2;0;4;3;2;2;3;3;3;3;2;0;3;1;0;1;3;2;2;0;3;2;2;0;0;0;0;0;3;4;4;2;3;0;3;0;0;4;0;2;0;3;2;0;0;2;3;0;3;3;0;0;0;4;0;3;2;3;2;0;3;3;3;0;0;4;3;2;0;3;2;0;3;2;3;2;0;3;0;0;0;0;0;3;3;2;3;2;3;2;2;2;2;0;3;3;3;2;2;2;0;2;0;2;0;0;2;3;3;2;3;3;3;0;0;0;0;2;2;2;3;3;0;0;3;2;2;0;0;3;3;3;0;2;3;2;2;3;0;2;0;3;0;2;0,552552570823;0,51172892316;0,520916814063;0,632121648575;0,571156654259;6,99004953464;0;0;0;0
1;1;0;1;0;0;0;1;0;0;1;0;0;1;0;1;1;2;2;2;0;1;1;1;2;1;1;2;2;2;0;0;1;1;2;1;2;0;2;2;0;0;0;0;2;1;0;1;1;2;0;2;2;1;0;2;0;1;1;2;1;2;0;2;0;2;0;1;0;2;1;2;1;2;1;0;2;1;1;2;0;2;0;0;2;1;1;2;2;0;2;0;2;2;0;0;0;2;1;2;0;2;1;0;2;2;0;2;2;2;1;0;2;1;1;1;2;0;0;2;0;2;0;2;2;2;2;2;0;0;0;2;2;2;1;2;1;2;1;1;2;0;0;2;0;0;0;1;1;1;1;2;2;2;0;0;1;1;0;2;2;1;1;0;0;0;1;2;0;2;2;0;2;2;1;2;1;2;0,571831739822;0,586425728019;0,590747895369;0,594249135848;0,592493343155;7,08522672047;0;0;0;0
1;1;0;1;1;0;0;1;0;2;1;0;0;1;0;1;1;2;2;2;0;1;1;1;2;1;1;2;2;2;0;0;2;1;2;1;2;0;2;2;0;0;0;0;2;1;0;1;1;2;2;2;2;1;0;2;1;1;1;2;1;2;0;1;1;2;0;1;0;2;1;1;1;2;1;0;2;1;1;2;0;2;0;0;2;1;1;1;2;0;2;0;2;2;0;0;0;2;1;2;0;2;1;0;2;2;0;2;2;2;1;0;2;1;1;1;2;0;0;2;2;2;0;2;2;2;2;2;0;0;0;2;2;2;2;2;1;2;1;1;2;0;0;2;0;0;0;1;1;1;1;2;2;2;0;0;1;1;0;2;2;1;1;2;0;0;1;2;0;2;2;0;2;2;1;2;1;2;0,68501234775;0,67757354085;0,680955729207;0,682539299141;0,681746594591;7,16831702498;0;0;0;0
1;1;0;1;1;0;0;1;0;2;1;0;0;1;0;1;1;2;2;2;0;1;1;1;2;1;1;2;2;2;0;0;2;1;2;1;2;0;2;2;0;0;0;0;2;1;0;1;1;2;2;2;2;1;0;2;1;1;1;2;1;2;0;1;1;2;0;1;0;2;1;1;1;2;1;0;2;1;1;2;0;2;0;0;2;1;1;1;2;0;2;0;2;2;0;0;0;2;1;2;0;2;1;0;2;2;0;2;2;2;1;0;2;1;1;1;2;0;0;2;2;2;0;2;2;2;2;2;0;0;0;2;2;2;2;2;1;2;1;1;2;0;0;2;0;0;0;1;1;1;1;2;2;2;0;0;1;1;0;2;2;1;1;2;0;0;1;2;0;2;2;0;2;2;1;2;1;2;0,68501234775;0,67757354085;0,680955729207;0,682539299141;0,681746594591;7,16831702498;0;0;0;0
1;1;0;1;1;0;0;1;0;2;1;0;0;1;0;1;1;2;2;2;0;1;1;1;2;1;1;2;2;2;0;0;1;1;2;1;2;0;2;2;0;0;0;0;2;1;0;1;1;2;2;2;2;1;0;2;1;1;1;2;1;2;0;1;1;2;0;1;0;1;1;1;1;2;1;0;2;1;1;2;0;2;0;0;2;1;1;1;2;0;2;0;2;1;0;0;0;2;1;2;0;2;1;0;2;2;0;2;2;2;1;0;2;1;1;1;2;0;0;2;2;2;0;2;2;2;2;2;0;0;0;2;2;2;1;2;1;2;1;1;2;0;0;2;0;0;0;1;1;1;1;2;2;2;0;0;1;1;0;2;2;1;1;2;0;0;1;2;0;2;2;0;2;2;1;2;1;2;0,658474173261;0,656901449569;0,660487148082;0,664397295589;0,662436451803;7,18665205408;0;0;0;0
2;1;0;2;0;0;0;1;0;0;1;0;0;2;0;2;2;2;2;2;0;1;1;1;2;1;1;2;2;2;0;0;2;2;2;2;2;0;2;2;0;0;0;0;2;1;0;2;1;2;2;2;2;1;0;2;0;1;1;2;2;2;0;2;0;2;0;2;0;2;1;2;2;2;1;0;2;2;2;2;0;2;0;0;2;1;1;2;2;0;2;0;2;2;0;0;0;2;2;2;0;2;2;0;2;2;0;2;2;2;2;0;2;2;2;1;2;0;0;2;2;2;0;2;2;2;2;2;0;0;0;2;2;2;2;2;2;2;1;2;2;0;0;2;0;0;0;2;1;2;1;2;2;2;0;0;2;1;0;2;2;1;1;0;0;0;1;2;0;2;2;0;2;2;1;2;1;2;0,489690804608;0,562590287892;0,625391473892;0,567214909164;0,594884235227;7,40968339015;0;0;0;0
2;1;0;2;0;0;0;1;0;0;1;0;0;2;0;2;2;2;2;2;0;1;1;1;2;1;1;2;2;2;0;0;2;2;2;2;2;0;2;2;0;0;0;0;2;1;0;2;1;2;2;2;2;1;0;2;0;1;1;2;2;2;0;2;0;2;0;2;0;2;1;2;2;2;1;0;2;2;2;2;0;2;0;0;2;1;1;2;2;0;2;0;2;2;0;0;0;2;2;2;0;2;2;0;2;2;0;2;2;2;2;0;2;2;2;1;2;0;0;2;2;2;0;2;2;2;2;2;0;0;0;2;2;2;2;2;2;2;1;2;2;0;0;2;0;0;0;2;1;2;1;2;2;2;0;0;2;1;0;2;2;1;1;0;0;0;1;2;0;2;2;0;2;2;1;2;1;2;0,489690804608;0,562590287892;0,625391473892;0,567214909164;0,594884235227;7,40968339015;0;0;0;0
2;1;0;2;0;0;0;1;0;0;1;0;0;2;0;2;2;2;2;2;0;1;1;1;2;1;1;2;2;2;0;0;2;2;2;2;2;0;2;2;0;0;0;0;2;1;0;2;1;2;2;2;2;1;0;2;0;1;1;2;2;2;0;2;0;2;0;2;0;2;1;2;2;2;1;0;2;2;2;2;0;2;0;0;2;1;1;2;2;0;2;0;2;2;0;0;0;2;2;2;0;2;2;0;2;2;0;2;2;2;2;0;2;2;2;1;2;0;0;2;2;2;0;2;2;2;2;2;0;0;0;2;2;2;2;2;2;2;1;2;2;0;0;2;0;0;0;2;1;2;1;2;2;2;0;0;2;1;0;2;2;1;1;0;0;0;1;2;0;2;2;0;2;2;1;2;1;2;0,489690804608;0,562590287892;0,625391473892;0,567214909164;0,594884235227;7,40968339015;0;0;0;0
2;1;0;2;0;0;0;1;0;0;1;0;0;2;0;2;2;2;2;2;0;1;1;1;2;1;1;2;2;2;0;0;2;2;2;2;2;0;2;2;0;0;0;0;2;1;0;2;1;2;2;2;2;1;0;2;0;1;1;2;2;2;0;2;0;2;0;2;0;2;1;2;2;2;1;0;2;2;2;2;0;2;0;0;2;1;1;2;2;0;2;0;2;2;0;0;0;2;2;2;0;2;2;0;2;2;0;2;2;2;2;0;2;2;2;1;2;0;0;2;2;2;0;2;2;2;2;2;0;0;0;2;2;2;2;2;2;2;1;2;2;0;0;2;0;0;0;2;1;2;1;2;2;2;0;0;2;1;0;2;2;1;1;0;0;0;1;2;0;2;2;0;2;2;1;2;1;2;0,489690804608;0,562590287892;0,625391473892;0,567214909164;0,594884235227;7,40968339015;0;0;0;0
2;1;0;2;0;0;0;1;0;2;1;0;0;2;0;2;2;2;2;2;0;1;1;1;2;1;1;2;2;2;0;0;2;2;2;2;2;0;2;2;0;0;0;0;2;1;0;2;1;2;2;2;2;1;0;2;0;1;1;2;2;2;0;2;0;2;0;2;0;2;1;1;2;2;1;0;2;2;2;2;0;2;0;0;2;1;1;2;2;0;2;0;2;2;0;0;0;2;2;2;0;2;2;0;2;2;0;2;2;2;2;0;2;2;2;1;2;0;0;2;2;2;0;2;2;2;2;2;0;0;0;2;2;2;2;2;2;2;1;2;2;0;0;2;0;0;0;2;1;2;1;2;2;2;0;0;2;1;0;2;2;1;1;2;0;0;1;2;0;2;2;0;2;2;1;2;1;2;0,518000314428;0,585795544358;0,650180607613;0,590173302485;0,61872540294;7,51679631486;0;0;0;0
2;1;0;2;0;0;0;1;0;2;1;0;0;2;0;2;2;2;2;2;0;1;1;1;2;1;1;2;2;2;0;0;2;2;2;2;2;0;2;2;0;0;0;0;2;1;0;2;1;2;2;2;2;1;0;2;0;1;1;2;2;2;0;2;0;2;0;2;0;2;1;1;2;2;1;0;2;2;2;2;0;2;0;0;2;1;1;2;2;0;2;0;2;2;0;0;0;2;2;2;0;2;2;0;2;2;0;2;2;2;2;0;2;2;2;1;2;0;0;2;2;2;0;2;2;2;2;2;0;0;0;2;2;2;2;2;2;2;1;2;2;0;0;2;0;0;0;2;1;2;1;2;2;2;0;0;2;1;0;2;2;1;1;2;0;0;1;2;0;2;2;0;2;2;1;2;1;2;0,518000314428;0,585795544358;0,650180607613;0,590173302485;0,61872540294;7,51679631486;0;0;0;0
2;1;0;2;0;0;0;1;0;2;1;0;0;2;0;2;2;2;2;2;0;1;1;1;2;1;1;2;2;2;0;0;2;2;2;2;2;0;2;2;0;0;0;0;2;1;0;2;1;2;2;2;2;1;0;2;0;1;1;2;2;2;0;2;0;2;0;2;0;2;1;1;2;2;1;0;2;2;2;2;0;2;0;0;2;1;1;2;2;0;2;0;2;2;0;0;0;2;2;2;0;2;2;0;2;2;0;2;2;2;2;0;2;2;2;1;2;0;0;2;2;2;0;2;2;2;2;2;0;0;0;2;2;2;2;2;2;2;1;2;2;0;0;2;0;0;0;2;1;2;1;2;2;2;0;0;2;1;0;2;2;1;1;2;0;0;1;2;0;2;2;0;2;2;1;2;1;2;0,518000314428;0,585795544358;0,650180607613;0,590173302485;0,61872540294;7,51679631486;0;0;0;0
2;1;0;2;0;0;0;1;0;2;1;0;0;2;0;2;2;2;2;2;0;1;1;1;2;1;1;2;2;2;0;0;2;2;2;2;2;0;2;2;0;0;0;0;2;1;0;2;1;2;2;2;2;1;0;2;0;1;1;2;2;2;0;2;0;2;0;2;0;2;1;1;2;2;1;0;2;2;2;2;0;2;0;0;2;1;1;2;2;0;2;0;2;2;0;0;0;2;2;2;0;2;2;0;2;2;0;2;2;2;2;0;2;2;2;1;2;0;0;2;2;2;0;2;2;2;2;2;0;0;0;2;2;2;2;2;2;2;1;2;2;0;0;2;0;0;0;2;1;2;1;2;2;2;0;0;2;1;0;2;2;1;1;2;0;0;1;2;0;2;2;0;2;2;1;2;1;2;0,518000314428;0,585795544358;0,650180607613;0,590173302485;0,61872540294;7,51679631486;0;0;0;0
2;1;0;2;0;0;0;1;0;2;1;0;0;2;0;2;2;2;2;2;0;1;1;1;2;1;1;2;2;2;0;0;2;2;2;2;2;0;2;2;0;0;0;0;2;1;0;2;1;2;2;2;2;1;0;2;0;1;1;2;2;2;0;2;0;2;0;2;0;2;1;2;2;2;1;0;2;2;2;2;0;2;0;0;2;1;1;2;2;0;2;0;2;2;0;0;0;2;2;2;0;2;2;0;2;2;0;2;2;2;2;0;2;1;2;1;2;0;0;2;2;2;0;2;2;2;2;2;0;0;0;2;2;2;2;2;2;2;1;1;2;0;0;2;0;0;0;2;1;2;1;2;2;2;0;0;2;1;0;2;2;1;1;2;0;0;1;2;0;2;2;0;2;2;1;2;1;2;0,52513210841;0,59176521589;0,652190974833;0,596077866109;0,622873201386;7,52723036793;0;0;0;0
