10;40;30;db;Cosine;1;1
4;7;0;7;0;5;7;7;7;7;7;0;0;6;6;0;7;7;5;7;0;1;5;5;1;6;6;7;5;7;7;5;7;6;5;6;5;7;7;0;7;7;1;2;1;5;7;7;7;6;7;5;7;0;7;1;7;5;7;0;1;7;7;5;7;6;7;7;7;0;7;5;6;0;7;0;5;6;0;5;7;7;6;7;0;7;7;0;7;0;7;5;5;7;6;5;0;0;7;0;0;2;5;7;5;0;0;5;6;5;6;0;0;5;0;7;6;5;6;7;0;7;7;7;7;7;6;7;7;6;5;0;7;5;2;6;3;6;5;0;5;5;0;7;5;0;3;7;0;0;5;0;5;0;4;6;7;0;7;5;5;0;0;7;5;0;7;0;5;0;5;7;5;5;5;7;7;7;0,525116109509;0,454241765833;0,469988862954;0,681527910604;0,556328027748;21,3649863091;0;0;0;0
4;7;0;7;0;5;7;7;7;7;7;0;0;6;6;0;7;7;5;7;0;1;5;5;1;6;6;7;5;7;7;5;7;6;5;6;5;7;7;0;7;7;1;2;1;5;7;7;7;6;7;5;7;0;7;1;7;5;7;0;1;7;7;5;7;6;7;7;7;0;7;5;6;0;7;0;5;6;0;5;7;7;6;7;0;7;7;0;7;0;7;5;5;7;6;5;0;0;7;0;0;2;5;7;5;0;0;5;6;5;6;0;0;5;0;7;6;5;6;7;0;7;7;7;7;7;6;7;7;6;5;0;7;5;2;6;3;6;5;0;5;5;0;7;5;0;3;7;0;0;5;0;5;0;4;6;7;0;7;5;5;0;0;7;5;0;7;0;5;0;5;7;5;5;5;7;7;7;0,525116109509;0,454241765833;0,469988862954;0,681527910604;0,556328027748;21,3649863091;0;0;0;0
4;7;0;7;0;5;7;7;7;7;7;0;0;6;6;0;7;7;5;7;0;1;5;5;1;6;6;7;5;7;7;5;7;6;5;6;5;7;7;0;7;7;1;2;1;5;7;7;7;6;7;5;7;0;7;1;7;5;7;0;1;7;7;5;7;6;7;7;7;0;7;5;6;0;7;0;5;6;0;5;7;7;6;7;0;7;7;0;7;0;7;5;5;7;6;5;0;0;7;0;0;2;5;7;5;0;0;5;6;5;6;0;0;5;0;7;6;5;6;7;0;7;7;7;7;7;6;7;7;6;5;0;7;5;2;6;3;6;5;0;5;5;0;7;5;0;3;7;0;0;5;0;5;0;4;6;7;0;7;5;5;0;0;7;5;0;7;0;5;0;5;7;5;5;5;7;7;7;0,525116109509;0,454241765833;0,469988862954;0,681527910604;0,556328027748;21,3649863091;0;0;0;0
4;7;0;7;0;5;7;7;7;7;7;0;0;6;6;0;7;7;5;7;0;1;5;5;1;6;6;7;5;7;7;5;7;6;5;6;5;7;7;0;7;7;1;2;1;5;7;7;7;6;7;5;7;0;7;1;7;5;7;0;1;7;7;5;7;6;7;7;7;0;7;5;6;0;7;0;5;6;0;5;7;7;6;7;0;7;7;0;7;0;7;5;5;7;6;5;0;0;7;0;0;2;5;7;5;0;0;5;6;5;6;0;0;5;0;7;6;5;6;7;0;7;7;7;7;7;6;7;7;6;5;0;7;5;2;6;3;6;5;0;5;5;0;7;5;0;3;7;0;0;5;0;5;0;4;6;7;0;7;5;5;0;0;7;5;0;7;0;5;0;5;7;5;5;5;7;7;7;0,525116109509;0,454241765833;0,469988862954;0,681527910604;0,556328027748;21,3649863091;0;0;0;0
4;7;0;7;0;5;7;7;7;7;7;0;0;6;6;0;7;7;5;7;0;1;5;5;1;6;6;7;5;7;7;5;7;6;5;6;5;7;7;0;7;7;1;2;1;5;7;7;7;6;7;5;7;0;7;1;7;5;7;0;1;7;7;5;7;6;7;7;7;0;7;5;6;0;7;0;5;6;0;5;7;7;6;7;0;7;7;0;7;0;7;5;5;7;6;5;0;0;7;0;0;2;5;7;5;0;0;5;6;5;6;0;0;5;0;7;6;5;6;7;0;7;7;7;7;7;6;7;7;6;5;0;7;5;2;6;3;6;5;0;5;5;0;7;5;0;3;7;0;0;5;0;5;0;4;6;7;0;7;5;5;0;0;7;5;0;7;0;5;0;5;7;5;5;5;7;7;7;0,525116109509;0,454241765833;0,469988862954;0,681527910604;0,556328027748;21,3649863091;0;0;0;0
4;7;0;7;0;5;7;7;7;7;7;0;0;6;6;0;7;7;5;7;0;1;5;5;1;6;6;7;5;7;7;5;7;6;5;6;5;7;7;0;7;7;1;2;1;5;7;7;7;6;7;5;7;0;7;1;7;5;7;0;1;7;7;5;7;6;7;7;7;0;7;5;6;0;7;0;5;6;0;5;7;7;6;7;0;7;7;0;7;0;7;5;5;7;6;5;0;0;7;0;0;2;5;7;5;0;0;5;6;5;6;0;0;5;0;7;6;5;6;7;0;7;7;7;7;7;6;7;7;6;5;0;7;5;2;6;3;6;5;0;5;5;0;7;5;0;3;7;0;0;5;0;5;0;4;6;7;0;7;5;5;0;0;7;5;0;7;0;5;0;5;7;5;5;5;7;7;7;0,525116109509;0,454241765833;0,469988862954;0,681527910604;0,556328027748;21,3649863091;0;0;0;0
4;7;0;7;0;5;7;7;7;7;7;0;0;6;6;0;7;7;5;7;0;1;5;5;1;6;6;7;5;7;7;5;7;6;5;6;5;7;7;0;7;7;1;2;1;5;7;7;7;6;7;5;7;0;7;1;7;5;7;0;1;7;7;5;7;6;7;7;7;0;7;5;6;0;7;0;5;6;0;5;7;7;6;7;0;7;7;0;7;0;7;5;5;7;6;5;0;0;7;0;0;2;5;7;5;0;0;5;6;5;6;0;0;5;0;7;6;5;6;7;0;7;7;7;7;7;6;7;7;6;5;0;7;5;2;6;3;6;5;0;5;5;0;7;5;0;3;7;0;0;5;0;5;0;4;6;7;0;7;5;5;0;0;7;5;0;7;0;5;0;5;7;5;5;5;7;7;7;0,525116109509;0,454241765833;0,469988862954;0,681527910604;0,556328027748;21,3649863091;0;0;0;0
1;2;0;1;0;1;1;2;2;1;2;0;0;0;0;0;2;2;1;0;0;1;1;1;1;0;0;2;1;0;1;1;1;0;3;0;1;0;2;0;1;2;1;0;4;1;1;1;2;0;1;1;2;0;1;1;2;1;4;0;1;3;0;1;2;0;1;2;2;0;2;1;0;0;1;0;1;0;0;1;1;0;0;1;0;0;2;0;0;0;2;1;1;1;0;1;4;2;1;0;0;0;1;1;1;0;0;1;0;1;0;0;0;1;0;1;0;1;0;2;0;2;0;2;0;0;0;2;2;0;1;0;0;1;3;0;0;0;1;0;1;1;0;2;2;0;0;2;0;0;1;0;1;0;1;0;0;0;1;1;1;2;0;0;1;0;0;2;1;0;1;0;1;1;1;3;0;1;0,428451002431;0,452072678924;0,464037340355;0,504224846784;0,483297106818;21,9293325376;0;0;0;0
1;2;0;1;0;1;1;2;2;1;2;0;0;0;0;0;2;2;1;0;0;1;1;1;1;0;0;2;1;0;1;1;1;0;3;0;1;0;2;0;1;2;1;0;4;1;1;1;2;0;1;1;2;0;1;1;2;1;4;0;1;3;0;1;2;0;1;2;2;0;2;1;0;0;1;0;1;0;0;1;1;0;0;1;0;0;2;0;0;0;2;1;1;1;0;1;4;2;1;0;0;0;1;1;1;0;0;1;0;1;0;0;0;1;0;1;0;1;0;2;0;2;0;2;0;0;0;2;2;0;1;0;0;1;3;0;0;0;1;0;1;1;0;2;2;0;0;2;0;0;1;0;1;0;1;0;0;0;1;1;1;2;0;0;1;0;0;2;1;0;1;0;1;1;1;3;0;1;0,428451002431;0,452072678924;0,464037340355;0,504224846784;0,483297106818;21,9293325376;0;0;0;0
1;2;0;1;0;1;1;2;2;1;2;0;0;0;0;0;2;2;1;0;0;1;1;1;1;0;0;2;1;0;1;1;1;0;3;0;1;0;2;0;1;2;1;0;4;1;1;1;2;0;1;1;2;0;1;1;2;1;4;0;1;3;0;1;2;0;1;2;2;0;2;1;0;0;1;0;1;0;0;1;1;0;0;1;0;0;2;0;0;0;2;1;1;1;0;1;4;2;1;0;0;0;1;1;1;0;0;1;0;1;0;0;0;1;0;1;0;1;0;2;0;2;0;2;0;0;0;2;2;0;1;0;0;1;3;0;0;0;1;0;1;1;0;2;2;0;0;2;0;0;1;0;1;0;1;0;0;0;1;1;1;2;0;0;1;0;0;2;1;0;1;0;1;1;1;3;0;1;0,428451002431;0,452072678924;0,464037340355;0,504224846784;0,483297106818;21,9293325376;0;0;0;0
1;2;0;1;0;1;1;2;2;1;2;0;0;0;0;0;2;2;1;0;0;1;1;1;1;0;0;2;1;0;1;1;1;0;3;0;1;0;2;0;1;2;1;0;4;1;1;1;2;0;1;1;2;0;1;1;2;1;4;0;1;3;0;1;2;0;1;2;2;0;2;1;0;0;1;0;1;0;0;1;1;0;0;1;0;0;2;0;0;0;2;1;1;1;0;1;4;2;1;0;0;0;1;1;1;0;0;1;0;1;0;0;0;1;0;1;0;1;0;2;0;2;0;2;0;0;0;2;2;0;1;0;0;1;3;0;0;0;1;0;1;1;0;2;2;0;0;2;0;0;1;0;1;0;1;0;0;0;1;1;1;2;0;0;1;0;0;2;1;0;1;0;1;1;1;3;0;1;0,428451002431;0,452072678924;0,464037340355;0,504224846784;0,483297106818;21,9293325376;0;0;0;0
1;2;0;1;0;1;1;2;2;1;2;0;0;0;0;0;2;2;1;0;0;1;1;1;1;0;0;2;1;0;1;1;1;0;3;0;1;0;2;0;1;2;1;0;4;1;1;1;2;0;1;1;2;0;1;1;2;1;4;0;1;3;0;1;2;0;1;2;2;0;2;1;0;0;1;0;1;0;0;1;1;0;0;1;0;0;2;0;0;0;2;1;1;1;0;1;4;2;1;0;0;0;1;1;1;0;0;1;0;1;0;0;0;1;0;1;0;1;0;2;0;2;0;2;0;0;0;2;2;0;1;0;0;1;3;0;0;0;1;0;1;1;0;2;2;0;0;2;0;0;1;0;1;0;1;0;0;0;1;1;1;2;0;0;1;0;0;2;1;0;1;0;1;1;1;3;0;1;0,428451002431;0,452072678924;0,464037340355;0,504224846784;0,483297106818;21,9293325376;0;0;0;0
1;2;0;1;0;1;1;2;2;1;2;0;0;0;0;0;2;2;1;0;0;1;1;1;1;0;0;2;1;0;1;1;1;0;3;0;1;0;2;0;1;2;1;0;4;1;1;1;2;0;1;1;2;0;1;1;2;1;4;0;1;3;0;1;2;0;1;2;2;0;2;1;0;0;1;0;1;0;0;1;1;0;0;1;0;0;2;0;0;0;2;1;1;1;0;1;4;2;1;0;0;0;1;1;1;0;0;1;0;1;0;0;0;1;0;1;0;1;0;2;0;2;0;2;0;0;0;2;2;0;1;0;0;1;3;0;0;0;1;0;1;1;0;2;2;0;0;2;0;0;1;0;1;0;1;0;0;0;1;1;1;2;0;0;1;0;0;2;1;0;1;0;1;1;1;3;0;1;0,428451002431;0,452072678924;0,464037340355;0,504224846784;0,483297106818;21,9293325376;0;0;0;0
1;2;0;1;0;1;1;2;2;1;2;0;0;0;0;0;2;2;1;0;0;1;1;1;1;0;0;2;1;0;1;1;1;0;3;0;1;0;2;0;1;2;1;0;4;1;1;1;2;0;1;1;2;0;1;1;2;1;4;0;1;3;0;1;2;0;1;2;2;0;2;1;0;0;1;0;1;0;0;1;1;0;0;1;0;0;2;0;0;0;2;1;1;1;0;1;4;2;1;0;0;0;1;1;1;0;0;1;0;1;0;0;0;1;0;1;0;1;0;2;0;2;0;2;0;0;0;2;2;0;1;0;0;1;3;0;0;0;1;0;1;1;0;2;2;0;0;2;0;0;1;0;1;0;1;0;0;0;1;1;1;2;0;0;1;0;0;2;1;0;1;0;1;1;1;3;0;1;0,428451002431;0,452072678924;0,464037340355;0,504224846784;0,483297106818;21,9293325376;0;0;0;0
1;2;0;1;0;1;1;2;2;1;2;0;0;0;0;0;2;2;1;0;0;1;1;1;1;0;0;2;1;0;1;1;1;0;3;0;1;0;2;0;1;2;1;0;4;1;1;1;2;0;1;1;2;0;1;1;2;1;4;0;1;3;0;1;2;0;1;2;2;0;2;1;0;0;1;0;1;0;0;1;1;0;0;1;0;0;2;0;0;0;2;1;1;1;0;1;4;2;1;0;0;0;1;1;1;0;0;1;0;1;0;0;0;1;0;1;0;1;0;2;0;2;0;2;0;0;0;2;2;0;1;0;0;1;3;0;0;0;1;0;1;1;0;2;2;0;0;2;0;0;1;0;1;0;1;0;0;0;1;1;1;2;0;0;1;0;0;2;1;0;1;0;1;1;1;3;0;1;0,428451002431;0,452072678924;0,464037340355;0,504224846784;0,483297106818;21,9293325376;0;0;0;0
1;2;0;1;0;1;1;2;2;1;2;0;0;0;0;0;2;2;1;0;0;1;1;1;1;0;0;2;1;0;1;1;1;0;3;0;1;0;2;0;1;2;1;0;4;1;1;1;2;0;1;1;2;0;1;1;2;1;4;0;1;3;0;1;2;0;1;2;2;0;2;1;0;0;1;0;1;0;0;1;1;0;0;1;0;0;2;0;0;0;2;1;1;1;0;1;4;2;1;0;0;0;1;1;1;0;0;1;0;1;0;0;0;1;0;1;0;1;0;2;0;2;0;2;0;0;0;2;2;0;1;0;0;1;3;0;0;0;1;0;1;1;0;2;2;0;0;2;0;0;1;0;1;0;1;0;0;0;1;1;1;2;0;0;1;0;0;2;1;0;1;0;1;1;1;3;0;1;0,428451002431;0,452072678924;0,464037340355;0,504224846784;0,483297106818;21,9293325376;0;0;0;0
1;2;0;1;0;1;1;2;2;1;2;0;0;0;0;0;2;2;1;0;0;1;1;1;1;0;0;2;1;0;1;1;1;0;3;0;1;0;2;0;1;2;1;0;4;1;1;1;2;0;1;1;2;0;1;1;2;1;4;0;1;3;0;1;2;0;1;2;2;0;2;1;0;0;1;0;1;0;0;1;1;0;0;1;0;0;2;0;0;0;2;1;1;1;0;1;4;2;1;0;0;0;1;1;1;0;0;1;0;1;0;0;0;1;0;1;0;1;0;2;0;2;0;2;0;0;0;2;2;0;1;0;0;1;3;0;0;0;1;0;1;1;0;2;2;0;0;2;0;0;1;0;1;0;1;0;0;0;1;1;1;2;0;0;1;0;0;2;1;0;1;0;1;1;1;3;0;1;0,428451002431;0,452072678924;0,464037340355;0,504224846784;0,483297106818;21,9293325376;0;0;0;0
1;2;0;1;0;1;1;2;2;1;2;0;0;0;0;0;2;2;1;0;0;1;1;1;1;0;0;2;1;0;1;1;1;0;3;0;1;0;2;0;1;2;1;0;4;1;1;1;2;0;1;1;2;0;1;1;2;1;4;0;1;3;0;1;2;0;1;2;2;0;2;1;0;0;1;0;1;0;0;1;1;0;0;1;0;0;2;0;0;0;2;1;1;1;0;1;4;2;1;0;0;0;1;1;1;0;0;1;0;1;0;0;0;1;0;1;0;1;0;2;0;2;0;2;0;0;0;2;2;0;1;0;0;1;3;0;0;0;1;0;1;1;0;2;2;0;0;2;0;0;1;0;1;0;1;0;0;0;1;1;1;2;0;0;1;0;0;2;1;0;1;0;1;1;1;3;0;1;0,428451002431;0,452072678924;0,464037340355;0,504224846784;0,483297106818;21,9293325376;0;0;0;0
1;2;0;1;0;1;1;2;2;1;2;0;0;0;0;0;2;2;1;0;0;1;1;1;1;0;0;2;1;0;1;1;1;0;3;0;1;0;2;0;1;2;1;0;4;1;1;1;2;0;1;1;2;0;1;1;2;1;4;0;1;3;0;1;2;0;1;2;2;0;2;1;0;0;1;0;1;0;0;1;1;0;0;1;0;0;2;0;0;0;2;1;1;1;0;1;4;2;1;0;0;0;1;1;1;0;0;1;0;1;0;0;0;1;0;1;0;1;0;2;0;2;0;2;0;0;0;2;2;0;1;0;0;1;3;0;0;0;1;0;1;1;0;2;2;0;0;2;0;0;1;0;1;0;1;0;0;0;1;1;1;2;0;0;1;0;0;2;1;0;1;0;1;1;1;3;0;1;0,428451002431;0,452072678924;0,464037340355;0,504224846784;0,483297106818;21,9293325376;0;0;0;0
1;2;0;1;0;1;1;2;2;1;2;0;0;0;0;0;2;2;1;0;0;1;1;1;1;0;0;2;1;0;1;1;1;0;3;0;1;0;2;0;1;2;1;0;4;1;1;1;2;0;1;1;2;0;1;1;2;1;4;0;1;3;0;1;2;0;1;2;2;0;2;1;0;0;1;0;1;0;0;1;1;0;0;1;0;0;2;0;0;0;2;1;1;1;0;1;4;2;1;0;0;0;1;1;1;0;0;1;0;1;0;0;0;1;0;1;0;1;0;2;0;2;0;2;0;0;0;2;2;0;1;0;0;1;3;0;0;0;1;0;1;1;0;2;2;0;0;2;0;0;1;0;1;0;1;0;0;0;1;1;1;2;0;0;1;0;0;2;1;0;1;0;1;1;1;3;0;1;0,428451002431;0,452072678924;0,464037340355;0,504224846784;0,483297106818;21,9293325376;0;0;0;0
1;2;0;1;0;1;1;2;2;1;2;0;0;0;0;0;2;2;1;0;0;1;1;1;1;0;0;2;1;0;1;1;1;0;3;0;1;0;2;0;1;2;1;0;4;1;1;1;2;0;1;1;2;0;1;1;2;1;4;0;1;3;0;1;2;0;1;2;2;0;2;1;0;0;1;0;1;0;0;1;1;0;0;1;0;0;2;0;0;0;2;1;1;1;0;1;4;2;1;0;0;0;1;1;1;0;0;1;0;1;0;0;0;1;0;1;0;1;0;2;0;2;0;2;0;0;0;2;2;0;1;0;0;1;3;0;0;0;1;0;1;1;0;2;2;0;0;2;0;0;1;0;1;0;1;0;0;0;1;1;1;2;0;0;1;0;0;2;1;0;1;0;1;1;1;3;0;1;0,428451002431;0,452072678924;0,464037340355;0,504224846784;0,483297106818;21,9293325376;0;0;0;0
1;2;0;1;0;1;1;2;2;1;2;0;0;0;0;0;2;2;1;0;0;1;1;1;1;0;0;2;1;0;1;1;1;0;3;0;1;0;2;0;1;2;1;0;4;1;1;1;2;0;1;1;2;0;1;1;2;1;4;0;1;3;0;1;2;0;1;2;2;0;2;1;0;0;1;0;1;0;0;1;1;0;0;1;0;0;2;0;0;0;2;1;1;1;0;1;4;2;1;0;0;0;1;1;1;0;0;1;0;1;0;0;0;1;0;1;0;1;0;2;0;2;0;2;0;0;0;2;2;0;1;0;0;1;3;0;0;0;1;0;1;1;0;2;2;0;0;2;0;0;1;0;1;0;1;0;0;0;1;1;1;2;0;0;1;0;0;2;1;0;1;0;1;1;1;3;0;1;0,428451002431;0,452072678924;0,464037340355;0,504224846784;0,483297106818;21,9293325376;0;0;0;0
1;2;0;1;0;1;1;2;2;1;2;0;0;0;0;0;2;2;1;0;0;1;1;1;1;0;0;2;1;0;1;1;1;0;3;0;1;0;2;0;1;2;1;0;4;1;1;1;2;0;1;1;2;0;1;1;2;1;4;0;1;3;0;1;2;0;1;2;2;0;2;1;0;0;1;0;1;0;0;1;1;0;0;1;0;0;2;0;0;0;2;1;1;1;0;1;4;2;1;0;0;0;1;1;1;0;0;1;0;1;0;0;0;1;0;1;0;1;0;2;0;2;0;2;0;0;0;2;2;0;1;0;0;1;3;0;0;0;1;0;1;1;0;2;2;0;0;2;0;0;1;0;1;0;1;0;0;0;1;1;1;2;0;0;1;0;0;2;1;0;1;0;1;1;1;3;0;1;0,428451002431;0,452072678924;0,464037340355;0,504224846784;0,483297106818;21,9293325376;0;0;0;0
1;2;0;1;0;1;1;2;2;1;2;0;0;0;0;0;2;2;1;0;0;1;1;1;1;0;0;2;1;0;1;1;1;0;3;0;1;0;2;0;1;2;1;0;4;1;1;1;2;0;1;1;2;0;1;1;2;1;4;0;1;3;0;1;2;0;1;2;2;0;2;1;0;0;1;0;1;0;0;1;1;0;0;1;0;0;2;0;0;0;2;1;1;1;0;1;4;2;1;0;0;0;1;1;1;0;0;1;0;1;0;0;0;1;0;1;0;1;0;2;0;2;0;2;0;0;0;2;2;0;1;0;0;1;3;0;0;0;1;0;1;1;0;2;2;0;0;2;0;0;1;0;1;0;1;0;0;0;1;1;1;2;0;0;1;0;0;2;1;0;1;0;1;1;1;3;0;1;0,428451002431;0,452072678924;0,464037340355;0,504224846784;0,483297106818;21,9293325376;0;0;0;0
1;2;0;1;0;1;1;2;2;1;2;0;0;0;0;0;2;2;1;0;0;1;1;1;1;0;0;2;1;0;1;1;1;0;3;0;1;0;2;0;1;2;1;0;4;1;1;1;2;0;1;1;2;0;1;1;2;1;4;0;1;3;0;1;2;0;1;2;2;0;2;1;0;0;1;0;1;0;0;1;1;0;0;1;0;0;2;0;0;0;2;1;1;1;0;1;4;2;1;0;0;0;1;1;1;0;0;1;0;1;0;0;0;1;0;1;0;1;0;2;0;2;0;2;0;0;0;2;2;0;1;0;0;1;3;0;0;0;1;0;1;1;0;2;2;0;0;2;0;0;1;0;1;0;1;0;0;0;1;1;1;2;0;0;1;0;0;2;1;0;1;0;1;1;1;3;0;1;0,428451002431;0,452072678924;0,464037340355;0,504224846784;0,483297106818;21,9293325376;0;0;0;0
1;2;0;1;0;1;1;2;2;1;2;0;0;0;0;0;2;2;1;0;0;1;1;1;1;0;0;2;1;0;1;1;1;0;3;0;1;0;2;0;1;2;1;0;4;1;1;1;2;0;1;1;2;0;1;1;2;1;4;0;1;3;0;1;2;0;1;0;2;0;2;1;0;0;1;0;1;0;0;1;1;0;0;1;0;0;2;0;0;0;2;1;1;1;0;1;4;2;1;0;0;0;1;1;1;0;0;1;0;1;0;0;0;1;0;1;0;1;0;2;0;2;0;2;0;0;0;2;2;0;1;0;0;1;0;0;0;0;1;0;1;1;0;2;2;0;0;2;0;0;1;0;1;0;1;0;0;0;1;1;1;2;0;0;1;0;0;2;1;0;1;0;1;1;1;3;0;1;0,446000250838;0,490903754715;0,502305099437;0,535116579358;0,518191960124;22,8498196473;0;0;0;0
1;2;0;1;0;1;1;2;2;1;2;0;0;0;0;0;2;2;1;0;0;1;1;1;1;0;0;2;1;0;1;1;1;0;3;0;1;0;2;0;1;2;1;0;4;1;1;1;2;0;1;1;2;0;1;1;2;1;4;0;1;3;0;1;2;0;1;0;2;0;2;1;0;0;1;0;1;0;0;1;1;0;0;1;0;0;2;0;0;0;2;1;1;1;0;1;4;2;1;0;0;0;1;1;1;0;0;1;0;1;0;0;0;1;0;1;0;1;0;2;0;2;0;2;0;0;0;2;2;0;1;0;0;1;0;0;0;0;1;0;1;1;0;2;2;0;0;2;0;0;1;0;1;0;1;0;0;0;1;1;1;2;0;0;1;0;0;2;1;0;1;0;1;1;1;3;0;1;0,446000250838;0,490903754715;0,502305099437;0,535116579358;0,518191960124;22,8498196473;0;0;0;0
1;2;0;1;0;1;1;2;2;1;2;0;0;0;0;0;2;2;1;0;0;1;1;1;1;0;0;2;1;0;1;1;1;0;3;0;1;0;2;0;1;2;1;0;4;1;1;1;2;0;1;1;2;0;1;1;2;1;4;0;1;3;0;1;2;0;1;0;2;0;2;1;0;0;1;0;1;0;0;1;1;0;0;1;0;0;2;0;0;0;2;1;1;1;0;1;4;2;1;0;0;0;1;1;1;0;0;1;0;1;0;0;0;1;0;1;0;1;0;2;0;2;0;2;0;0;0;2;2;0;1;0;0;1;0;0;0;0;1;0;1;1;0;2;2;0;0;2;0;0;1;0;1;0;1;0;0;0;1;1;1;2;0;0;1;0;0;2;1;0;1;0;1;1;1;3;0;1;0,446000250838;0,490903754715;0,502305099437;0,535116579358;0,518191960124;22,8498196473;0;0;0;0
1;2;0;1;0;1;1;2;2;1;2;0;0;0;0;0;2;2;1;0;0;1;1;1;1;0;0;2;1;0;1;1;1;0;3;0;1;0;2;0;1;2;1;0;4;1;1;1;2;0;1;1;2;0;1;1;2;1;4;0;1;3;0;1;2;0;1;0;2;0;2;1;0;0;1;0;1;0;0;1;1;0;0;1;0;0;2;0;0;0;2;1;1;1;0;1;4;2;1;0;0;0;1;1;1;0;0;1;0;1;0;0;0;1;0;1;0;1;0;2;0;2;0;2;0;0;0;2;2;0;1;0;0;1;0;0;0;0;1;0;1;1;0;2;2;0;0;2;0;0;1;0;1;0;1;0;0;0;1;1;1;2;0;0;1;0;0;2;1;0;1;0;1;1;1;3;0;1;0,446000250838;0,490903754715;0,502305099437;0,535116579358;0,518191960124;22,8498196473;0;0;0;0
1;2;0;1;0;1;1;2;2;1;2;0;0;0;0;0;2;2;1;0;0;1;1;1;1;0;0;2;1;0;1;1;1;0;3;0;1;0;2;0;1;2;1;0;4;1;1;1;2;0;1;1;2;0;1;1;2;1;4;0;1;3;0;1;2;0;1;0;2;0;2;1;0;0;1;0;1;0;0;1;1;0;0;1;0;0;2;0;0;0;2;1;1;1;0;1;4;2;1;0;0;0;1;1;1;0;0;1;0;1;0;0;0;1;0;1;0;1;0;2;0;2;0;2;0;0;0;2;2;0;1;0;0;1;0;0;0;0;1;0;1;1;0;2;2;0;0;2;0;0;1;0;1;0;1;0;0;0;1;1;1;2;0;0;1;0;0;2;1;0;1;0;1;1;1;3;0;1;0,446000250838;0,490903754715;0,502305099437;0,535116579358;0,518191960124;22,8498196473;0;0;0;0
