10;40;30;db;Minkowski_2;1;2
2;1;4;1;4;4;1;2;2;4;4;1;4;2;2;1;4;2;2;1;4;4;2;1;1;4;4;1;4;1;4;4;4;2;4;4;1;4;4;4;4;2;2;4;2;2;4;2;4;4;4;4;4;2;2;4;1;4;4;1;4;1;4;1;2;2;3;2;4;2;0;4;1;4;1;1;2;2;4;4;1;4;1;3;4;4;4;4;2;4;4;4;4;4;4;1;2;4;2;1;1;4;1;4;2;4;4;4;1;1;2;2;2;4;4;2;3;1;2;1;2;3;4;2;2;0;1;1;2;4;1;2;2;2;4;4;2;2;4;4;4;4;3;2;4;4;1;4;2;1;4;1;4;2;1;2;1;1;4;4;4;4;2;4;1;4;4;2;4;1;4;2;2;2;2;4;4;4;0,480463977987;0,415412202451;0,427835604188;0,47160762139;0,448656515273;0,585582469507;0;0;0;0
2;3;3;3;2;2;3;4;4;3;3;3;2;2;2;3;2;4;2;3;2;3;4;3;3;3;3;2;3;3;2;0;3;4;0;3;3;3;3;2;2;2;2;3;2;4;3;4;3;3;2;3;2;4;2;2;3;3;3;3;2;2;3;3;4;2;3;4;2;4;3;2;3;2;3;3;2;4;3;3;3;3;3;3;3;2;2;3;4;3;3;3;2;2;2;3;2;3;4;3;3;2;3;3;2;2;3;3;3;3;4;2;2;2;1;2;3;3;2;3;4;3;3;2;4;3;3;3;2;3;3;4;4;2;2;3;2;2;2;2;3;2;0;4;2;2;3;3;2;3;3;2;3;2;3;2;3;3;1;3;2;3;4;1;3;3;3;4;2;3;3;2;4;2;2;2;3;3;0,228957937715;0,341108397931;0,356382928159;0,367293436966;0,361755936404;0,615499581275;0;0;0;0
2;3;3;3;2;2;3;4;4;3;3;3;2;2;2;3;2;4;2;3;2;3;4;3;3;3;3;2;3;3;2;0;3;4;0;3;3;3;3;2;2;2;2;3;2;4;3;4;3;3;2;3;2;4;2;2;3;3;3;3;2;2;3;3;4;2;3;4;2;4;3;2;3;2;3;3;2;4;3;3;3;3;3;3;3;2;2;3;4;3;3;3;2;2;2;3;2;3;4;3;3;2;3;3;2;2;3;3;3;3;4;2;2;2;1;2;3;3;2;3;4;3;3;2;4;3;3;3;2;3;3;4;4;2;2;3;2;2;2;2;3;2;0;4;2;2;3;3;2;3;3;2;3;2;3;2;3;3;1;3;2;3;4;1;3;3;3;4;2;3;3;2;4;2;2;2;3;3;0,228957937715;0,341108397931;0,356382928159;0,367293436966;0,361755936404;0,615499581275;0;0;0;0
2;3;3;3;2;2;3;4;4;3;3;3;2;2;2;3;2;4;2;3;2;3;4;3;3;3;3;2;3;3;2;0;3;4;0;3;3;3;3;2;2;2;2;3;2;4;3;4;3;3;2;3;2;4;2;2;3;3;3;3;2;2;3;3;4;2;3;4;2;4;3;2;3;2;3;3;2;4;3;3;3;3;3;3;3;2;2;3;4;3;3;3;2;2;2;3;2;3;4;3;3;2;3;3;2;2;3;3;3;3;4;2;2;2;1;2;3;3;2;3;4;3;3;2;4;3;3;3;2;3;3;4;4;2;2;3;2;2;2;2;3;2;0;4;2;2;3;3;2;3;3;2;3;2;3;2;3;3;1;3;2;3;4;1;3;3;3;4;2;3;3;2;4;2;2;2;3;3;0,228957937715;0,341108397931;0,356382928159;0,367293436966;0,361755936404;0,615499581275;0;0;0;0
2;3;3;3;2;2;3;4;4;3;3;3;2;2;2;3;2;4;2;3;2;3;4;3;3;3;3;2;3;3;2;0;3;4;0;3;3;3;3;2;2;2;2;3;2;4;3;4;3;3;2;3;2;4;2;2;3;3;3;3;2;2;3;3;4;2;3;4;2;4;3;2;3;2;3;3;2;4;3;3;3;3;3;3;3;2;2;3;4;3;3;3;2;2;2;3;2;3;4;3;3;2;3;3;2;2;3;3;3;3;4;2;2;2;1;2;3;3;2;3;4;3;3;2;4;3;3;3;2;3;3;4;4;2;2;3;2;2;2;2;3;2;0;4;2;2;3;3;2;3;3;2;3;2;3;2;3;3;1;3;2;3;4;1;3;3;3;4;2;3;3;2;4;2;2;2;3;3;0,228957937715;0,341108397931;0,356382928159;0,367293436966;0,361755936404;0,615499581275;0;0;0;0
1;0;0;1;0;0;0;1;0;0;0;0;0;1;1;0;1;1;1;0;0;0;1;0;0;1;0;1;0;0;0;0;0;1;0;0;0;0;0;0;0;1;1;0;1;0;0;0;0;0;1;0;0;1;1;0;0;0;0;0;0;1;0;0;1;0;0;1;0;0;0;0;0;0;0;0;1;1;0;0;0;0;0;0;1;0;0;0;1;0;0;0;0;1;0;1;0;0;1;0;0;0;0;0;0;0;0;1;0;0;1;0;1;0;0;1;0;0;1;0;1;0;0;1;1;0;0;0;1;0;0;1;1;1;0;0;1;1;0;0;0;1;0;1;0;0;0;0;0;0;0;0;0;1;0;1;0;0;0;0;0;0;1;0;0;0;0;0;0;0;0;1;0;1;1;0;0;0;0,266425739593;0,263477815756;0,488969068814;0,267347777918;0,345687907344;0,637828556828;0;0;0;0
1;3;3;0;0;0;3;1;0;2;3;3;3;0;0;3;0;0;1;3;0;3;0;3;3;0;3;0;0;3;0;0;0;1;0;3;0;3;0;0;0;0;0;3;0;0;0;0;0;0;0;3;0;0;0;0;3;3;0;3;0;2;3;3;0;0;0;0;0;0;3;0;3;0;3;3;1;0;0;3;3;3;3;3;0;0;0;0;0;3;3;0;0;0;0;2;1;0;0;3;3;0;3;3;0;0;3;0;3;3;1;3;1;0;3;0;0;3;1;3;0;3;0;0;0;0;3;3;0;0;3;0;0;0;3;0;1;0;0;0;3;2;3;0;0;0;3;0;3;3;0;3;0;0;0;0;3;3;3;0;0;3;0;0;3;0;0;0;0;3;0;0;0;0;0;0;0;0;0,31271851611;0,36172809648;0,435162745101;0,372878717586;0,40162029754;0,66081704485;0;0;0;0
0;1;1;0;0;0;1;0;0;0;0;1;0;0;0;1;0;0;0;1;0;0;0;1;1;0;1;0;0;1;0;0;0;2;0;1;0;0;0;0;0;0;0;1;0;0;0;0;0;0;0;0;0;0;0;0;1;1;0;1;0;1;0;1;0;0;1;0;0;0;1;0;1;0;1;1;0;0;0;1;1;0;1;1;0;0;0;0;0;0;0;0;0;0;0;0;0;0;0;1;1;0;1;1;0;0;0;0;1;1;0;0;0;0;0;0;1;1;0;1;0;1;0;0;2;0;1;1;0;0;1;0;0;0;0;0;0;0;0;0;1;0;0;0;0;0;1;0;0;1;0;0;0;0;0;0;1;1;0;0;0;1;0;0;1;0;0;0;0;1;0;0;0;0;0;0;0;0;0,42659516123;0,427932672482;0,742992739473;0,4346863313;0,548483531922;0,836012619912;0;0;0;0
0;1;1;0;0;0;1;0;0;0;0;1;0;0;0;1;0;0;0;1;0;0;0;1;1;0;1;0;0;1;0;0;0;2;0;1;0;0;0;0;0;0;0;1;0;0;0;0;0;0;0;0;0;0;0;0;1;1;0;1;0;1;0;1;0;0;1;0;0;0;1;0;1;0;1;1;0;0;0;1;1;0;1;1;0;0;0;0;0;0;0;0;0;0;0;0;0;0;0;1;1;0;1;1;0;0;0;0;1;1;0;0;0;0;0;0;1;1;0;1;0;1;0;0;2;0;1;1;0;0;1;0;0;0;0;0;0;0;0;0;1;0;0;0;0;0;1;0;0;1;0;0;0;0;0;0;1;1;0;0;0;1;0;0;1;0;0;0;0;1;0;0;0;0;0;0;0;0;0,42659516123;0,427932672482;0,742992739473;0,4346863313;0,548483531922;0,836012619912;0;0;0;0
0;1;1;0;0;0;1;0;0;0;0;1;0;0;0;1;0;0;0;1;0;0;0;1;1;0;1;0;0;1;0;0;0;2;0;1;0;0;0;0;0;0;0;1;0;0;0;0;0;0;0;0;0;0;0;0;1;1;0;1;0;1;0;1;0;0;1;0;0;0;1;0;1;0;1;1;0;0;0;1;1;0;1;1;0;0;0;0;0;0;0;0;0;0;0;0;0;0;0;1;1;0;1;1;0;0;0;0;1;1;0;0;0;0;0;0;1;1;0;1;0;1;0;0;2;0;1;1;0;0;1;0;0;0;0;0;0;0;0;0;1;0;0;0;0;0;1;0;0;1;0;0;0;0;0;0;1;1;0;0;0;1;0;0;1;0;0;0;0;1;0;0;0;0;0;0;0;0;0,42659516123;0,427932672482;0,742992739473;0,4346863313;0,548483531922;0,836012619912;0;0;0;0
0;1;1;0;0;0;1;0;0;0;0;1;0;0;0;1;0;0;0;1;0;0;0;1;1;0;1;0;0;1;0;0;0;2;0;1;0;0;0;0;0;0;0;1;0;0;0;0;0;0;0;0;0;0;0;0;1;1;0;1;0;1;0;1;0;0;1;0;0;0;1;0;1;0;1;1;0;0;0;1;1;0;1;1;0;0;0;0;0;0;0;0;0;0;0;0;0;0;0;1;1;0;1;1;0;0;0;0;1;1;0;0;0;0;0;0;1;1;0;1;0;1;0;0;2;0;1;1;0;0;1;0;0;0;0;0;0;0;0;0;1;0;0;0;0;0;1;0;0;1;0;0;0;0;0;0;1;1;0;0;0;1;0;0;1;0;0;0;0;1;0;0;0;0;0;0;0;0;0,42659516123;0,427932672482;0,742992739473;0,4346863313;0,548483531922;0,836012619912;0;0;0;0
0;1;1;0;0;0;1;0;0;0;0;1;0;0;0;1;0;0;0;1;0;0;0;1;1;0;1;0;0;1;0;0;0;2;0;1;0;0;0;0;0;0;0;1;0;0;0;0;0;0;0;0;0;0;0;0;1;1;0;1;0;1;0;1;0;0;1;0;0;0;1;0;1;0;1;1;0;0;0;1;1;0;1;1;0;0;0;0;0;0;0;0;0;0;0;0;0;0;0;1;1;0;1;1;0;0;0;0;1;1;0;0;0;0;0;0;1;1;0;1;0;1;0;0;2;0;1;1;0;0;1;0;0;0;0;0;0;0;0;0;1;0;0;0;0;0;1;0;0;1;0;0;0;0;0;0;1;1;0;0;0;1;0;0;1;0;0;0;0;1;0;0;0;0;0;0;0;0;0,42659516123;0,427932672482;0,742992739473;0,4346863313;0,548483531922;0,836012619912;0;0;0;0
0;1;1;0;0;0;1;0;0;0;0;1;0;0;0;1;0;0;0;1;0;0;0;1;1;0;1;0;0;1;0;0;0;2;0;1;0;0;0;0;0;0;0;0;0;0;0;0;0;0;0;0;0;0;0;0;1;0;0;1;0;0;0;0;0;0;1;0;0;0;1;0;1;0;1;1;0;0;0;1;1;0;1;1;0;0;0;0;0;0;0;0;0;0;0;0;0;0;0;1;1;0;1;0;0;0;0;0;1;1;0;0;0;0;0;0;1;1;0;1;0;1;0;0;2;0;1;1;0;0;1;0;0;0;0;0;0;0;0;0;0;0;0;0;0;0;1;0;0;1;0;0;0;0;0;0;1;1;0;0;0;1;0;0;1;0;0;0;0;1;0;0;0;0;0;0;0;0;0,372860331064;0,395454970582;0,730764245828;0,402598741327;0,519171296242;0,850450809018;0;0;0;0
0;1;1;0;0;0;1;0;0;0;0;1;0;0;0;1;0;0;0;1;0;0;0;1;1;0;1;0;0;1;0;0;0;2;0;1;0;0;0;0;0;0;0;0;0;0;0;0;0;0;0;0;0;0;0;0;1;0;0;1;0;0;0;0;0;0;1;0;0;0;1;0;1;0;1;1;0;0;0;1;1;0;1;1;0;0;0;0;0;0;0;0;0;0;0;0;0;0;0;1;1;0;1;0;0;0;0;0;1;1;0;0;0;0;0;0;1;1;0;1;0;1;0;0;2;0;1;1;0;0;1;0;0;0;0;0;0;0;0;0;0;0;0;0;0;0;1;0;0;1;0;0;0;0;0;0;1;1;0;0;0;1;0;0;1;0;0;0;0;1;0;0;0;0;0;0;0;0;0,372860331064;0,395454970582;0,730764245828;0,402598741327;0,519171296242;0,850450809018;0;0;0;0
0;0;0;0;0;0;0;0;0;0;0;0;0;0;0;0;0;0;0;0;0;0;0;0;0;0;0;0;0;0;0;0;0;1;0;0;0;0;0;0;0;0;0;0;0;0;0;0;0;0;0;0;0;0;0;0;0;0;0;0;0;0;0;0;0;0;0;0;0;0;0;0;0;0;0;0;0;0;0;0;0;0;0;0;0;0;0;0;0;0;0;0;0;0;0;0;0;0;0;0;0;0;0;0;0;0;0;0;0;0;0;0;0;0;0;0;0;0;0;0;0;0;0;0;1;0;0;0;0;0;0;0;0;0;0;0;0;0;0;0;0;0;0;0;0;0;0;0;0;0;0;0;0;0;0;0;0;0;0;0;0;0;0;0;0;0;0;0;0;0;0;0;0;0;0;0;0;0;0,000962588241076;0,00502948179612;0,203492889651;0,0115433552186;0,0218473933185;1,05345404777;0;0;0;0
0;0;0;0;0;0;0;0;0;0;0;0;0;0;0;0;0;0;0;0;0;0;0;0;0;0;0;0;0;0;0;0;0;1;0;0;0;0;0;0;0;0;0;0;0;0;0;0;0;0;0;0;0;0;0;0;0;0;0;0;0;0;0;0;0;0;0;0;0;0;0;0;0;0;0;0;0;0;0;0;0;0;0;0;0;0;0;0;0;0;0;0;0;0;0;0;0;0;0;0;0;0;0;0;0;0;0;0;0;0;0;0;0;0;0;0;0;0;0;0;0;0;0;0;1;0;0;0;0;0;0;0;0;0;0;0;0;0;0;0;0;0;0;0;0;0;0;0;0;0;0;0;0;0;0;0;0;0;0;0;0;0;0;0;0;0;0;0;0;0;0;0;0;0;0;0;0;0;0,000962588241076;0,00502948179612;0,203492889651;0,0115433552186;0,0218473933185;1,05345404777;0;0;0;0
0;0;0;0;0;0;0;0;0;0;0;0;0;0;0;0;0;0;0;0;0;0;0;0;0;0;0;0;0;0;0;0;0;1;0;0;0;0;0;0;0;0;0;0;0;0;0;0;0;0;0;0;0;0;0;0;0;0;0;0;0;0;0;0;0;0;0;0;0;0;0;0;0;0;0;0;0;0;0;0;0;0;0;0;0;0;0;0;0;0;0;0;0;0;0;0;0;0;0;0;0;0;0;0;0;0;0;0;0;0;0;0;0;0;0;0;0;0;0;0;0;0;0;0;1;0;0;0;0;0;0;0;0;0;0;0;0;0;0;0;0;0;0;0;0;0;0;0;0;0;0;0;0;0;0;0;0;0;0;0;0;0;0;0;0;0;0;0;0;0;0;0;0;0;0;0;0;0;0,000962588241076;0,00502948179612;0,203492889651;0,0115433552186;0,0218473933185;1,05345404777;0;0;0;0
0;0;0;0;0;0;0;0;0;0;0;0;0;0;0;0;0;0;0;0;0;0;0;0;0;0;0;0;0;0;0;0;0;1;0;0;0;0;0;0;0;0;0;0;0;0;0;0;0;0;0;0;0;0;0;0;0;0;0;0;0;0;0;0;0;0;0;0;0;0;0;0;0;0;0;0;0;0;0;0;0;0;0;0;0;0;0;0;0;0;0;0;0;0;0;0;0;0;0;0;0;0;0;0;0;0;0;0;0;0;0;0;0;0;0;0;0;0;0;0;0;0;0;0;1;0;0;0;0;0;0;0;0;0;0;0;0;0;0;0;0;0;0;0;0;0;0;0;0;0;0;0;0;0;0;0;0;0;0;0;0;0;0;0;0;0;0;0;0;0;0;0;0;0;0;0;0;0;0,000962588241076;0,00502948179612;0,203492889651;0,0115433552186;0,0218473933185;1,05345404777;0;0;0;0
0;0;0;0;0;0;0;0;0;0;0;0;0;0;0;0;0;0;0;0;0;0;0;0;0;0;0;0;0;0;0;0;0;1;0;0;0;0;0;0;0;0;0;0;0;0;0;0;0;0;0;0;0;0;0;0;0;0;0;0;0;0;0;0;0;0;0;0;0;0;0;0;0;0;0;0;0;0;0;0;0;0;0;0;0;0;0;0;0;0;0;0;0;0;0;0;0;0;0;0;0;0;0;0;0;0;0;0;0;0;0;0;0;0;0;0;0;0;0;0;0;0;0;0;1;0;0;0;0;0;0;0;0;0;0;0;0;0;0;0;0;0;0;0;0;0;0;0;0;0;0;0;0;0;0;0;0;0;0;0;0;0;0;0;0;0;0;0;0;0;0;0;0;0;0;0;0;0;0,000962588241076;0,00502948179612;0,203492889651;0,0115433552186;0,0218473933185;1,05345404777;0;0;0;0
0;0;0;0;0;0;0;0;0;0;0;0;0;0;0;0;0;0;0;0;0;0;0;0;0;0;0;0;0;0;0;0;0;1;0;0;0;0;0;0;0;0;0;0;0;0;0;0;0;0;0;0;0;0;0;0;0;0;0;0;0;0;0;0;0;0;0;0;0;0;0;0;0;0;0;0;0;0;0;0;0;0;0;0;0;0;0;0;0;0;0;0;0;0;0;0;0;0;0;0;0;0;0;0;0;0;0;0;0;0;0;0;0;0;0;0;0;0;0;0;0;0;0;0;1;0;0;0;0;0;0;0;0;0;0;0;0;0;0;0;0;0;0;0;0;0;0;0;0;0;0;0;0;0;0;0;0;0;0;0;0;0;0;0;0;0;0;0;0;0;0;0;0;0;0;0;0;0;0,000962588241076;0,00502948179612;0,203492889651;0,0115433552186;0,0218473933185;1,05345404777;0;0;0;0
0;0;0;0;0;0;0;0;0;0;0;0;0;0;0;0;0;0;0;0;0;0;0;0;0;0;0;0;0;0;0;0;0;1;0;0;0;0;0;0;0;0;0;0;0;0;0;0;0;0;0;0;0;0;0;0;0;0;0;0;0;0;0;0;0;0;0;0;0;0;0;0;0;0;0;0;0;0;0;0;0;0;0;0;0;0;0;0;0;0;0;0;0;0;0;0;0;0;0;0;0;0;0;0;0;0;0;0;0;0;0;0;0;0;0;0;0;0;0;0;0;0;0;0;1;0;0;0;0;0;0;0;0;0;0;0;0;0;0;0;0;0;0;0;0;0;0;0;0;0;0;0;0;0;0;0;0;0;0;0;0;0;0;0;0;0;0;0;0;0;0;0;0;0;0;0;0;0;0,000962588241076;0,00502948179612;0,203492889651;0,0115433552186;0,0218473933185;1,05345404777;0;0;0;0
0;0;0;0;0;0;0;0;0;0;0;0;0;0;0;0;0;0;0;0;0;0;0;0;0;0;0;0;0;0;0;0;0;1;0;0;0;0;0;0;0;0;0;0;0;0;0;0;0;0;0;0;0;0;0;0;0;0;0;0;0;0;0;0;0;0;0;0;0;0;0;0;0;0;0;0;0;0;0;0;0;0;0;0;0;0;0;0;0;0;0;0;0;0;0;0;0;0;0;0;0;0;0;0;0;0;0;0;0;0;0;0;0;0;0;0;0;0;0;0;0;0;0;0;1;0;0;0;0;0;0;0;0;0;0;0;0;0;0;0;0;0;0;0;0;0;0;0;0;0;0;0;0;0;0;0;0;0;0;0;0;0;0;0;0;0;0;0;0;0;0;0;0;0;0;0;0;0;0,000962588241076;0,00502948179612;0,203492889651;0,0115433552186;0,0218473933185;1,05345404777;0;0;0;0
0;0;0;0;0;0;0;0;0;0;0;0;0;0;0;0;0;0;0;0;0;0;0;0;0;0;0;0;0;0;0;0;0;1;0;0;0;0;0;0;0;0;0;0;0;0;0;0;0;0;0;0;0;0;0;0;0;0;0;0;0;0;0;0;0;0;0;0;0;0;0;0;0;0;0;0;0;0;0;0;0;0;0;0;0;0;0;0;0;0;0;0;0;0;0;0;0;0;0;0;0;0;0;0;0;0;0;0;0;0;0;0;0;0;0;0;0;0;0;0;0;0;0;0;1;0;0;0;0;0;0;0;0;0;0;0;0;0;0;0;0;0;0;0;0;0;0;0;0;0;0;0;0;0;0;0;0;0;0;0;0;0;0;0;0;0;0;0;0;0;0;0;0;0;0;0;0;0;0,000962588241076;0,00502948179612;0,203492889651;0,0115433552186;0,0218473933185;1,05345404777;0;0;0;0
0;0;0;0;0;0;0;0;0;0;0;0;0;0;0;0;0;0;0;0;0;0;0;0;0;0;0;0;0;0;0;0;0;1;0;0;0;0;0;0;0;0;0;0;0;0;0;0;0;0;0;0;0;0;0;0;0;0;0;0;0;0;0;0;0;0;0;0;0;0;0;0;0;0;0;0;0;0;0;0;0;0;0;0;0;0;0;0;0;0;0;0;0;0;0;0;0;0;0;0;0;0;0;0;0;0;0;0;0;0;0;0;0;0;0;0;0;0;0;0;0;0;0;0;1;0;0;0;0;0;0;0;0;0;0;0;0;0;0;0;0;0;0;0;0;0;0;0;0;0;0;0;0;0;0;0;0;0;0;0;0;0;0;0;0;0;0;0;0;0;0;0;0;0;0;0;0;0;0,000962588241076;0,00502948179612;0,203492889651;0,0115433552186;0,0218473933185;1,05345404777;0;0;0;0
0;0;0;0;0;0;0;0;0;0;0;0;0;0;0;0;0;0;0;0;0;0;0;0;0;0;0;0;0;0;0;0;0;1;0;0;0;0;0;0;0;0;0;0;0;0;0;0;0;0;0;0;0;0;0;0;0;0;0;0;0;0;0;0;0;0;0;0;0;0;0;0;0;0;0;0;0;0;0;0;0;0;0;0;0;0;0;0;0;0;0;0;0;0;0;0;0;0;0;0;0;0;0;0;0;0;0;0;0;0;0;0;0;0;0;0;0;0;0;0;0;0;0;0;1;0;0;0;0;0;0;0;0;0;0;0;0;0;0;0;0;0;0;0;0;0;0;0;0;0;0;0;0;0;0;0;0;0;0;0;0;0;0;0;0;0;0;0;0;0;0;0;0;0;0;0;0;0;0,000962588241076;0,00502948179612;0,203492889651;0,0115433552186;0,0218473933185;1,05345404777;0;0;0;0
0;0;0;0;0;0;0;0;0;0;0;0;0;0;0;0;0;0;0;0;0;0;0;0;0;0;0;0;0;0;0;0;0;1;0;0;0;0;0;0;0;0;0;0;0;0;0;0;0;0;0;0;0;0;0;0;0;0;0;0;0;0;0;0;0;0;0;0;0;0;0;0;0;0;0;0;0;0;0;0;0;0;0;0;0;0;0;0;0;0;0;0;0;0;0;0;0;0;0;0;0;0;0;0;0;0;0;0;0;0;0;0;0;0;0;0;0;0;0;0;0;0;0;0;1;0;0;0;0;0;0;0;0;0;0;0;0;0;0;0;0;0;0;0;0;0;0;0;0;0;0;0;0;0;0;0;0;0;0;0;0;0;0;0;0;0;0;0;0;0;0;0;0;0;0;0;0;0;0,000962588241076;0,00502948179612;0,203492889651;0,0115433552186;0,0218473933185;1,05345404777;0;0;0;0
0;0;0;0;0;0;0;0;0;0;0;0;0;0;0;0;0;0;0;0;0;0;0;0;0;0;0;0;0;0;0;0;0;1;0;0;0;0;0;0;0;0;0;0;0;0;0;0;0;0;0;0;0;0;0;0;0;0;0;0;0;0;0;0;0;0;0;0;0;0;0;0;0;0;0;0;0;0;0;0;0;0;0;0;0;0;0;0;0;0;0;0;0;0;0;0;0;0;0;0;0;0;0;0;0;0;0;0;0;0;0;0;0;0;0;0;0;0;0;0;0;0;0;0;1;0;0;0;0;0;0;0;0;0;0;0;0;0;0;0;0;0;0;0;0;0;0;0;0;0;0;0;0;0;0;0;0;0;0;0;0;0;0;0;0;0;0;0;0;0;0;0;0;0;0;0;0;0;0,000962588241076;0,00502948179612;0,203492889651;0,0115433552186;0,0218473933185;1,05345404777;0;0;0;0
0;0;0;0;0;0;0;0;0;0;0;0;0;0;0;0;0;0;0;0;0;0;0;0;0;0;0;0;0;0;0;0;0;1;0;0;0;0;0;0;0;0;0;0;0;0;0;0;0;0;0;0;0;0;0;0;0;0;0;0;0;0;0;0;0;0;0;0;0;0;0;0;0;0;0;0;0;0;0;0;0;0;0;0;0;0;0;0;0;0;0;0;0;0;0;0;0;0;0;0;0;0;0;0;0;0;0;0;0;0;0;0;0;0;0;0;0;0;0;0;0;0;0;0;1;0;0;0;0;0;0;0;0;0;0;0;0;0;0;0;0;0;0;0;0;0;0;0;0;0;0;0;0;0;0;0;0;0;0;0;0;0;0;0;0;0;0;0;0;0;0;0;0;0;0;0;0;0;0,000962588241076;0,00502948179612;0,203492889651;0,0115433552186;0,0218473933185;1,05345404777;0;0;0;0
0;0;0;0;0;0;0;0;0;0;0;0;0;0;0;0;0;0;0;0;0;0;0;0;0;0;0;0;0;0;0;0;0;1;0;0;0;0;0;0;0;0;0;0;0;0;0;0;0;0;0;0;0;0;0;0;0;0;0;0;0;0;0;0;0;0;0;0;0;0;0;0;0;0;0;0;0;0;0;0;0;0;0;0;0;0;0;0;0;0;0;0;0;0;0;0;0;0;0;0;0;0;0;0;0;0;0;0;0;0;0;0;0;0;0;0;0;0;0;0;0;0;0;0;1;0;0;0;0;0;0;0;0;0;0;0;0;0;0;0;0;0;0;0;0;0;0;0;0;0;0;0;0;0;0;0;0;0;0;0;0;0;0;0;0;0;0;0;0;0;0;0;0;0;0;0;0;0;0,000962588241076;0,00502948179612;0,203492889651;0,0115433552186;0,0218473933185;1,05345404777;0;0;0;0
0;0;0;0;0;0;0;0;0;0;0;0;0;0;0;0;0;0;0;0;0;0;0;0;0;0;0;0;0;0;0;0;0;1;0;0;0;0;0;0;0;0;0;0;0;0;0;0;0;0;0;0;0;0;0;0;0;0;0;0;0;0;0;0;0;0;0;0;0;0;0;0;0;0;0;0;0;0;0;0;0;0;0;0;0;0;0;0;0;0;0;0;0;0;0;0;0;0;0;0;0;0;0;0;0;0;0;0;0;0;0;0;0;0;0;0;0;0;0;0;0;0;0;0;1;0;0;0;0;0;0;0;0;0;0;0;0;0;0;0;0;0;0;0;0;0;0;0;0;0;0;0;0;0;0;0;0;0;0;0;0;0;0;0;0;0;0;0;0;0;0;0;0;0;0;0;0;0;0,000962588241076;0,00502948179612;0,203492889651;0,0115433552186;0,0218473933185;1,05345404777;0;0;0;0
