10;40;30;db;Minkowski_2;4;4
4;2;2;2;2;2;2;2;2;2;2;2;2;2;2;2;2;2;2;2;2;2;2;2;2;2;2;2;2;2;2;2;2;2;4;4;2;2;2;2;7;2;2;2;2;2;2;2;2;2;2;2;2;2;2;4;2;2;2;2;2;2;1;2;2;2;2;2;2;4;2;2;2;2;1;2;7;2;2;2;0;2;3;2;2;2;4;2;2;2;2;7;2;4;2;2;2;4;2;2;2;2;2;2;2;2;8;2;4;2;1;7;2;4;4;3;2;2;4;2;2;4;2;2;2;2;2;2;2;2;2;4;2;0;8;2;2;6;2;2;2;5;2;2;2;2;2;2;4;2;2;6;2;4;2;2;2;2;2;2;2;2;2;2;2;2;2;5;8;2;4;4;2;2;2;4;2;5;0,0990118713911;0,189850866368;0,288828152418;0,231570131206;0,2570491689;0,474197070924;0;0;0;0
4;2;2;2;2;2;2;2;2;2;2;2;2;2;2;2;2;2;2;2;2;2;2;2;2;2;2;2;2;2;2;2;2;2;4;4;2;2;2;2;7;2;2;2;2;2;2;2;2;2;2;2;2;2;2;4;2;2;2;2;2;2;1;2;2;2;2;2;2;4;2;2;2;2;1;2;7;2;2;2;0;2;3;2;2;2;4;2;2;2;2;7;2;4;2;2;2;4;2;2;2;2;2;2;2;2;8;2;4;2;1;7;2;4;4;3;2;2;4;2;2;4;2;2;2;2;2;2;2;2;2;4;2;0;8;2;2;6;2;2;2;5;2;2;2;2;2;2;4;2;2;6;2;4;2;2;2;2;2;2;2;2;2;2;2;2;2;5;8;2;4;4;2;2;2;4;2;5;0,0990118713911;0,189850866368;0,288828152418;0,231570131206;0,2570491689;0,474197070924;0;0;0;0
4;2;2;2;2;2;2;2;2;2;2;2;2;2;2;2;2;2;2;2;2;2;2;2;2;2;2;2;2;2;2;2;2;2;4;4;2;2;2;2;7;2;2;2;2;2;2;2;2;2;2;2;2;2;2;4;2;2;2;2;2;2;1;2;2;2;2;2;2;4;2;2;2;2;1;2;7;2;2;2;0;2;3;2;2;2;4;2;2;2;2;7;2;4;2;2;2;4;2;2;2;2;2;2;2;2;8;2;4;2;1;7;2;4;4;3;2;2;4;2;2;4;2;2;2;2;2;2;2;2;2;4;2;0;8;2;2;6;2;2;2;5;2;2;2;2;2;2;4;2;2;6;2;4;2;2;2;2;2;2;2;2;2;2;2;2;2;5;8;2;4;4;2;2;2;4;2;5;0,0990118713911;0,189850866368;0,288828152418;0,231570131206;0,2570491689;0,474197070924;0;0;0;0
4;2;2;2;2;2;2;2;2;2;2;2;2;2;2;2;2;2;2;2;2;2;2;2;2;2;2;2;2;2;2;2;2;2;4;4;2;2;2;2;7;2;2;2;2;2;2;2;2;2;2;2;2;2;2;4;2;2;2;2;2;2;1;2;2;2;2;2;2;4;2;2;2;2;1;2;7;2;2;2;0;2;3;2;2;2;4;2;2;2;2;7;2;4;2;2;2;4;2;2;2;2;2;2;2;2;8;2;4;2;1;7;2;4;4;3;2;2;4;2;2;4;2;2;2;2;2;2;2;2;2;4;2;0;8;2;2;6;2;2;2;5;2;2;2;2;2;2;4;2;2;6;2;4;2;2;2;2;2;2;2;2;2;2;2;2;2;5;8;2;4;4;2;2;2;4;2;5;0,0990118713911;0,189850866368;0,288828152418;0,231570131206;0,2570491689;0,474197070924;0;0;0;0
4;2;2;2;2;2;2;2;2;2;2;2;2;2;2;2;2;2;2;2;2;2;2;2;2;2;2;2;2;2;2;2;2;2;4;4;2;2;2;2;7;2;2;2;2;2;2;2;2;2;2;2;2;2;2;4;2;2;2;2;2;2;1;2;2;2;2;2;2;4;2;2;2;2;1;2;7;2;2;2;0;2;3;2;2;2;4;2;2;2;2;7;2;4;2;2;2;4;2;2;2;2;2;2;2;2;8;2;4;2;1;7;2;4;4;3;2;2;4;2;2;4;2;2;2;2;2;2;2;2;2;4;2;0;8;2;2;6;2;2;2;5;2;2;2;2;2;2;4;2;2;6;2;4;2;2;2;2;2;2;2;2;2;2;2;2;2;5;8;2;4;4;2;2;2;4;2;5;0,0990118713911;0,189850866368;0,288828152418;0,231570131206;0,2570491689;0,474197070924;0;0;0;0
4;2;2;2;2;2;2;2;2;2;2;2;2;2;2;2;2;2;2;2;2;2;2;2;2;2;2;2;2;2;2;2;2;2;4;4;2;2;2;2;7;2;2;2;2;2;2;2;2;2;2;2;2;2;2;4;2;2;2;2;2;2;1;2;2;2;2;2;2;4;2;2;2;2;1;2;7;2;2;2;0;2;3;2;2;2;4;2;2;2;2;7;2;4;2;2;2;4;2;2;2;2;2;2;2;2;8;2;4;2;1;7;2;4;4;3;2;2;4;2;2;4;2;2;2;2;2;2;2;2;2;4;2;0;8;2;2;6;2;2;2;5;2;2;2;2;2;2;4;2;2;6;2;4;2;2;2;2;2;2;2;2;2;2;2;2;2;5;8;2;4;4;2;2;2;4;2;5;0,0990118713911;0,189850866368;0,288828152418;0,231570131206;0,2570491689;0,474197070924;0;0;0;0
4;2;2;2;2;2;2;2;2;2;2;2;2;2;2;2;2;2;2;2;2;2;2;2;2;2;2;2;2;2;2;2;2;2;4;4;2;2;2;2;7;2;2;2;2;2;2;2;2;2;2;2;2;2;2;4;2;2;2;2;2;2;1;2;2;2;2;2;2;4;2;2;2;2;1;2;7;2;2;2;0;2;3;2;2;2;4;2;2;2;2;7;2;4;2;2;2;4;2;2;2;2;2;2;2;2;8;2;4;2;1;7;2;4;4;3;2;2;4;2;2;4;2;2;2;2;2;2;2;2;2;4;2;0;8;2;2;6;2;2;2;5;2;2;2;2;2;2;4;2;2;6;2;4;2;2;2;2;2;2;2;2;2;2;2;2;2;5;8;2;4;4;2;2;2;4;2;5;0,0990118713911;0,189850866368;0,288828152418;0,231570131206;0,2570491689;0,474197070924;0;0;0;0
4;2;2;2;2;2;2;2;2;2;2;2;2;2;2;2;2;2;2;2;2;2;2;2;2;2;2;2;2;2;2;2;2;2;4;4;2;2;2;2;7;2;2;2;2;2;2;2;2;2;2;2;2;2;2;4;2;2;2;2;2;2;1;2;2;2;2;2;2;4;2;2;2;2;1;2;7;2;2;2;0;2;3;2;2;2;4;2;2;2;2;7;2;4;2;2;2;4;2;2;2;2;2;2;2;2;8;2;4;2;1;7;2;4;4;3;2;2;4;2;2;4;2;2;2;2;2;2;2;2;2;4;2;0;8;2;2;6;2;2;2;5;2;2;2;2;2;2;4;2;2;6;2;4;2;2;2;2;2;2;2;2;2;2;2;2;2;5;8;2;4;4;2;2;2;4;2;5;0,0990118713911;0,189850866368;0,288828152418;0,231570131206;0,2570491689;0,474197070924;0;0;0;0
4;2;2;2;2;2;2;2;2;2;2;2;2;2;2;2;2;2;2;2;2;2;2;2;2;2;2;2;2;2;2;2;2;2;4;4;2;2;2;2;7;2;2;2;2;2;2;2;2;2;2;2;2;2;2;4;2;2;2;2;2;2;1;2;2;2;2;2;2;4;2;2;2;2;1;2;7;2;2;2;0;2;3;2;2;2;4;2;2;2;2;7;2;4;2;2;2;4;2;2;2;2;2;2;2;2;8;2;4;2;1;7;2;4;4;3;2;2;4;2;2;4;2;2;2;2;2;2;2;2;2;4;2;0;8;2;2;6;2;2;2;5;2;2;2;2;2;2;4;2;2;6;2;4;2;2;2;2;2;2;2;2;2;2;2;2;2;5;8;2;4;4;2;2;2;4;2;5;0,0990118713911;0,189850866368;0,288828152418;0,231570131206;0,2570491689;0,474197070924;0;0;0;0
4;2;2;2;2;2;2;2;2;2;2;2;2;2;2;2;2;2;2;2;2;2;2;2;2;2;2;2;2;2;2;2;2;2;4;4;2;2;2;2;7;2;2;2;2;2;2;2;2;2;2;2;2;2;2;4;2;2;2;2;2;2;1;2;2;2;2;2;2;4;2;2;2;2;1;2;7;2;2;2;0;2;3;2;2;2;4;2;2;2;2;7;2;4;2;2;2;4;2;2;2;2;2;2;2;2;8;2;4;2;1;7;2;4;4;3;2;2;4;2;2;4;2;2;2;2;2;2;2;2;2;4;2;0;8;2;2;6;2;2;2;5;2;2;2;2;2;2;4;2;2;6;2;4;2;2;2;2;2;2;2;2;2;2;2;2;2;5;8;2;4;4;2;2;2;4;2;5;0,0990118713911;0,189850866368;0,288828152418;0,231570131206;0,2570491689;0,474197070924;0;0;0;0
4;2;2;2;2;2;2;2;2;2;2;2;2;2;2;2;2;2;2;2;2;2;2;2;2;2;2;2;2;2;2;2;2;2;4;4;2;2;2;2;7;2;2;2;2;2;2;2;2;2;2;2;2;2;2;4;2;2;2;2;2;2;1;2;2;2;2;2;2;4;2;2;2;2;1;2;7;2;2;2;0;2;3;2;2;2;4;2;2;2;2;7;2;4;2;2;2;4;2;2;2;2;2;2;2;2;8;2;4;2;1;7;2;4;4;3;2;2;4;2;2;4;2;2;2;2;2;2;2;2;2;4;2;0;8;2;2;6;2;2;2;5;2;2;2;2;2;2;4;2;2;6;2;4;2;2;2;2;2;2;2;2;2;2;2;2;2;5;8;2;4;4;2;2;2;4;2;5;0,0990118713911;0,189850866368;0,288828152418;0,231570131206;0,2570491689;0,474197070924;0;0;0;0
4;2;2;2;2;2;2;2;2;2;2;2;2;2;2;2;2;2;2;2;2;2;2;2;2;2;2;2;2;2;2;2;2;2;4;4;2;2;2;2;7;2;2;2;2;2;2;2;2;2;2;2;2;2;2;4;2;2;2;2;2;2;1;2;2;2;2;2;2;4;2;2;2;2;1;2;7;2;2;2;0;2;3;2;2;2;4;2;2;2;2;7;2;4;2;2;2;4;2;2;2;2;2;2;2;2;8;2;4;2;1;7;2;4;4;3;2;2;4;2;2;4;2;2;2;2;2;2;2;2;2;4;2;0;8;2;2;6;2;2;2;5;2;2;2;2;2;2;4;2;2;6;2;4;2;2;2;2;2;2;2;2;2;2;2;2;2;5;8;2;4;4;2;2;2;4;2;5;0,0990118713911;0,189850866368;0,288828152418;0,231570131206;0,2570491689;0,474197070924;0;0;0;0
4;2;2;2;2;2;2;2;2;2;2;2;2;2;2;2;2;2;2;2;2;2;2;2;2;2;2;2;2;2;2;2;2;2;4;4;2;2;2;2;7;2;2;2;2;2;2;2;2;2;2;2;2;2;2;4;2;2;2;2;2;2;1;2;2;2;2;2;2;4;2;2;2;2;1;2;7;2;2;2;0;2;3;2;2;2;4;2;2;2;2;7;2;4;2;2;2;4;2;2;2;2;2;2;2;2;8;2;4;2;1;7;2;4;4;3;2;2;4;2;2;4;2;2;2;2;2;2;2;2;2;4;2;0;8;2;2;6;2;2;2;5;2;2;2;2;2;2;4;2;2;6;2;4;2;2;2;2;2;2;2;2;2;2;2;2;2;5;8;2;4;4;2;2;2;4;2;5;0,0990118713911;0,189850866368;0,288828152418;0,231570131206;0,2570491689;0,474197070924;0;0;0;0
4;2;2;2;2;2;2;2;2;2;2;2;2;2;2;2;2;2;2;2;2;2;2;2;2;2;2;2;2;2;2;2;2;2;4;4;2;2;2;2;7;2;2;2;2;2;2;2;2;2;2;2;2;2;2;4;2;2;2;2;2;2;1;2;2;2;2;2;2;4;2;2;2;2;1;2;7;2;2;2;0;2;3;2;2;2;4;2;2;2;2;7;2;4;2;2;2;4;2;2;2;2;2;2;2;2;8;2;4;2;1;7;2;4;4;3;2;2;4;2;2;4;2;2;2;2;2;2;2;2;2;4;2;0;8;2;2;6;2;2;2;5;2;2;2;2;2;2;4;2;2;6;2;4;2;2;2;2;2;2;2;2;2;2;2;2;2;5;8;2;4;4;2;2;2;4;2;5;0,0990118713911;0,189850866368;0,288828152418;0,231570131206;0,2570491689;0,474197070924;0;0;0;0
4;2;2;2;2;2;2;2;2;2;2;2;2;2;2;2;2;2;2;2;2;2;2;2;2;2;2;2;2;2;2;2;2;2;4;4;2;2;2;2;7;2;2;2;2;2;2;2;2;2;2;2;2;2;2;4;2;2;2;2;2;2;1;2;2;2;2;2;2;4;2;2;2;2;1;2;7;2;2;2;0;2;3;2;2;2;4;2;2;2;2;7;2;4;2;2;2;4;2;2;2;2;2;2;2;2;8;2;4;2;1;7;2;4;4;3;2;2;4;2;2;4;2;2;2;2;2;2;2;2;2;4;2;0;8;2;2;6;2;2;2;5;2;2;2;2;2;2;4;2;2;6;2;4;2;2;2;2;2;2;2;2;2;2;2;2;2;5;8;2;4;4;2;2;2;4;2;5;0,0990118713911;0,189850866368;0,288828152418;0,231570131206;0,2570491689;0,474197070924;0;0;0;0
4;2;2;2;2;2;2;2;2;2;2;2;2;2;2;2;2;2;2;2;2;2;2;2;2;2;2;2;2;2;2;2;2;2;4;4;2;2;2;2;7;2;2;2;2;2;2;2;2;2;2;2;2;2;2;4;2;2;2;2;2;2;1;2;2;2;2;2;2;4;2;2;2;2;1;2;7;2;2;2;0;2;3;2;2;2;4;2;2;2;2;7;2;4;2;2;2;4;2;2;2;2;2;2;2;2;8;2;4;2;1;7;2;4;4;3;2;2;4;2;2;4;2;2;2;2;2;2;2;2;2;4;2;0;8;2;2;6;2;2;2;5;2;2;2;2;2;2;4;2;2;6;2;4;2;2;2;2;2;2;2;2;2;2;2;2;2;5;8;2;4;4;2;2;2;4;2;5;0,0990118713911;0,189850866368;0,288828152418;0,231570131206;0,2570491689;0,474197070924;0;0;0;0
4;2;2;2;2;2;2;2;2;2;2;2;2;2;2;2;2;2;2;2;2;2;2;2;2;2;2;2;2;2;2;2;2;2;4;4;2;2;2;2;7;2;2;2;2;2;2;2;2;2;2;2;2;2;2;4;2;2;2;2;2;2;1;2;2;2;2;2;2;4;2;2;2;2;1;2;7;2;2;2;0;2;3;2;2;2;4;2;2;2;2;7;2;4;2;2;2;4;2;2;2;2;2;2;2;2;8;2;4;2;1;7;2;4;4;3;2;2;4;2;2;4;2;2;2;2;2;2;2;2;2;4;2;0;8;2;2;6;2;2;2;5;2;2;2;2;2;2;4;2;2;6;2;4;2;2;2;2;2;2;2;2;2;2;2;2;2;5;8;2;4;4;2;2;2;4;2;5;0,0990118713911;0,189850866368;0,288828152418;0,231570131206;0,2570491689;0,474197070924;0;0;0;0
4;2;2;2;2;2;2;2;2;2;2;2;2;2;2;2;2;2;2;2;2;2;2;2;2;2;2;2;2;2;2;2;2;2;4;4;2;2;2;2;7;2;2;2;2;2;2;2;2;2;2;2;2;2;2;4;2;2;2;2;2;2;1;2;2;2;2;2;2;4;2;2;2;2;1;2;7;2;2;2;0;2;3;2;2;2;4;2;2;2;2;7;2;4;2;2;2;4;2;2;2;2;2;2;2;2;8;2;4;2;1;7;2;4;4;3;2;2;4;2;2;4;2;2;2;2;2;2;2;2;2;4;2;0;8;2;2;6;2;2;2;5;2;2;2;2;2;2;4;2;2;6;2;4;2;2;2;2;2;2;2;2;2;2;2;2;2;5;8;2;4;4;2;2;2;4;2;5;0,0990118713911;0,189850866368;0,288828152418;0,231570131206;0,2570491689;0,474197070924;0;0;0;0
4;2;2;2;2;2;2;2;2;2;2;2;2;2;2;2;2;2;2;2;2;2;2;2;2;2;2;2;2;2;2;2;2;2;4;4;2;2;2;2;7;2;2;2;2;2;2;2;2;2;2;2;2;2;2;4;2;2;2;2;2;2;1;2;2;2;2;2;2;4;2;2;2;2;1;2;7;2;2;2;0;2;3;2;2;2;4;2;2;2;2;7;2;4;2;2;2;4;2;2;2;2;2;2;2;2;8;2;4;2;1;7;2;4;4;3;2;2;4;2;2;4;2;2;2;2;2;2;2;2;2;4;2;0;8;2;2;6;2;2;2;5;2;2;2;2;2;2;4;2;2;6;2;4;2;2;2;2;2;2;2;2;2;2;2;2;2;5;8;2;4;4;2;2;2;4;2;5;0,0990118713911;0,189850866368;0,288828152418;0,231570131206;0,2570491689;0,474197070924;0;0;0;0
4;2;2;2;2;2;2;2;2;2;2;2;2;2;2;2;2;2;2;2;2;2;2;2;2;2;2;2;2;2;2;2;2;2;4;4;2;2;2;2;7;2;2;2;2;2;2;2;2;2;2;2;2;2;2;4;2;2;2;2;2;2;1;2;2;2;2;2;2;4;2;2;2;2;1;2;7;2;2;2;0;2;3;2;2;2;4;2;2;2;2;7;2;4;2;2;2;4;2;2;2;2;2;2;2;2;8;2;4;2;1;7;2;4;4;3;2;2;4;2;2;4;2;2;2;2;2;2;2;2;2;4;2;0;8;2;2;6;2;2;2;5;2;2;2;2;2;2;4;2;2;6;2;4;2;2;2;2;2;2;2;2;2;2;2;2;2;5;8;2;4;4;2;2;2;4;2;5;0,0990118713911;0,189850866368;0,288828152418;0,231570131206;0,2570491689;0,474197070924;0;0;0;0
4;2;2;2;2;2;2;2;2;2;2;2;2;2;2;2;2;2;2;2;2;2;2;2;2;2;2;2;2;2;2;2;2;2;4;4;2;2;2;2;7;2;2;2;2;2;2;2;2;2;2;2;2;2;2;4;2;2;2;2;2;2;1;2;2;2;2;2;2;4;2;2;2;2;1;2;7;2;2;2;0;2;3;2;2;2;4;2;2;2;2;7;2;4;2;2;2;4;2;2;2;2;2;2;2;2;8;2;4;2;1;7;2;4;4;3;2;2;4;2;2;4;2;2;2;2;2;2;2;2;2;4;2;0;8;2;2;6;2;2;2;5;2;2;2;2;2;2;4;2;2;6;2;4;2;2;2;2;2;2;2;2;2;2;2;2;2;5;8;2;4;4;2;2;2;4;2;5;0,0990118713911;0,189850866368;0,288828152418;0,231570131206;0,2570491689;0,474197070924;0;0;0;0
4;2;2;2;2;2;2;2;2;2;2;2;2;2;2;2;2;2;2;2;2;2;2;2;2;2;2;2;2;2;2;2;2;2;4;4;2;2;2;2;7;2;2;2;2;2;2;2;2;2;2;2;2;2;2;4;2;2;2;2;2;2;1;2;2;2;2;2;2;4;2;2;2;2;1;2;7;2;2;2;0;2;3;2;2;2;4;2;2;2;2;7;2;4;2;2;2;4;2;2;2;2;2;2;2;2;8;2;4;2;1;7;2;4;4;3;2;2;4;2;2;4;2;2;2;2;2;2;2;2;2;4;2;0;8;2;2;6;2;2;2;5;2;2;2;2;2;2;4;2;2;6;2;4;2;2;2;2;2;2;2;2;2;2;2;2;2;5;8;2;4;4;2;2;2;4;2;5;0,0990118713911;0,189850866368;0,288828152418;0,231570131206;0,2570491689;0,474197070924;0;0;0;0
4;2;2;2;2;2;2;2;2;2;2;2;2;2;2;2;2;2;2;2;2;2;2;2;2;2;2;2;2;2;2;2;2;2;4;4;2;2;2;2;7;2;2;2;2;2;2;2;2;2;2;2;2;2;2;4;2;2;2;2;2;2;1;2;2;2;2;2;2;4;2;2;2;2;1;2;7;2;2;2;0;2;3;2;2;2;4;2;2;2;2;7;2;4;2;2;2;4;2;2;2;2;2;2;2;2;8;2;4;2;1;7;2;4;4;3;2;2;4;2;2;4;2;2;2;2;2;2;2;2;2;4;2;0;8;2;2;6;2;2;2;5;2;2;2;2;2;2;4;2;2;6;2;4;2;2;2;2;2;2;2;2;2;2;2;2;2;5;8;2;4;4;2;2;2;4;2;5;0,0990118713911;0,189850866368;0,288828152418;0,231570131206;0,2570491689;0,474197070924;0;0;0;0
2;2;2;2;2;2;2;2;2;2;2;2;2;2;2;2;2;2;2;2;2;2;2;2;2;2;2;2;2;2;2;2;2;2;4;4;2;2;2;2;0;2;2;2;2;2;2;2;2;2;2;2;2;2;2;4;2;2;2;2;2;2;1;2;2;2;2;2;2;4;2;2;2;2;1;2;7;2;2;2;0;2;3;2;2;2;4;2;2;2;2;7;2;4;2;2;2;4;2;2;2;2;2;2;2;2;8;2;4;2;1;4;2;4;4;3;2;2;4;2;2;4;2;2;2;2;2;2;2;2;2;4;2;0;8;2;2;6;2;2;2;5;2;2;2;2;2;2;4;2;2;6;2;4;2;2;2;2;2;2;2;2;2;2;2;2;2;5;8;2;4;4;2;2;2;2;2;5;0,084621246065;0,175562711048;0,282516360065;0,218134852793;0,246186019455;0,480848364843;0;0;0;0
2;2;2;2;2;2;2;2;2;2;2;2;2;2;2;2;2;2;2;2;2;2;2;2;2;2;2;2;2;2;2;2;2;2;4;4;2;2;2;2;0;2;2;2;2;2;2;2;2;2;2;2;2;2;2;4;2;2;2;2;2;2;1;2;2;2;2;2;2;4;2;2;2;2;1;2;7;2;2;2;0;2;3;2;2;2;4;2;2;2;2;7;2;4;2;2;2;4;2;2;2;2;2;2;2;2;8;2;4;2;1;4;2;4;4;3;2;2;4;2;2;4;2;2;2;2;2;2;2;2;2;4;2;0;8;2;2;6;2;2;2;5;2;2;2;2;2;2;4;2;2;6;2;4;2;2;2;2;2;2;2;2;2;2;2;2;2;5;8;2;4;4;2;2;2;2;2;5;0,084621246065;0,175562711048;0,282516360065;0,218134852793;0,246186019455;0,480848364843;0;0;0;0
2;2;2;2;2;2;2;2;2;2;2;2;2;2;2;2;2;2;2;2;2;2;2;2;2;2;2;2;2;2;2;2;2;2;4;4;2;2;2;2;0;2;2;2;2;2;2;2;2;2;2;2;2;2;2;4;2;2;2;2;2;2;1;2;2;2;2;2;2;4;2;2;2;2;1;2;7;2;2;2;0;2;3;2;2;2;4;2;2;2;2;7;2;4;2;2;2;4;2;2;2;2;2;2;2;2;8;2;4;2;1;4;2;4;4;3;2;2;4;2;2;4;2;2;2;2;2;2;2;2;2;4;2;0;8;2;2;6;2;2;2;5;2;2;2;2;2;2;4;2;2;6;2;4;2;2;2;2;2;2;2;2;2;2;2;2;2;5;8;2;4;4;2;2;2;2;2;5;0,084621246065;0,175562711048;0,282516360065;0,218134852793;0,246186019455;0,480848364843;0;0;0;0
2;2;2;2;2;2;2;2;2;2;2;2;2;2;2;2;2;2;2;2;2;2;2;2;2;2;2;2;2;2;2;2;2;2;4;4;2;2;2;2;0;2;2;2;2;2;2;2;2;2;2;2;2;2;2;4;2;2;2;2;2;2;1;2;2;2;2;2;2;4;2;2;2;2;1;2;7;2;2;2;0;2;3;2;2;2;4;2;2;2;2;7;2;4;2;2;2;4;2;2;2;2;2;2;2;2;8;2;4;2;1;4;2;4;4;3;2;2;4;2;2;4;2;2;2;2;2;2;2;2;2;4;2;0;8;2;2;6;2;2;2;5;2;2;2;2;2;2;4;2;2;6;2;4;2;2;2;2;2;2;2;2;2;2;2;2;2;5;8;2;4;4;2;2;2;2;2;5;0,084621246065;0,175562711048;0,282516360065;0,218134852793;0,246186019455;0,480848364843;0;0;0;0
2;2;2;2;2;2;2;2;2;2;2;2;2;2;2;2;2;2;2;2;2;2;2;2;2;2;2;2;2;2;2;2;2;2;4;4;2;2;2;2;0;2;2;2;2;2;2;2;2;2;2;2;2;2;2;4;2;2;2;2;2;2;1;2;2;2;2;2;2;4;2;2;2;2;1;2;7;2;2;2;0;2;3;2;2;2;4;2;2;2;2;7;2;4;2;2;2;4;2;2;2;2;2;2;2;2;8;2;4;2;1;4;2;4;4;3;2;2;4;2;2;4;2;2;2;2;2;2;2;2;2;4;2;0;8;2;2;6;2;2;2;5;2;2;2;2;2;2;4;2;2;6;2;4;2;2;2;2;2;2;2;2;2;2;2;2;2;5;8;2;4;4;2;2;2;2;2;5;0,084621246065;0,175562711048;0,282516360065;0,218134852793;0,246186019455;0,480848364843;0;0;0;0
2;2;2;2;2;2;2;2;2;2;2;2;2;2;2;2;2;2;2;2;2;2;2;2;2;2;2;2;2;2;2;2;2;2;4;4;2;2;2;2;0;2;2;2;2;2;2;2;2;2;2;2;2;2;2;4;2;2;2;2;2;2;1;2;2;2;2;2;2;4;2;2;2;2;1;2;7;2;2;2;0;2;3;2;2;2;4;2;2;2;2;7;2;4;2;2;2;4;2;2;2;2;2;2;2;2;8;2;4;2;1;4;2;4;4;3;2;2;4;2;2;4;2;2;2;2;2;2;2;2;2;4;2;0;8;2;2;6;2;2;2;5;2;2;2;2;2;2;4;2;2;6;2;4;2;2;2;2;2;2;2;2;2;2;2;2;2;5;8;2;4;4;2;2;2;2;2;5;0,084621246065;0,175562711048;0,282516360065;0,218134852793;0,246186019455;0,480848364843;0;0;0;0
2;2;2;2;2;2;2;2;2;2;2;2;2;2;2;2;2;2;2;2;2;2;2;2;2;2;2;2;2;2;2;2;2;2;4;4;2;2;2;2;0;2;2;2;2;2;2;2;2;2;2;2;2;2;2;4;2;2;2;2;2;2;1;2;2;2;2;2;2;4;2;2;2;2;1;2;7;2;2;2;0;2;3;2;2;2;4;2;2;2;2;7;2;4;2;2;2;4;2;2;2;2;2;2;2;2;8;2;4;2;1;4;2;4;4;3;2;2;4;2;2;4;2;2;2;2;2;2;2;2;2;4;2;0;8;2;2;6;2;2;2;5;2;2;2;2;2;2;4;2;2;6;2;4;2;2;2;2;2;2;2;2;2;2;2;2;2;5;8;2;4;4;2;2;2;2;2;5;0,084621246065;0,175562711048;0,282516360065;0,218134852793;0,246186019455;0,480848364843;0;0;0;0
