10;40;30;db;Minkowski_2;1;4
4;1;1;3;1;4;3;3;4;3;1;3;1;3;1;3;1;3;3;3;1;3;3;1;1;1;1;4;3;4;1;1;3;4;3;4;1;1;3;1;2;3;1;1;3;3;3;1;3;3;3;1;3;3;3;3;1;3;4;3;1;1;3;3;3;3;1;1;2;1;1;3;3;1;3;3;1;4;1;1;3;1;1;3;4;0;4;4;1;3;3;4;3;1;3;1;3;1;1;1;3;1;1;1;3;1;3;3;4;1;3;1;1;1;3;3;3;3;1;1;4;1;3;1;4;3;2;3;3;4;1;1;3;4;1;3;3;1;4;1;1;3;1;3;3;4;1;1;4;3;3;3;4;1;1;3;1;1;3;0;1;3;1;3;3;3;1;3;3;1;2;4;4;1;4;3;1;3;0,261504167935;0,299037541428;0,314809766826;0,330855618816;0,32263330985;0,417470484249;0;0;0;0
1;1;1;1;1;0;1;0;0;1;1;0;1;1;1;0;1;1;0;1;1;1;0;1;1;1;1;1;1;0;1;1;0;0;1;0;1;1;0;1;0;1;0;1;0;0;0;1;1;0;0;1;1;1;1;1;1;1;0;1;1;1;0;0;1;0;1;1;0;1;1;0;0;1;0;0;1;0;1;1;0;1;1;0;0;0;0;0;1;1;1;0;1;1;0;1;1;1;1;1;0;1;1;1;0;1;1;1;0;1;0;1;1;1;0;0;0;1;1;1;0;1;0;1;1;1;0;0;1;0;0;1;1;0;1;1;1;1;0;1;1;0;1;0;1;0;1;1;0;1;0;0;0;1;1;0;1;1;0;0;1;0;1;0;0;0;1;0;0;1;0;0;0;0;0;1;1;1;0,362621191808;0,381767811395;0,617714339043;0,385005224789;0,474356453263;0,421359625361;0;0;0;0
0;0;0;0;0;1;0;1;1;0;0;1;0;0;0;0;0;0;1;0;0;0;0;0;0;0;0;0;0;1;0;0;1;1;0;1;0;0;1;0;0;0;0;0;0;0;1;0;0;1;0;0;0;0;0;0;0;0;1;0;0;0;0;1;0;0;0;0;0;0;0;1;1;0;1;1;0;1;0;0;1;0;0;0;1;1;0;1;0;0;0;1;0;0;1;0;0;0;0;0;1;0;0;0;0;0;0;0;0;0;0;0;0;0;1;1;1;0;0;0;1;0;0;0;0;0;0;1;0;0;0;0;0;1;0;0;0;0;0;0;0;1;0;1;0;1;0;0;0;0;0;1;1;0;0;1;0;0;1;0;0;1;0;1;1;1;0;1;1;0;0;0;1;0;1;0;0;0;0,217665275552;0,21550009399;0,413206893904;0,219625548012;0,286808275004;0,42621516669;0;0;0;0
0;0;0;0;0;1;0;1;1;0;0;1;0;0;0;0;0;0;1;0;0;0;0;0;0;0;0;0;0;1;0;0;1;1;0;1;0;0;1;0;0;0;0;0;0;0;1;0;0;1;0;0;0;0;0;0;0;0;1;0;0;0;0;1;0;0;0;0;0;0;0;1;1;0;1;1;0;1;0;0;1;0;0;0;1;1;0;1;0;0;0;1;0;0;1;0;0;0;0;0;1;0;0;0;0;0;0;0;0;0;0;0;0;0;1;1;1;0;0;0;1;0;0;0;0;0;0;1;0;0;0;0;0;1;0;0;0;0;0;0;0;1;0;1;0;1;0;0;0;0;0;1;1;0;0;1;0;0;1;0;0;1;0;1;1;1;0;1;1;0;0;0;1;0;1;0;0;0;0,217665275552;0,21550009399;0,413206893904;0,219625548012;0,286808275004;0,42621516669;0;0;0;0
0;0;0;0;0;1;0;1;1;0;0;1;0;0;0;0;0;0;1;0;0;0;0;0;0;0;0;0;0;1;0;0;1;1;0;1;0;0;1;0;0;0;0;0;0;0;1;0;0;1;1;0;0;0;0;0;0;0;1;0;0;0;0;0;0;0;0;0;0;0;0;1;0;0;1;1;0;1;0;0;1;0;0;0;0;1;0;1;0;0;0;1;0;0;1;0;0;0;0;0;1;0;0;0;1;0;0;0;0;0;0;0;0;0;1;1;1;0;0;0;1;0;1;0;0;0;0;1;0;0;0;0;0;1;0;0;0;0;1;0;0;1;0;1;0;1;0;0;0;0;0;1;1;0;0;1;0;0;1;1;0;1;0;1;1;1;0;1;1;0;0;0;1;0;1;0;0;0;0,300287385184;0,286567569118;0,53581529161;0,290317184617;0,376589448815;0,456729005982;0;0;0;0
0;0;0;0;0;1;0;1;1;0;0;1;0;0;0;0;0;0;1;0;0;0;0;0;0;0;0;0;0;1;0;0;1;1;0;1;0;0;1;0;0;0;0;0;0;0;1;0;0;1;0;0;0;0;0;0;0;0;1;0;0;0;0;0;0;0;0;0;0;0;0;1;0;0;1;1;0;1;0;0;1;0;0;0;0;1;0;1;0;0;0;1;0;0;1;0;0;0;0;0;1;0;0;0;1;0;0;0;0;0;0;0;0;0;1;1;1;0;0;0;1;0;1;0;0;0;0;1;0;0;0;0;0;1;0;0;0;0;1;0;0;1;0;1;0;1;0;0;0;0;0;1;1;0;0;1;0;0;1;1;0;1;0;1;1;1;0;1;1;0;0;1;1;0;0;0;0;0;0,305683823718;0,291837166591;0,550655028584;0,295560106987;0,384657877931;0,464370439391;0;0;0;0
0;0;0;0;0;1;0;1;1;0;0;1;0;0;0;0;0;0;1;0;0;0;0;0;0;0;0;0;0;1;0;0;1;1;0;1;0;0;1;0;0;0;0;0;0;0;1;0;0;1;0;0;0;0;0;0;0;0;1;0;0;0;0;0;0;0;0;0;0;0;0;1;0;0;1;1;0;1;0;0;1;0;0;0;0;1;0;1;0;0;0;1;0;0;1;0;0;0;0;0;1;0;0;0;1;0;0;0;0;0;0;0;0;0;1;1;1;0;0;0;1;0;1;0;0;0;0;1;0;0;0;0;0;1;0;0;0;0;1;0;0;1;0;1;0;1;0;0;0;0;0;1;1;0;0;1;0;0;1;1;0;1;0;1;1;1;0;1;1;0;0;1;1;0;0;0;0;0;0,305683823718;0,291837166591;0,550655028584;0,295560106987;0,384657877931;0,464370439391;0;0;0;0
0;0;0;0;0;1;0;1;1;0;0;1;0;0;0;0;0;0;1;0;0;0;0;0;0;0;0;0;0;1;0;0;1;1;0;1;0;0;1;0;0;0;0;0;0;0;1;0;0;1;0;0;0;0;0;0;0;0;1;0;0;0;0;0;0;0;0;0;0;0;0;1;0;0;1;1;0;1;0;0;1;0;0;0;0;1;0;1;0;0;0;1;0;0;1;0;0;0;0;0;1;0;0;0;1;0;0;0;0;0;0;0;0;0;1;1;1;0;0;0;1;0;1;0;0;0;0;1;0;0;0;0;0;1;0;0;0;0;1;0;0;1;0;1;0;1;0;0;0;0;0;1;1;0;0;1;0;0;1;1;0;1;0;1;1;1;0;1;1;0;0;1;1;0;0;0;0;0;0,305683823718;0,291837166591;0,550655028584;0,295560106987;0,384657877931;0,464370439391;0;0;0;0
0;0;0;0;0;1;0;1;1;0;0;1;0;0;0;0;0;0;1;0;0;0;0;0;0;0;0;0;0;1;0;0;1;1;0;1;0;0;1;0;0;0;0;0;0;0;1;0;0;1;0;0;0;0;0;0;0;0;1;0;0;0;0;0;0;0;0;0;0;0;0;1;0;0;1;1;0;1;0;0;1;0;0;0;0;1;0;1;0;0;0;1;0;0;1;0;0;0;0;0;1;0;0;0;1;0;0;0;0;0;0;0;0;0;1;0;1;0;0;0;1;0;1;0;0;0;0;1;0;0;0;0;0;1;0;0;0;0;1;0;0;1;0;1;0;1;0;0;0;0;0;1;1;0;0;1;0;0;1;1;0;1;0;1;1;1;0;1;1;0;0;1;1;0;0;0;0;0;0,311336756655;0,297692654263;0,567032047123;0,301385881811;0,393578823844;0,468985748943;0;0;0;0
0;0;0;0;0;1;0;1;1;0;0;1;0;0;0;0;0;0;1;0;0;0;0;0;0;0;0;0;0;1;0;0;1;1;0;1;0;0;1;0;0;0;0;0;0;0;1;0;0;1;0;0;0;0;0;0;0;0;1;0;0;0;0;0;0;0;0;0;0;0;0;1;0;0;1;1;0;1;0;0;1;0;0;0;0;1;0;1;0;0;0;1;0;0;1;0;0;0;0;0;1;0;0;0;1;0;0;0;0;0;0;0;0;0;1;0;1;0;0;0;1;0;1;0;0;0;0;1;0;0;0;0;0;1;0;0;0;0;1;0;0;1;0;1;0;1;0;0;0;0;0;1;1;0;0;1;0;0;1;1;0;1;0;1;1;1;0;1;1;0;0;1;1;0;0;0;0;0;0,311336756655;0,297692654263;0,567032047123;0,301385881811;0,393578823844;0,468985748943;0;0;0;0
0;0;0;0;0;1;0;1;1;0;0;1;0;0;0;0;0;0;1;0;0;0;0;0;0;0;0;0;0;1;0;0;1;1;0;1;0;0;1;0;0;0;0;0;0;0;1;0;0;1;1;0;0;0;0;0;0;0;1;0;0;0;0;0;0;0;0;0;0;0;0;1;0;0;1;1;0;1;0;0;1;0;0;0;0;1;0;1;0;0;0;1;0;0;1;0;0;0;0;0;1;0;0;0;1;0;0;0;0;0;0;0;0;0;1;0;1;0;0;0;1;0;1;0;0;0;0;1;0;0;0;0;0;1;0;0;0;0;1;0;0;1;0;1;0;1;0;0;0;0;0;1;1;0;0;1;0;0;1;1;0;1;0;1;1;1;0;0;1;0;0;1;1;0;0;0;0;0;0,332916768757;0,318405043028;0,605795730413;0,321989350222;0,420484824933;0,473814770596;0;0;0;0
0;0;0;0;0;2;0;2;2;0;0;2;0;0;0;2;0;0;2;0;0;0;2;0;0;0;0;0;0;2;0;0;2;2;0;2;0;0;2;0;2;0;0;0;2;2;2;0;0;2;2;0;0;0;0;0;0;0;2;0;0;0;0;2;0;0;0;0;1;0;0;2;2;0;2;2;0;2;0;0;2;0;0;2;2;2;2;2;0;0;0;2;0;0;2;0;0;0;0;0;2;0;0;0;2;0;0;2;1;0;2;0;0;0;2;2;2;0;0;0;2;0;2;0;0;0;2;2;0;2;0;0;0;2;0;2;0;0;2;0;0;2;0;2;0;2;0;0;2;0;2;2;2;0;0;2;0;0;2;2;0;2;0;2;2;2;0;2;2;0;2;2;2;0;2;0;0;0;0,360680028074;0,386492167097;0,592894225076;0,39372294092;0,473204939052;0,480010530488;0;0;0;0
0;0;0;0;0;2;0;2;2;0;0;2;0;0;0;2;0;0;2;0;0;0;2;0;0;0;0;0;0;2;0;0;2;2;0;2;0;0;2;0;2;0;0;0;2;2;2;0;0;2;2;0;0;0;0;0;0;0;2;0;0;0;0;2;0;0;0;0;1;0;0;2;2;0;2;2;0;2;0;0;2;0;0;2;2;2;2;2;0;0;0;2;0;0;2;0;0;0;0;0;2;0;0;0;2;0;0;2;1;0;2;0;0;0;2;2;2;0;0;0;2;0;2;0;0;0;2;2;0;2;0;0;0;2;0;2;0;0;2;0;0;2;0;2;0;2;0;0;2;0;2;2;2;0;0;2;0;0;2;2;0;2;0;2;2;2;0;2;2;0;2;2;2;0;2;0;0;0;0,360680028074;0,386492167097;0,592894225076;0,39372294092;0,473204939052;0,480010530488;0;0;0;0
0;0;0;0;0;2;0;2;2;0;0;2;0;0;0;2;0;0;2;0;0;0;2;0;0;0;0;0;0;2;0;0;2;2;0;2;0;0;2;0;2;0;0;0;2;2;2;0;0;2;2;0;0;0;0;0;0;0;2;0;0;0;0;2;0;0;0;0;1;0;0;2;2;0;2;2;0;2;0;0;2;0;0;2;2;2;2;2;0;0;0;2;0;0;2;0;0;0;0;0;2;0;0;0;2;0;0;2;1;0;2;0;0;0;2;2;2;0;0;0;2;0;2;0;0;0;2;2;0;2;0;0;0;2;0;2;0;0;2;0;0;2;0;2;0;2;0;0;2;0;2;2;2;0;0;2;0;0;2;2;0;2;0;2;2;2;0;2;2;0;2;2;2;0;2;0;0;0;0,360680028074;0,386492167097;0,592894225076;0,39372294092;0,473204939052;0,480010530488;0;0;0;0
0;0;0;0;0;2;0;2;2;0;0;2;0;0;0;2;0;0;2;0;0;0;2;0;0;0;0;0;0;2;0;0;2;2;0;2;0;0;2;0;2;0;0;0;2;2;2;0;0;2;2;0;0;0;0;0;0;0;2;0;0;0;0;2;0;0;0;0;1;0;0;2;2;0;2;2;0;2;0;0;2;0;0;2;2;2;2;2;0;0;0;2;0;0;2;0;0;0;0;0;2;0;0;0;2;0;0;2;1;0;2;0;0;0;2;2;2;0;0;0;2;0;2;0;0;0;2;2;0;2;0;0;0;2;0;2;0;0;2;0;0;2;0;2;0;2;0;0;2;0;2;2;2;0;0;2;0;0;2;2;0;2;0;2;2;2;0;2;2;0;2;2;2;0;2;0;0;0;0,360680028074;0,386492167097;0,592894225076;0,39372294092;0,473204939052;0,480010530488;0;0;0;0
0;0;0;0;0;2;0;2;2;0;0;2;0;0;0;2;0;0;2;0;0;0;2;0;0;0;0;0;0;2;0;0;2;2;0;2;0;0;2;0;2;0;0;0;2;2;2;0;0;2;2;0;0;0;0;0;0;0;2;0;0;0;0;2;0;0;0;0;1;0;0;2;2;0;2;2;0;2;0;0;2;0;0;2;2;2;2;2;0;0;0;2;0;0;2;0;0;0;0;0;2;0;0;0;2;0;0;2;1;0;2;0;0;0;2;2;2;0;0;0;2;0;2;0;0;0;2;2;0;2;0;0;0;2;0;2;0;0;2;0;0;2;0;2;0;2;0;0;2;0;2;2;2;0;0;2;0;0;2;2;0;2;0;2;2;2;0;2;2;0;2;2;2;0;2;0;0;0;0,360680028074;0,386492167097;0,592894225076;0,39372294092;0,473204939052;0,480010530488;0;0;0;0
0;0;0;0;0;2;0;2;2;0;0;2;0;0;0;2;0;0;2;0;0;0;2;0;0;0;0;0;0;2;0;0;2;2;0;2;0;0;2;0;2;0;0;0;2;2;2;0;0;2;2;0;0;0;0;0;0;0;2;0;0;0;0;2;0;0;0;0;1;0;0;2;2;0;2;2;0;2;0;0;2;0;0;2;2;2;2;2;0;0;0;2;0;0;2;0;0;0;0;0;2;0;0;0;2;0;0;2;1;0;2;0;0;0;2;2;2;0;0;0;2;0;2;0;0;0;2;2;0;2;0;0;0;2;0;2;0;0;2;0;0;2;0;2;0;2;0;0;2;0;2;2;2;0;0;2;0;0;2;2;0;2;0;2;2;2;0;2;2;0;2;2;2;0;2;0;0;0;0,360680028074;0,386492167097;0,592894225076;0,39372294092;0,473204939052;0,480010530488;0;0;0;0
0;0;0;0;0;1;0;1;1;0;0;1;0;0;0;1;0;0;1;0;0;0;0;0;0;0;0;0;0;1;0;0;1;1;0;1;0;0;1;0;1;0;0;0;1;1;1;0;0;1;1;0;0;0;0;0;0;0;1;0;0;0;0;0;0;0;0;0;1;0;0;1;0;0;1;1;0;1;0;0;1;0;0;0;0;1;0;1;0;0;0;1;0;0;1;0;0;0;0;0;1;0;0;0;1;0;0;0;1;0;1;0;0;0;1;0;1;0;0;0;1;0;1;0;0;0;0;1;0;0;0;0;0;1;0;0;0;0;1;0;0;1;0;1;0;1;0;0;0;0;0;1;1;0;0;1;0;0;1;1;0;1;0;1;1;1;0;0;1;0;1;1;1;0;0;0;0;0;0,421370105929;0,411767038028;0,728700789418;0,414854376441;0,528710324839;0,487533128067;0;0;0;0
0;0;0;0;0;1;0;1;1;0;0;1;0;0;0;1;0;0;1;0;0;0;0;0;0;0;0;0;0;1;0;0;1;1;0;1;0;0;1;0;1;0;0;0;1;1;1;0;0;1;1;0;0;0;0;0;0;0;1;0;0;0;0;0;0;0;0;0;1;0;0;1;0;0;1;1;0;1;0;0;1;0;0;0;0;1;0;1;0;0;0;1;0;0;1;0;0;0;0;0;1;0;0;0;1;0;0;0;1;0;1;0;0;0;1;0;1;0;0;0;1;0;1;0;0;0;0;1;0;0;0;0;0;1;0;0;0;0;1;0;0;1;0;1;0;1;0;0;0;0;0;1;1;0;0;1;0;0;1;1;0;1;0;1;1;1;0;0;1;0;1;1;1;0;0;0;0;0;0,421370105929;0,411767038028;0,728700789418;0,414854376441;0,528710324839;0,487533128067;0;0;0;0
0;0;0;0;0;1;0;1;1;0;0;1;0;0;0;1;0;0;1;0;0;0;0;0;0;0;0;0;0;1;0;0;1;1;0;1;0;0;1;0;1;0;0;0;1;1;1;0;0;1;1;0;0;0;0;0;0;0;1;0;0;0;0;0;0;0;0;0;1;0;0;1;0;0;1;1;0;1;0;0;1;0;0;0;0;1;0;1;0;0;0;1;0;0;1;0;0;0;0;0;1;0;0;0;1;0;0;0;1;0;1;0;0;0;1;0;1;0;0;0;1;0;1;0;0;0;0;1;0;0;0;0;0;1;0;0;0;0;1;0;0;1;0;1;0;1;0;0;0;0;0;1;1;0;0;1;0;0;1;1;0;1;0;1;1;1;0;0;1;0;1;1;1;0;0;0;0;0;0,421370105929;0,411767038028;0,728700789418;0,414854376441;0,528710324839;0,487533128067;0;0;0;0
0;0;0;0;2;1;0;1;1;0;0;1;0;0;0;1;0;0;1;0;0;0;0;0;0;0;0;0;0;1;0;0;1;1;0;1;0;0;1;0;1;0;0;0;0;1;1;0;0;1;1;0;0;0;0;0;0;0;1;0;0;0;0;0;0;0;2;0;0;0;0;1;0;0;1;1;0;1;0;0;1;0;0;0;0;1;0;1;0;0;0;1;0;0;1;0;0;2;0;0;1;0;0;0;1;0;0;0;1;0;0;0;0;2;1;0;1;0;0;0;1;0;1;0;0;0;0;1;0;0;0;0;0;1;0;0;0;0;1;0;0;1;0;1;0;1;0;0;0;0;0;1;1;0;0;1;0;0;1;1;0;1;0;1;1;1;0;0;1;0;1;1;1;0;0;0;0;0;0,386934569575;0,388782690285;0,611130969194;0,395978205506;0,48057261435;0,494114367484;0;0;0;0
0;0;0;0;2;1;0;1;1;0;0;1;0;0;0;0;0;0;1;0;0;0;0;0;0;0;0;0;0;1;0;0;1;1;0;1;0;0;1;0;1;0;0;0;0;1;1;0;0;1;1;0;0;0;0;0;0;0;1;0;0;0;0;0;0;0;2;0;0;0;0;1;0;0;1;1;0;1;0;0;1;0;0;0;0;1;0;1;0;0;0;1;0;0;1;0;0;2;0;0;1;0;0;0;1;0;0;0;1;0;0;0;0;2;1;0;1;0;0;0;1;0;1;0;0;0;0;1;0;0;0;0;0;1;0;0;0;0;1;0;0;1;0;1;0;1;0;0;0;0;0;1;1;0;0;1;0;0;1;1;0;1;0;1;1;1;0;0;1;0;1;1;1;0;0;0;0;0;0,394168539618;0,396263655841;0,626878710302;0,403371837584;0,490881014984;0,497002345618;0;0;0;0
0;0;0;0;2;1;0;1;1;0;0;1;0;0;0;0;0;0;1;0;0;0;0;0;0;0;0;0;0;1;0;0;1;1;0;1;0;0;1;0;1;0;0;0;0;1;1;0;0;1;1;0;0;0;0;0;0;0;1;0;0;0;0;0;0;0;2;0;0;0;0;1;0;0;1;1;0;1;0;0;1;0;0;0;0;1;0;1;0;0;0;1;0;0;1;0;0;2;0;0;1;0;0;0;1;0;0;0;1;0;0;0;0;2;1;0;1;0;0;0;1;0;1;0;0;0;0;1;0;0;0;0;0;1;0;0;0;0;1;0;0;1;0;1;0;1;0;0;0;0;0;1;1;0;0;1;0;0;1;1;0;1;0;1;1;1;0;0;1;0;1;1;1;0;0;0;0;0;0,394168539618;0,396263655841;0,626878710302;0,403371837584;0,490881014984;0,497002345618;0;0;0;0
0;0;0;0;2;1;0;1;1;0;0;1;0;0;0;0;0;0;1;0;0;0;0;0;0;0;0;0;0;1;0;0;1;1;0;1;0;0;1;0;1;0;0;0;0;1;1;0;0;1;1;0;0;0;0;0;0;0;1;0;0;0;0;0;0;0;2;0;0;0;0;1;0;0;1;1;0;1;0;0;1;0;0;0;0;1;0;1;0;0;0;1;0;0;1;0;0;2;0;0;1;0;0;0;1;0;0;0;1;0;0;0;0;2;1;0;1;0;0;0;1;0;1;0;0;0;0;1;0;0;0;0;0;1;0;0;0;0;1;0;0;1;0;1;0;1;0;0;0;0;0;1;1;0;0;1;0;0;1;1;0;1;0;1;1;1;0;0;1;0;1;1;1;0;0;0;0;0;0,394168539618;0,396263655841;0,626878710302;0,403371837584;0,490881014984;0,497002345618;0;0;0;0
0;0;0;0;2;1;0;1;1;0;0;1;0;0;0;1;0;0;1;0;0;0;0;0;0;0;0;0;0;1;0;0;1;1;0;1;0;0;1;0;1;0;0;0;0;1;1;0;0;1;1;0;0;0;0;0;0;0;1;0;0;0;0;0;0;0;0;0;0;0;0;1;0;0;1;1;0;1;0;0;1;0;0;0;0;1;0;1;0;0;0;1;0;0;1;0;0;2;0;0;1;0;0;0;1;0;0;0;1;0;0;0;0;2;1;0;1;0;0;0;1;0;1;0;0;0;0;1;0;0;0;0;0;1;0;0;0;0;1;0;0;1;0;1;0;1;0;0;0;0;0;1;1;0;0;1;0;0;1;1;0;1;0;1;1;1;0;0;1;0;1;1;1;0;0;0;0;0;0,38799026945;0,384559535354;0,622496243297;0,391882613322;0,480975038102;0,500396432825;0;0;0;0
0;0;0;0;2;1;0;1;1;0;0;1;0;0;0;1;0;0;1;0;0;0;0;0;0;0;0;0;0;1;0;0;1;1;0;1;0;0;1;0;1;0;0;0;0;1;1;0;0;1;1;0;0;0;0;0;0;0;1;0;0;0;0;0;0;0;0;0;0;0;0;1;0;0;1;1;0;1;0;0;1;0;0;0;0;1;0;1;0;0;0;1;0;0;1;0;0;2;0;0;1;0;0;0;1;0;0;0;1;0;0;0;0;2;1;0;1;0;0;0;1;0;1;0;0;0;0;1;0;0;0;0;0;1;0;0;0;0;1;0;0;1;0;1;0;1;0;0;0;0;0;1;1;0;0;1;0;0;1;1;0;1;0;1;1;1;0;0;1;0;1;1;1;0;0;0;0;0;0,38799026945;0,384559535354;0,622496243297;0,391882613322;0,480975038102;0,500396432825;0;0;0;0
0;0;0;0;2;1;0;1;1;0;0;1;0;0;0;1;0;0;1;0;0;0;0;0;0;0;0;0;0;1;0;0;1;1;0;1;0;0;1;0;1;0;0;0;0;1;1;0;0;1;1;0;0;0;0;0;0;0;1;0;0;0;0;0;0;0;0;0;0;0;0;1;0;0;1;1;0;1;0;0;1;0;0;0;0;1;0;1;0;0;0;1;0;0;1;0;0;2;0;0;1;0;0;0;1;0;0;0;1;0;0;0;0;2;1;0;1;0;0;0;1;0;1;0;0;0;0;1;0;0;0;0;0;1;0;0;0;0;1;0;0;1;0;1;0;1;0;0;0;0;0;1;1;0;0;1;0;0;1;1;0;1;0;1;1;1;0;0;1;0;1;1;1;0;0;0;0;0;0,38799026945;0,384559535354;0,622496243297;0,391882613322;0,480975038102;0,500396432825;0;0;0;0
0;0;0;0;2;1;0;1;1;0;0;1;0;0;0;1;0;0;1;0;0;0;0;0;0;0;0;0;0;1;0;0;1;1;0;1;0;0;1;0;1;0;0;0;0;1;1;0;0;1;1;0;0;0;0;0;0;0;1;0;0;0;0;0;0;0;0;0;0;0;0;1;0;0;1;1;0;1;0;0;1;0;0;0;0;1;0;1;0;0;0;1;0;0;1;0;0;2;0;0;1;0;0;0;1;0;0;0;1;0;0;0;0;2;1;0;1;0;0;0;1;0;1;0;0;0;0;1;0;0;0;0;0;1;0;0;0;0;1;0;0;1;0;1;0;1;0;0;0;0;0;1;1;0;0;1;0;0;1;1;0;1;0;1;1;1;0;0;1;0;1;1;1;0;0;0;0;0;0,38799026945;0,384559535354;0,622496243297;0,391882613322;0,480975038102;0,500396432825;0;0;0;0
0;0;0;0;2;1;0;1;1;0;0;1;0;0;0;1;0;0;1;0;0;0;0;0;0;0;0;0;0;1;0;0;1;1;0;1;0;0;1;0;1;0;0;0;0;1;1;0;0;1;1;0;0;0;0;0;0;0;1;0;0;0;0;0;0;0;0;0;0;0;0;1;0;0;1;1;0;1;0;0;1;0;0;0;0;1;0;1;0;0;0;1;0;0;1;0;0;2;0;0;1;0;0;0;1;0;0;0;1;0;0;0;0;2;1;0;1;0;0;0;1;0;1;0;0;0;0;1;0;0;0;0;0;1;0;0;0;0;1;0;0;1;0;1;0;1;0;0;0;0;0;1;1;0;0;1;0;0;1;1;0;1;0;1;1;1;0;0;1;0;1;1;1;0;0;0;0;0;0,38799026945;0,384559535354;0,622496243297;0,391882613322;0,480975038102;0,500396432825;0;0;0;0
0;0;0;0;2;1;0;1;1;0;0;1;0;0;0;1;0;0;1;0;0;0;0;0;0;0;0;0;0;1;0;0;1;1;0;1;0;0;1;0;1;0;0;0;0;1;1;0;0;1;1;0;0;0;0;0;0;0;1;0;0;0;0;0;0;0;0;0;0;0;0;1;0;0;1;1;0;1;0;0;1;0;0;0;0;1;0;1;0;0;0;1;0;0;1;0;0;2;0;0;1;0;0;0;1;0;0;0;1;0;0;0;0;2;1;0;1;0;0;0;1;0;1;0;0;0;0;1;0;0;0;0;0;1;0;0;0;0;1;0;0;1;0;1;0;1;0;0;0;0;0;1;1;0;0;1;0;0;1;1;0;1;0;1;1;1;0;0;1;0;1;1;1;0;0;0;0;0;0,38799026945;0,384559535354;0,622496243297;0,391882613322;0,480975038102;0,500396432825;0;0;0;0
