10;40;30;db;Minkowski_2;2;4
1;1;2;1;1;1;1;1;1;1;2;1;1;2;1;2;1;1;1;2;1;1;1;2;2;1;2;2;1;1;2;2;1;1;1;2;1;1;0;2;1;1;1;2;1;2;1;2;1;1;1;1;1;2;1;1;2;1;2;2;1;1;1;1;2;2;1;2;2;2;1;1;1;1;2;1;1;2;2;1;2;2;2;1;1;1;2;1;1;1;1;1;1;2;2;1;1;2;1;1;2;2;1;1;1;1;2;1;1;2;2;2;1;1;2;2;1;2;2;1;1;2;1;2;1;1;2;1;1;1;2;1;2;2;1;1;2;2;2;1;1;2;1;1;0;1;2;1;1;1;1;1;2;1;1;1;2;1;2;2;2;1;1;2;2;2;1;2;2;2;2;2;2;1;1;1;1;1;0,47170578154;0,428643514047;0,651168646483;0,435376957613;0,521844316759;0,422330996477;0;0;0;0
1;1;4;4;4;4;1;4;1;4;0;4;4;0;4;1;4;4;1;4;1;2;4;0;0;1;0;0;1;4;0;0;1;3;4;4;4;1;0;0;4;1;1;0;4;0;4;0;2;4;1;4;1;0;4;1;0;4;0;0;1;4;1;1;3;0;4;0;0;0;1;1;4;1;1;4;4;0;0;1;0;0;0;4;3;4;0;4;1;1;4;4;1;0;0;4;1;0;1;3;0;0;1;1;1;4;0;4;1;0;0;0;4;1;0;0;4;0;0;4;1;0;1;0;4;4;3;4;4;4;0;4;0;1;0;4;0;0;0;3;1;4;4;1;4;1;0;1;4;1;4;2;0;1;4;4;0;1;0;0;1;4;1;0;4;0;1;0;4;0;0;0;0;4;1;4;1;1;0,602619112108;0,526145594346;0,535583532733;0,627453303964;0,577889962826;0,443621012114;0;0;0;0
1;1;1;1;1;1;1;1;1;1;0;1;1;0;1;0;1;1;1;1;1;1;1;0;0;0;1;0;1;1;1;1;1;1;1;0;1;1;1;0;1;1;1;0;1;0;1;1;2;1;1;1;1;0;1;1;0;1;0;0;2;1;1;1;1;0;1;0;1;0;1;1;1;1;1;1;1;0;1;1;0;0;0;1;1;1;1;1;1;2;1;1;1;1;1;1;0;0;1;1;0;1;1;2;1;1;1;1;1;0;1;1;1;1;0;0;1;0;1;1;1;0;1;0;1;1;1;1;1;1;0;1;0;1;1;1;0;0;0;1;1;1;1;1;1;1;0;1;1;1;1;1;1;1;1;1;0;1;1;1;0;1;1;0;1;0;1;1;1;0;0;1;1;1;1;1;1;1;0,272379260099;0,292906401195;0,500165803999;0,301240317276;0,376014361476;0,449993795798;0;0;0;0
3;3;3;3;3;3;3;3;3;3;4;3;3;4;3;4;3;3;3;4;3;3;3;4;4;3;3;4;3;3;4;4;3;3;3;4;1;3;2;4;3;3;3;4;3;4;3;3;3;3;3;3;3;4;3;3;4;3;4;4;3;3;3;3;3;4;3;4;4;4;3;3;3;3;3;3;3;4;4;3;4;4;4;3;3;3;4;3;3;3;3;3;3;4;4;3;3;4;3;3;4;1;3;3;3;3;3;3;3;4;4;4;3;3;4;4;3;4;3;3;3;4;3;4;3;3;0;3;3;3;4;3;4;3;3;3;4;4;4;3;3;3;3;3;2;3;4;3;3;3;3;3;4;3;3;3;4;3;4;4;4;3;3;4;4;4;3;4;4;4;4;4;4;3;3;3;3;0;0,474662013233;0,46700256058;0,647307475438;0,480266795991;0,55141429727;0,467741617354;0;0;0;0
3;3;3;3;3;3;3;3;3;3;4;3;3;4;3;4;3;3;3;4;3;3;3;4;4;3;3;4;3;3;4;4;3;3;3;4;1;3;2;4;3;3;3;4;3;4;3;3;3;3;3;3;3;4;3;3;4;3;4;4;3;3;3;3;3;4;3;4;4;4;3;3;3;3;3;3;3;4;4;3;4;4;4;3;3;3;4;3;3;3;3;3;3;4;4;3;3;4;3;3;4;1;3;3;3;3;3;3;3;4;4;4;3;3;4;4;3;4;3;3;3;4;3;4;3;3;0;3;3;3;4;3;4;3;3;3;4;4;4;3;3;3;3;3;2;3;4;3;3;3;3;3;4;3;3;3;4;3;4;4;4;3;3;4;4;4;3;4;4;4;4;4;4;3;3;3;3;0;0,474662013233;0,46700256058;0,647307475438;0,480266795991;0,55141429727;0,467741617354;0;0;0;0
3;3;3;3;3;3;3;3;3;3;4;3;3;4;3;4;3;3;3;4;3;3;3;4;4;3;3;4;3;3;4;4;3;3;3;4;1;3;2;4;3;3;3;4;3;4;3;3;3;3;3;3;3;4;3;3;4;3;4;4;3;3;3;3;3;4;3;4;4;4;3;3;3;3;3;3;3;4;4;3;4;4;4;3;3;3;4;3;3;3;3;3;3;4;4;3;3;4;3;3;4;1;3;3;3;3;3;3;3;4;4;4;3;3;4;4;3;4;3;3;3;4;3;4;3;3;0;3;3;3;4;3;4;3;3;3;4;4;4;3;3;3;3;3;2;3;4;3;3;3;3;3;4;3;3;3;4;3;4;4;4;3;3;4;4;4;3;4;4;4;4;4;4;3;3;3;3;0;0,474662013233;0,46700256058;0,647307475438;0,480266795991;0,55141429727;0,467741617354;0;0;0;0
1;1;1;1;1;1;1;1;1;1;1;1;1;0;1;0;1;1;1;1;1;1;1;0;0;0;1;0;1;1;1;1;1;1;1;0;1;1;1;0;1;1;1;0;1;0;1;1;2;1;1;1;1;1;1;1;0;1;0;0;1;1;1;1;1;0;1;1;1;0;1;1;1;1;1;1;1;0;1;1;0;0;0;1;1;1;1;1;1;2;1;1;1;1;1;1;1;0;1;1;1;1;1;1;1;1;1;1;1;0;1;1;1;1;1;0;1;0;1;1;1;0;1;0;1;1;1;1;1;1;1;1;0;1;1;1;0;0;0;1;1;1;1;1;1;1;0;1;1;1;1;1;1;1;1;1;0;1;1;1;0;1;1;0;1;0;1;1;1;0;0;1;1;1;1;1;1;1;0,194737412093;0,234792569141;0,470754362825;0,243844594055;0,321273646981;0,498925187633;0;0;0;0
1;1;1;1;1;1;1;1;1;1;1;1;1;0;1;0;1;1;1;1;1;1;1;0;0;0;1;0;1;1;1;1;1;1;1;0;1;1;1;0;1;1;1;0;1;0;1;1;2;1;1;1;1;1;1;1;0;1;0;0;1;1;1;1;1;0;1;1;1;0;1;1;1;1;1;1;1;0;1;1;0;0;0;1;1;1;1;1;1;2;1;1;1;1;1;1;1;0;1;1;1;1;1;1;1;1;1;1;1;0;1;1;1;1;1;0;1;0;1;1;1;0;1;0;1;1;1;1;1;1;1;1;0;1;1;1;0;0;0;1;1;1;1;1;1;1;0;1;1;1;1;1;1;1;1;1;0;1;1;1;0;1;1;0;1;0;1;1;1;0;0;1;1;1;1;1;1;1;0,194737412093;0,234792569141;0,470754362825;0,243844594055;0,321273646981;0,498925187633;0;0;0;0
0;0;0;0;0;0;0;0;0;0;0;0;0;0;0;0;0;0;1;0;0;1;0;0;0;0;0;0;0;0;0;0;0;0;0;0;0;0;0;0;0;0;0;0;0;0;0;0;1;0;0;0;0;0;0;0;0;0;0;0;0;0;0;0;0;0;0;0;0;0;0;0;0;1;1;0;0;0;0;0;0;0;0;0;0;0;0;0;1;1;0;0;0;0;0;0;0;0;0;0;0;0;0;0;0;0;0;0;0;0;0;0;0;0;0;0;0;0;0;0;0;0;0;0;0;0;0;0;0;0;0;0;0;0;0;0;0;0;0;0;0;0;0;0;0;0;0;0;0;0;0;1;0;0;0;0;0;0;0;0;0;0;0;0;0;0;0;0;0;0;0;0;0;0;0;0;0;0;0,0279599184817;0,0513635063611;0,337332946232;0,056949932687;0,097448251538;0,555934993584;0;0;0;0
0;0;0;0;0;0;0;0;0;0;0;0;0;0;0;0;0;0;1;0;0;1;0;0;0;0;0;0;0;0;0;0;0;0;0;0;0;0;0;0;0;0;0;0;0;0;0;0;1;0;0;0;0;0;0;0;0;0;0;0;0;0;0;0;0;0;0;0;0;0;0;0;0;1;1;0;0;0;0;0;0;0;0;0;0;0;0;0;1;1;0;0;0;0;0;0;0;0;0;0;0;0;0;0;0;0;0;0;0;0;0;0;0;0;0;0;0;0;0;0;0;0;0;0;0;0;0;0;0;0;0;0;0;0;0;0;0;0;0;0;0;0;0;0;0;0;0;0;0;0;0;1;0;0;0;0;0;0;0;0;0;0;0;0;0;0;0;0;0;0;0;0;0;0;0;0;0;0;0,0279599184817;0,0513635063611;0,337332946232;0,056949932687;0,097448251538;0,555934993584;0;0;0;0
0;0;0;0;0;0;0;0;0;0;0;0;0;0;0;0;0;0;1;0;0;1;0;0;0;0;0;0;0;0;0;0;0;0;0;0;0;0;0;0;0;0;0;0;0;0;0;0;1;0;0;0;0;0;0;0;0;0;0;0;0;0;0;0;0;0;0;0;0;0;0;0;0;1;1;0;0;0;0;0;0;0;0;0;0;0;0;0;1;1;0;0;0;0;0;0;0;0;0;0;0;0;0;0;0;0;0;0;0;0;0;0;0;0;0;0;0;0;0;0;0;0;0;0;0;0;0;0;0;0;0;0;0;0;0;0;0;0;0;0;0;0;0;0;0;0;0;0;0;0;0;1;0;0;0;0;0;0;0;0;0;0;0;0;0;0;0;0;0;0;0;0;0;0;0;0;0;0;0,0279599184817;0,0513635063611;0,337332946232;0,056949932687;0,097448251538;0,555934993584;0;0;0;0
0;0;0;0;0;0;0;0;0;0;0;0;0;0;0;0;0;0;1;0;0;1;0;0;0;0;0;0;0;0;0;0;0;0;0;0;0;0;0;0;0;0;0;0;0;0;0;0;1;0;0;0;0;0;0;0;0;0;0;0;0;0;0;0;0;0;0;0;0;0;0;0;0;1;1;0;0;0;0;0;0;0;0;0;0;0;0;0;1;1;0;0;0;0;0;0;0;0;0;0;0;0;0;0;0;0;0;0;0;0;0;0;0;0;0;0;0;0;0;0;0;0;0;0;0;0;0;0;0;0;0;0;0;0;0;0;0;0;0;0;0;0;0;0;0;0;0;0;0;0;0;1;0;0;0;0;0;0;0;0;0;0;0;0;0;0;0;0;0;0;0;0;0;0;0;0;0;0;0,0279599184817;0,0513635063611;0,337332946232;0,056949932687;0,097448251538;0,555934993584;0;0;0;0
0;0;0;0;0;0;0;0;0;0;0;0;0;0;0;0;0;0;1;0;0;1;0;0;0;0;0;0;0;0;0;0;0;0;0;0;0;0;0;0;0;0;0;0;0;0;0;0;1;0;0;0;0;0;0;0;0;0;0;0;0;0;0;0;0;0;0;0;0;0;0;0;0;0;1;0;0;0;0;0;0;0;0;0;0;0;0;0;0;1;0;0;0;0;0;0;0;0;0;0;0;0;0;0;0;0;0;0;0;0;0;0;0;0;0;0;0;0;0;0;0;0;0;0;0;0;0;0;0;0;0;0;0;0;0;0;0;0;0;0;0;0;0;0;0;0;0;0;0;0;0;1;0;0;0;0;0;0;0;0;0;0;0;0;0;0;0;0;0;0;0;0;0;0;0;0;0;0;0,0191751364204;0,0362314343868;0,310730211686;0,042174192417;0,0742682470667;0,583537019812;0;0;0;0
0;0;0;0;0;0;0;0;0;0;0;0;0;0;0;0;0;0;1;0;0;1;0;0;0;0;0;0;0;0;0;0;0;0;0;0;0;0;0;0;0;0;0;0;0;0;0;0;1;0;0;0;0;0;0;0;0;0;0;0;0;0;0;0;0;0;0;0;0;0;0;0;0;0;1;0;0;0;0;0;0;0;0;0;0;0;0;0;0;1;0;0;0;0;0;0;0;0;0;0;0;0;0;0;0;0;0;0;0;0;0;0;0;0;0;0;0;0;0;0;0;0;0;0;0;0;0;0;0;0;0;0;0;0;0;0;0;0;0;0;0;0;0;0;0;0;0;0;0;0;0;1;0;0;0;0;0;0;0;0;0;0;0;0;0;0;0;0;0;0;0;0;0;0;0;0;0;0;0,0191751364204;0,0362314343868;0,310730211686;0,042174192417;0,0742682470667;0,583537019812;0;0;0;0
0;0;0;0;0;0;0;0;0;0;0;0;0;0;0;0;0;0;1;0;0;1;0;0;0;0;0;0;0;0;0;0;0;0;0;0;0;0;0;0;0;0;0;0;0;0;0;0;1;0;0;0;0;0;0;0;0;0;0;0;0;0;0;0;0;0;0;0;0;0;0;0;0;0;0;0;0;0;0;0;0;0;0;0;0;0;0;0;0;1;0;0;0;0;0;0;0;0;0;0;0;0;0;0;0;0;0;0;0;0;0;0;0;0;0;0;0;0;0;0;0;0;0;0;0;0;0;0;0;0;0;0;0;0;0;0;0;0;0;0;0;0;0;0;0;0;0;0;0;0;0;1;0;0;0;0;0;0;0;0;0;0;0;0;0;0;0;0;0;0;0;0;0;0;0;0;0;0;0,0152417356933;0,0287692252324;0,296258653901;0,034927388148;0,0624877844066;0,602135151897;0;0;0;0
0;0;0;0;0;0;0;0;0;0;0;0;0;0;0;0;0;0;1;0;0;1;0;0;0;0;0;0;0;0;0;0;0;0;0;0;0;0;0;0;0;0;0;0;0;0;0;0;1;0;0;0;0;0;0;0;0;0;0;0;0;0;0;0;0;0;0;0;0;0;0;0;0;0;0;0;0;0;0;0;0;0;0;0;0;0;0;0;0;1;0;0;0;0;0;0;0;0;0;0;0;0;0;0;0;0;0;0;0;0;0;0;0;0;0;0;0;0;0;0;0;0;0;0;0;0;0;0;0;0;0;0;0;0;0;0;0;0;0;0;0;0;0;0;0;0;0;0;0;0;0;1;0;0;0;0;0;0;0;0;0;0;0;0;0;0;0;0;0;0;0;0;0;0;0;0;0;0;0,0152417356933;0,0287692252324;0,296258653901;0,034927388148;0,0624877844066;0,602135151897;0;0;0;0
0;0;0;0;0;0;0;0;0;0;0;0;0;0;0;0;0;0;1;0;0;1;0;0;0;0;0;0;0;0;0;0;0;0;0;0;0;0;0;0;0;0;0;0;0;0;0;0;1;0;0;0;0;0;0;0;0;0;0;0;0;0;0;0;0;0;0;0;0;0;0;0;0;0;0;0;0;0;0;0;0;0;0;0;0;0;0;0;0;1;0;0;0;0;0;0;0;0;0;0;0;0;0;0;0;0;0;0;0;0;0;0;0;0;0;0;0;0;0;0;0;0;0;0;0;0;0;0;0;0;0;0;0;0;0;0;0;0;0;0;0;0;0;0;0;0;0;0;0;0;0;1;0;0;0;0;0;0;0;0;0;0;0;0;0;0;0;0;0;0;0;0;0;0;0;0;0;0;0,0152417356933;0,0287692252324;0,296258653901;0,034927388148;0,0624877844066;0,602135151897;0;0;0;0
0;0;0;0;0;0;0;0;0;0;0;0;0;0;0;0;0;0;1;0;0;1;0;0;0;0;0;0;0;0;0;0;0;0;0;0;0;0;0;0;0;0;0;0;0;0;0;0;1;0;0;0;0;0;0;0;0;0;0;0;0;0;0;0;0;0;0;0;0;0;0;0;0;0;0;0;0;0;0;0;0;0;0;0;0;0;0;0;0;1;0;0;0;0;0;0;0;0;0;0;0;0;0;0;0;0;0;0;0;0;0;0;0;0;0;0;0;0;0;0;0;0;0;0;0;0;0;0;0;0;0;0;0;0;0;0;0;0;0;0;0;0;0;0;0;0;0;0;0;0;0;1;0;0;0;0;0;0;0;0;0;0;0;0;0;0;0;0;0;0;0;0;0;0;0;0;0;0;0,0152417356933;0,0287692252324;0,296258653901;0,034927388148;0,0624877844066;0,602135151897;0;0;0;0
0;0;0;0;0;0;0;0;0;0;0;0;0;0;0;0;0;0;1;0;0;1;0;0;0;0;0;0;0;0;0;0;0;0;0;0;0;0;0;0;0;0;0;0;0;0;0;0;1;0;0;0;0;0;0;0;0;0;0;0;0;0;0;0;0;0;0;0;0;0;0;0;0;0;0;0;0;0;0;0;0;0;0;0;0;0;0;0;0;1;0;0;0;0;0;0;0;0;0;0;0;0;0;0;0;0;0;0;0;0;0;0;0;0;0;0;0;0;0;0;0;0;0;0;0;0;0;0;0;0;0;0;0;0;0;0;0;0;0;0;0;0;0;0;0;0;0;0;0;0;0;1;0;0;0;0;0;0;0;0;0;0;0;0;0;0;0;0;0;0;0;0;0;0;0;0;0;0;0,0152417356933;0,0287692252324;0,296258653901;0,034927388148;0,0624877844066;0,602135151897;0;0;0;0
0;0;0;0;0;0;0;0;0;0;0;0;0;0;0;0;0;0;1;0;0;1;0;0;0;0;0;0;0;0;0;0;0;0;0;0;0;0;0;0;0;0;0;0;0;0;0;0;1;0;0;0;0;0;0;0;0;0;0;0;0;0;0;0;0;0;0;0;0;0;0;0;0;0;0;0;0;0;0;0;0;0;0;0;0;0;0;0;0;1;0;0;0;0;0;0;0;0;0;0;0;0;0;0;0;0;0;0;0;0;0;0;0;0;0;0;0;0;0;0;0;0;0;0;0;0;0;0;0;0;0;0;0;0;0;0;0;0;0;0;0;0;0;0;0;0;0;0;0;0;0;1;0;0;0;0;0;0;0;0;0;0;0;0;0;0;0;0;0;0;0;0;0;0;0;0;0;0;0,0152417356933;0,0287692252324;0,296258653901;0,034927388148;0,0624877844066;0,602135151897;0;0;0;0
0;0;0;0;0;0;0;0;0;0;0;0;0;0;0;0;0;0;1;0;0;1;0;0;0;0;0;0;0;0;0;0;0;0;0;0;0;0;0;0;0;0;0;0;0;0;0;0;1;0;0;0;0;0;0;0;0;0;0;0;0;0;0;0;0;0;0;0;0;0;0;0;0;0;0;0;0;0;0;0;0;0;0;0;0;0;0;0;0;1;0;0;0;0;0;0;0;0;0;0;0;0;0;0;0;0;0;0;0;0;0;0;0;0;0;0;0;0;0;0;0;0;0;0;0;0;0;0;0;0;0;0;0;0;0;0;0;0;0;0;0;0;0;0;0;0;0;0;0;0;0;1;0;0;0;0;0;0;0;0;0;0;0;0;0;0;0;0;0;0;0;0;0;0;0;0;0;0;0,0152417356933;0,0287692252324;0,296258653901;0,034927388148;0,0624877844066;0,602135151897;0;0;0;0
0;0;0;0;0;0;0;0;0;0;0;0;0;0;0;0;0;0;1;0;0;1;0;0;0;0;0;0;0;0;0;0;0;0;0;0;0;0;0;0;0;0;0;0;0;0;0;0;1;0;0;0;0;0;0;0;0;0;0;0;0;0;0;0;0;0;0;0;0;0;0;0;0;0;0;0;0;0;0;0;0;0;0;0;0;0;0;0;0;1;0;0;0;0;0;0;0;0;0;0;0;0;0;0;0;0;0;0;0;0;0;0;0;0;0;0;0;0;0;0;0;0;0;0;0;0;0;0;0;0;0;0;0;0;0;0;0;0;0;0;0;0;0;0;0;0;0;0;0;0;0;1;0;0;0;0;0;0;0;0;0;0;0;0;0;0;0;0;0;0;0;0;0;0;0;0;0;0;0,0152417356933;0,0287692252324;0,296258653901;0,034927388148;0,0624877844066;0,602135151897;0;0;0;0
0;0;0;0;0;0;0;0;0;0;0;0;0;0;0;0;0;0;1;0;0;1;0;0;0;0;0;0;0;0;0;0;0;0;0;0;0;0;0;0;0;0;0;0;0;0;0;0;1;0;0;0;0;0;0;0;0;0;0;0;0;0;0;0;0;0;0;0;0;0;0;0;0;0;0;0;0;0;0;0;0;0;0;0;0;0;0;0;0;1;0;0;0;0;0;0;0;0;0;0;0;0;0;0;0;0;0;0;0;0;0;0;0;0;0;0;0;0;0;0;0;0;0;0;0;0;0;0;0;0;0;0;0;0;0;0;0;0;0;0;0;0;0;0;0;0;0;0;0;0;0;1;0;0;0;0;0;0;0;0;0;0;0;0;0;0;0;0;0;0;0;0;0;0;0;0;0;0;0,0152417356933;0,0287692252324;0,296258653901;0,034927388148;0,0624877844066;0,602135151897;0;0;0;0
0;0;0;0;0;0;0;0;0;0;0;0;0;0;0;0;0;0;1;0;0;1;0;0;0;0;0;0;0;0;0;0;0;0;0;0;0;0;0;0;0;0;0;0;0;0;0;0;1;0;0;0;0;0;0;0;0;0;0;0;0;0;0;0;0;0;0;0;0;0;0;0;0;0;0;0;0;0;0;0;0;0;0;0;0;0;0;0;0;1;0;0;0;0;0;0;0;0;0;0;0;0;0;0;0;0;0;0;0;0;0;0;0;0;0;0;0;0;0;0;0;0;0;0;0;0;0;0;0;0;0;0;0;0;0;0;0;0;0;0;0;0;0;0;0;0;0;0;0;0;0;1;0;0;0;0;0;0;0;0;0;0;0;0;0;0;0;0;0;0;0;0;0;0;0;0;0;0;0,0152417356933;0,0287692252324;0,296258653901;0,034927388148;0,0624877844066;0,602135151897;0;0;0;0
0;0;0;0;0;0;0;0;0;0;0;0;0;0;0;0;0;0;1;0;0;1;0;0;0;0;0;0;0;0;0;0;0;0;0;0;0;0;0;0;0;0;0;0;0;0;0;0;1;0;0;0;0;0;0;0;0;0;0;0;0;0;0;0;0;0;0;0;0;0;0;0;0;0;0;0;0;0;0;0;0;0;0;0;0;0;0;0;0;1;0;0;0;0;0;0;0;0;0;0;0;0;0;0;0;0;0;0;0;0;0;0;0;0;0;0;0;0;0;0;0;0;0;0;0;0;0;0;0;0;0;0;0;0;0;0;0;0;0;0;0;0;0;0;0;0;0;0;0;0;0;1;0;0;0;0;0;0;0;0;0;0;0;0;0;0;0;0;0;0;0;0;0;0;0;0;0;0;0,0152417356933;0,0287692252324;0,296258653901;0,034927388148;0,0624877844066;0,602135151897;0;0;0;0
0;0;0;0;0;0;0;0;0;0;0;0;0;0;0;0;0;0;1;0;0;1;0;0;0;0;0;0;0;0;0;0;0;0;0;0;0;0;0;0;0;0;0;0;0;0;0;0;1;0;0;0;0;0;0;0;0;0;0;0;0;0;0;0;0;0;0;0;0;0;0;0;0;0;0;0;0;0;0;0;0;0;0;0;0;0;0;0;0;1;0;0;0;0;0;0;0;0;0;0;0;0;0;0;0;0;0;0;0;0;0;0;0;0;0;0;0;0;0;0;0;0;0;0;0;0;0;0;0;0;0;0;0;0;0;0;0;0;0;0;0;0;0;0;0;0;0;0;0;0;0;1;0;0;0;0;0;0;0;0;0;0;0;0;0;0;0;0;0;0;0;0;0;0;0;0;0;0;0,0152417356933;0,0287692252324;0,296258653901;0,034927388148;0,0624877844066;0,602135151897;0;0;0;0
0;0;0;0;0;0;0;0;0;0;0;0;0;0;0;0;0;0;1;0;0;1;0;0;0;0;0;0;0;0;0;0;0;0;0;0;0;0;0;0;0;0;0;0;0;0;0;0;1;0;0;0;0;0;0;0;0;0;0;0;0;0;0;0;0;0;0;0;0;0;0;0;0;0;0;0;0;0;0;0;0;0;0;0;0;0;0;0;0;1;0;0;0;0;0;0;0;0;0;0;0;0;0;0;0;0;0;0;0;0;0;0;0;0;0;0;0;0;0;0;0;0;0;0;0;0;0;0;0;0;0;0;0;0;0;0;0;0;0;0;0;0;0;0;0;0;0;0;0;0;0;1;0;0;0;0;0;0;0;0;0;0;0;0;0;0;0;0;0;0;0;0;0;0;0;0;0;0;0,0152417356933;0,0287692252324;0,296258653901;0,034927388148;0,0624877844066;0,602135151897;0;0;0;0
0;0;0;0;0;0;0;0;0;0;0;0;0;0;0;0;0;0;1;0;0;1;0;0;0;0;0;0;0;0;0;0;0;0;0;0;0;0;0;0;0;0;0;0;0;0;0;0;1;0;0;0;0;0;0;0;0;0;0;0;0;0;0;0;0;0;0;0;0;0;0;0;0;0;0;0;0;0;0;0;0;0;0;0;0;0;0;0;0;1;0;0;0;0;0;0;0;0;0;0;0;0;0;0;0;0;0;0;0;0;0;0;0;0;0;0;0;0;0;0;0;0;0;0;0;0;0;0;0;0;0;0;0;0;0;0;0;0;0;0;0;0;0;0;0;0;0;0;0;0;0;1;0;0;0;0;0;0;0;0;0;0;0;0;0;0;0;0;0;0;0;0;0;0;0;0;0;0;0,0152417356933;0,0287692252324;0,296258653901;0,034927388148;0,0624877844066;0,602135151897;0;0;0;0
0;0;0;0;0;0;0;0;0;0;0;0;0;0;0;0;0;0;1;0;0;1;0;0;0;0;0;0;0;0;0;0;0;0;0;0;0;0;0;0;0;0;0;0;0;0;0;0;1;0;0;0;0;0;0;0;0;0;0;0;0;0;0;0;0;0;0;0;0;0;0;0;0;0;0;0;0;0;0;0;0;0;0;0;0;0;0;0;0;1;0;0;0;0;0;0;0;0;0;0;0;0;0;0;0;0;0;0;0;0;0;0;0;0;0;0;0;0;0;0;0;0;0;0;0;0;0;0;0;0;0;0;0;0;0;0;0;0;0;0;0;0;0;0;0;0;0;0;0;0;0;1;0;0;0;0;0;0;0;0;0;0;0;0;0;0;0;0;0;0;0;0;0;0;0;0;0;0;0,0152417356933;0,0287692252324;0,296258653901;0,034927388148;0,0624877844066;0,602135151897;0;0;0;0
0;0;0;0;0;0;0;0;0;0;0;0;0;0;0;0;0;0;1;0;0;1;0;0;0;0;0;0;0;0;0;0;0;0;0;0;0;0;0;0;0;0;0;0;0;0;0;0;1;0;0;0;0;0;0;0;0;0;0;0;0;0;0;0;0;0;0;0;0;0;0;0;0;0;0;0;0;0;0;0;0;0;0;0;0;0;0;0;0;1;0;0;0;0;0;0;0;0;0;0;0;0;0;0;0;0;0;0;0;0;0;0;0;0;0;0;0;0;0;0;0;0;0;0;0;0;0;0;0;0;0;0;0;0;0;0;0;0;0;0;0;0;0;0;0;0;0;0;0;0;0;1;0;0;0;0;0;0;0;0;0;0;0;0;0;0;0;0;0;0;0;0;0;0;0;0;0;0;0,0152417356933;0,0287692252324;0,296258653901;0,034927388148;0,0624877844066;0,602135151897;0;0;0;0
