10;40;30;cs;Minkowski_2;1;1
0;0;1;0;4;4;4;4;4;0;1;4;4;4;4;0;4;4;4;4;4;4;4;4;0;4;4;0;4;2;4;0;0;2;4;4;4;3;4;4;0;2;4;4;0;4;0;4;4;0;2;0;0;2;0;4;4;0;0;0;4;4;0;0;0;4;0;0;4;2;4;4;0;0;0;5;4;4;4;0;0;4;0;4;4;0;4;0;4;4;4;0;4;0;4;4;0;4;0;0;2;4;2;0;0;4;4;0;4;0;4;2;2;0;4;1;0;0;4;4;5;2;4;4;4;4;4;0;4;0;4;0;4;0;0;0;4;0;4;4;4;4;0;4;4;4;4;4;4;4;4;4;0;4;3;4;4;4;0;0;0;0;4;0;0;4;0;0;4;4;0;0;2;4;0;0;2;4;0,379461455154;0,412811199136;0,438070754529;0,43073524476;0,434372032027;0,693952421349;0;0;0;0
0;0;1;0;4;4;4;4;4;0;1;4;4;4;4;0;4;4;4;4;4;4;4;4;0;4;4;0;4;2;4;0;0;2;4;4;4;3;4;4;0;2;4;4;0;4;0;4;4;0;2;0;0;2;0;4;4;0;0;0;4;4;0;0;0;4;0;0;4;2;4;4;0;0;0;5;4;4;4;0;0;4;0;4;4;0;4;0;4;4;4;0;4;0;4;4;0;4;0;0;2;4;2;0;0;4;4;0;4;0;4;2;2;0;4;1;0;0;4;4;5;2;4;4;4;4;4;0;4;0;4;0;4;0;0;0;4;0;4;4;4;4;0;4;4;4;4;4;4;4;4;4;0;4;3;4;4;4;0;0;0;0;4;0;0;4;0;0;4;4;0;0;2;4;0;0;2;4;0,379461455154;0,412811199136;0,438070754529;0,43073524476;0,434372032027;0,693952421349;0;0;0;0
0;0;1;0;4;4;4;4;4;0;1;4;4;4;4;0;4;4;4;4;4;4;4;4;0;4;4;0;4;2;4;0;0;2;4;4;4;3;4;4;0;2;4;4;0;4;0;4;4;0;2;0;0;2;0;4;4;0;0;0;4;4;0;0;0;4;0;0;4;2;4;4;0;0;0;5;4;4;4;0;0;4;0;4;4;0;4;0;4;4;4;0;4;0;4;4;0;4;0;0;2;4;2;0;0;4;4;0;4;0;4;2;2;0;4;1;0;0;4;4;5;2;4;4;4;4;4;0;4;0;4;0;4;0;0;0;4;0;4;4;4;4;0;4;4;4;4;4;4;4;4;4;0;4;3;4;4;4;0;0;0;0;4;0;0;4;0;0;4;4;0;0;2;4;0;0;2;4;0,379461455154;0,412811199136;0,438070754529;0,43073524476;0,434372032027;0,693952421349;0;0;0;0
0;0;1;0;4;4;4;4;4;0;1;4;4;4;4;0;4;4;4;4;4;4;4;4;0;4;4;0;4;2;4;0;0;2;4;4;4;3;4;4;0;2;4;4;0;4;0;4;4;0;2;0;0;2;0;4;4;0;0;0;4;4;0;0;0;4;0;0;4;2;4;4;0;0;0;5;4;4;4;0;0;4;0;4;4;0;4;0;4;4;4;0;4;0;4;4;0;4;0;0;2;4;2;0;0;4;4;0;4;0;4;2;2;0;4;1;0;0;4;4;5;2;4;4;4;4;4;0;4;0;4;0;4;0;0;0;4;0;4;4;4;4;0;4;4;4;4;4;4;4;4;4;0;4;3;4;4;4;0;0;0;0;4;0;0;4;0;0;4;4;0;0;2;4;0;0;2;4;0,379461455154;0,412811199136;0,438070754529;0,43073524476;0,434372032027;0,693952421349;0;0;0;0
0;3;3;3;3;3;3;3;3;0;3;3;3;3;3;3;3;3;3;3;3;3;3;3;3;3;3;3;3;3;3;3;0;3;3;3;3;3;3;3;3;3;3;3;3;3;0;3;3;3;3;3;3;3;3;3;3;3;3;3;3;3;3;0;3;3;3;1;3;3;3;3;3;3;0;3;3;3;3;3;3;3;3;3;3;3;3;0;3;3;3;3;3;3;3;3;3;3;3;3;3;3;3;3;3;3;3;3;3;0;3;3;1;3;3;3;3;3;3;3;3;3;3;3;3;3;3;2;3;3;3;0;3;3;3;0;3;3;3;3;3;3;0;3;3;3;3;3;3;3;3;3;3;3;3;3;1;3;3;3;0;3;3;3;3;3;3;0;3;3;3;3;3;3;2;3;1;3;0,0656039870751;0,117018171826;0,338878411586;0,133447698092;0,191488647494;0,933302302729;0;0;0;0
0;3;3;3;3;3;3;3;3;0;3;3;3;3;3;3;3;3;3;3;3;3;3;3;3;3;3;3;3;3;3;3;0;3;3;3;3;3;3;3;3;3;3;3;3;3;0;3;3;3;3;3;3;3;3;3;3;3;3;3;3;3;3;0;3;3;3;1;3;3;3;3;3;3;0;3;3;3;3;3;3;3;3;3;3;3;3;0;3;3;3;3;3;3;3;3;3;3;3;3;3;3;3;3;3;3;3;3;3;0;3;3;1;3;3;3;3;3;3;3;3;3;3;3;3;3;3;2;3;3;3;0;3;3;3;0;3;3;3;3;3;3;0;3;3;3;3;3;3;3;3;3;3;3;3;3;1;3;3;3;0;3;3;3;3;3;3;0;3;3;3;3;3;3;2;3;1;3;0,0656039870751;0,117018171826;0,338878411586;0,133447698092;0,191488647494;0,933302302729;0;0;0;0
0;3;3;3;3;3;3;3;3;0;3;3;3;3;3;3;3;3;3;3;3;3;3;3;3;3;3;3;3;3;3;3;0;3;3;3;3;3;3;3;3;3;3;3;3;3;0;3;3;3;3;3;3;3;3;3;3;3;3;3;3;3;3;0;3;3;3;1;3;3;3;3;3;3;0;3;3;3;3;3;3;3;3;3;3;3;3;0;3;3;3;3;3;3;3;3;3;3;3;3;3;3;3;3;3;3;3;3;3;0;3;3;1;3;3;3;3;3;3;3;3;3;3;3;3;3;3;2;3;3;3;0;3;3;3;0;3;3;3;3;3;3;0;3;3;3;3;3;3;3;3;3;3;3;3;3;1;3;3;3;0;3;3;3;3;3;3;0;3;3;3;3;3;3;2;3;1;3;0,0656039870751;0,117018171826;0,338878411586;0,133447698092;0,191488647494;0,933302302729;0;0;0;0
0;3;3;3;3;3;3;3;3;0;3;3;3;3;3;3;3;3;3;3;3;3;3;3;3;3;3;3;3;3;3;3;0;3;3;3;3;3;3;3;3;3;3;3;3;3;0;3;3;3;3;3;3;3;3;3;3;3;3;3;3;3;3;0;3;3;3;1;3;3;3;3;3;3;0;3;3;3;3;3;3;3;3;3;3;3;3;0;3;3;3;3;3;3;3;3;3;3;3;3;3;3;3;3;3;3;3;3;3;0;3;3;1;3;3;3;3;3;3;3;3;3;3;3;3;3;3;2;3;3;3;0;3;3;3;0;3;3;3;3;3;3;0;3;3;3;3;3;3;3;3;3;3;3;3;3;1;3;3;3;0;3;3;3;3;3;3;0;3;3;3;3;3;3;2;3;1;3;0,0656039870751;0,117018171826;0,338878411586;0,133447698092;0,191488647494;0,933302302729;0;0;0;0
0;3;3;3;3;3;3;3;3;0;3;3;3;3;3;3;3;3;3;3;3;3;3;3;3;3;3;3;3;3;3;3;0;3;3;3;3;3;3;3;3;3;3;3;3;3;0;3;3;3;3;3;3;3;3;3;3;3;3;3;3;3;3;0;3;3;3;1;3;3;3;3;3;3;0;3;3;3;3;3;3;3;3;3;3;3;3;0;3;3;3;3;3;3;3;3;3;3;3;3;3;3;3;3;3;3;3;3;3;0;3;3;1;3;3;3;3;3;3;3;3;3;3;3;3;3;3;2;3;3;3;0;3;3;3;0;3;3;3;3;3;3;0;3;3;3;3;3;3;3;3;3;3;3;3;3;1;3;3;3;0;3;3;3;3;3;3;0;3;3;3;3;3;3;2;3;1;3;0,0656039870751;0,117018171826;0,338878411586;0,133447698092;0,191488647494;0,933302302729;0;0;0;0
0;3;3;3;3;3;3;3;3;0;3;3;3;3;3;3;3;3;3;3;3;3;3;3;3;3;3;3;3;3;3;3;0;3;3;3;3;3;3;3;3;3;3;3;3;3;0;3;3;3;3;3;3;3;3;3;3;3;3;3;3;3;3;0;3;3;3;1;3;3;3;3;3;3;0;3;3;3;3;3;3;3;3;3;3;3;3;0;3;3;3;3;3;3;3;3;3;3;3;3;3;3;3;3;3;3;3;3;3;0;3;3;1;3;3;3;3;3;3;3;3;3;3;3;3;3;3;2;3;3;3;0;3;3;3;0;3;3;3;3;3;3;0;3;3;3;3;3;3;3;3;3;3;3;3;3;1;3;3;3;0;3;3;3;3;3;3;0;3;3;3;3;3;3;2;3;1;3;0,0656039870751;0,117018171826;0,338878411586;0,133447698092;0,191488647494;0,933302302729;0;0;0;0
0;3;3;3;3;3;3;3;3;0;3;3;3;3;3;3;3;3;3;3;3;3;3;3;3;3;3;3;3;3;3;3;0;3;3;3;3;3;3;3;3;3;3;3;3;3;0;3;3;3;3;3;3;3;3;3;3;3;3;3;3;3;3;0;3;3;3;1;3;3;3;3;3;3;0;3;3;3;3;3;3;3;3;3;3;3;3;0;3;3;3;3;3;3;3;3;3;3;3;3;3;3;3;3;3;3;3;3;3;0;3;3;1;3;3;3;3;3;3;3;3;3;3;3;3;3;3;2;3;3;3;0;3;3;3;0;3;3;3;3;3;3;0;3;3;3;3;3;3;3;3;3;3;3;3;3;1;3;3;3;0;3;3;3;3;3;3;0;3;3;3;3;3;3;2;3;1;3;0,0656039870751;0,117018171826;0,338878411586;0,133447698092;0,191488647494;0,933302302729;0;0;0;0
0;3;3;3;3;3;3;3;3;0;3;3;3;3;3;3;3;3;3;3;3;3;3;3;3;3;3;3;3;3;3;3;0;3;3;3;3;3;3;3;3;3;3;3;3;3;0;3;3;3;3;3;3;3;3;3;3;3;3;3;3;3;3;0;3;3;3;1;3;3;3;3;3;3;0;3;3;3;3;3;3;3;3;3;3;3;3;0;3;3;3;3;3;3;3;3;3;3;3;3;3;3;3;3;3;3;3;3;3;0;3;3;1;3;3;3;3;3;3;3;3;3;3;3;3;3;3;2;3;3;3;0;3;3;3;0;3;3;3;3;3;3;0;3;3;3;3;3;3;3;3;3;3;3;3;3;1;3;3;3;0;3;3;3;3;3;3;0;3;3;3;3;3;3;2;3;1;3;0,0656039870751;0,117018171826;0,338878411586;0,133447698092;0,191488647494;0,933302302729;0;0;0;0
0;3;3;3;3;3;3;3;3;0;3;3;3;3;3;3;3;3;3;3;3;3;3;3;3;3;3;3;3;3;3;3;0;3;3;3;3;3;3;3;3;3;3;3;3;3;0;3;3;3;3;3;3;3;3;3;3;3;3;3;3;3;3;0;3;3;3;1;3;3;3;3;3;3;0;3;3;3;3;3;3;3;3;3;3;3;3;0;3;3;3;3;3;3;3;3;3;3;3;3;3;3;3;3;3;3;3;3;3;0;3;3;1;3;3;3;3;3;3;3;3;3;3;3;3;3;3;2;3;3;3;0;3;3;3;0;3;3;3;3;3;3;0;3;3;3;3;3;3;3;3;3;3;3;3;3;1;3;3;3;0;3;3;3;3;3;3;0;3;3;3;3;3;3;2;3;1;3;0,0656039870751;0,117018171826;0,338878411586;0,133447698092;0,191488647494;0,933302302729;0;0;0;0
0;3;3;3;3;3;3;3;3;0;3;3;3;3;3;3;3;3;3;3;3;3;3;3;3;3;3;3;3;3;3;3;0;3;3;3;3;3;3;3;3;3;3;3;3;3;0;3;3;3;3;3;3;3;3;3;3;3;3;3;3;3;3;0;3;3;3;1;3;3;3;3;3;3;0;3;3;3;3;3;3;3;3;3;3;3;3;0;3;3;3;3;3;3;3;3;3;3;3;3;3;3;3;3;3;3;3;3;3;0;3;3;1;3;3;3;3;3;3;3;3;3;3;3;3;3;3;2;3;3;3;0;3;3;3;0;3;3;3;3;3;3;0;3;3;3;3;3;3;3;3;3;3;3;3;3;1;3;3;3;0;3;3;3;3;3;3;0;3;3;3;3;3;3;2;3;1;3;0,0656039870751;0,117018171826;0,338878411586;0,133447698092;0,191488647494;0,933302302729;0;0;0;0
0;3;3;3;3;3;3;3;3;0;3;3;3;3;3;3;3;3;3;3;3;3;3;3;3;3;3;3;3;3;3;3;0;3;3;3;3;3;3;3;3;3;3;3;3;3;0;3;3;3;3;3;3;3;3;3;3;3;3;3;3;3;3;0;3;3;3;1;3;3;3;3;3;3;0;3;3;3;3;3;3;3;3;3;3;3;3;0;3;3;3;3;3;3;3;3;3;3;3;3;3;3;3;3;3;3;3;3;3;0;3;3;1;3;3;3;3;3;3;3;3;3;3;3;3;3;3;2;3;3;3;0;3;3;3;0;3;3;3;3;3;3;0;3;3;3;3;3;3;3;3;3;3;3;3;3;1;3;3;3;0;3;3;3;3;3;3;0;3;3;3;3;3;3;2;3;1;3;0,0656039870751;0,117018171826;0,338878411586;0,133447698092;0,191488647494;0,933302302729;0;0;0;0
0;3;3;3;3;3;3;3;3;0;3;3;3;3;3;3;3;3;3;3;3;3;3;3;3;3;3;3;3;3;3;3;0;3;3;3;3;3;3;3;3;3;3;3;3;3;0;3;3;3;3;3;3;3;3;3;3;3;3;3;3;3;3;0;3;3;3;1;3;3;3;3;3;3;0;3;3;3;3;3;3;3;3;3;3;3;3;0;3;3;3;3;3;3;3;3;3;3;3;3;3;3;3;3;3;3;3;3;3;0;3;3;1;3;3;3;3;3;3;3;3;3;3;3;3;3;3;2;3;3;3;0;3;3;3;0;3;3;3;3;3;3;0;3;3;3;3;3;3;3;3;3;3;3;3;3;1;3;3;3;0;3;3;3;3;3;3;0;3;3;3;3;3;3;2;3;1;3;0,0656039870751;0,117018171826;0,338878411586;0,133447698092;0,191488647494;0,933302302729;0;0;0;0
0;3;3;3;3;3;3;3;3;0;3;3;3;3;3;3;3;3;3;3;3;3;3;3;3;3;3;3;3;3;3;3;0;3;3;3;3;3;3;3;3;3;3;3;3;3;0;3;3;3;3;3;3;3;3;3;3;3;3;3;3;3;3;0;3;3;3;1;3;3;3;3;3;3;0;3;3;3;3;3;3;3;3;3;3;3;3;0;3;3;3;3;3;3;3;3;3;3;3;3;3;3;3;3;3;3;3;3;3;0;3;3;1;3;3;3;3;3;3;3;3;3;3;3;3;3;3;2;3;3;3;0;3;3;3;0;3;3;3;3;3;3;0;3;3;3;3;3;3;3;3;3;3;3;3;3;1;3;3;3;0;3;3;3;3;3;3;0;3;3;3;3;3;3;2;3;1;3;0,0656039870751;0,117018171826;0,338878411586;0,133447698092;0,191488647494;0,933302302729;0;0;0;0
0;3;3;3;3;3;3;3;3;0;3;3;3;3;3;3;3;3;3;3;3;3;3;3;3;3;3;3;3;3;3;3;0;3;3;3;3;3;3;3;3;3;3;3;3;3;0;3;3;3;3;3;3;3;3;3;3;3;3;3;3;3;3;0;3;3;3;1;3;3;3;3;3;3;0;3;3;3;3;3;3;3;3;3;3;3;3;0;3;3;3;3;3;3;3;3;3;3;3;3;3;3;3;3;3;3;3;3;3;0;3;3;1;3;3;3;3;3;3;3;3;3;3;3;3;3;3;2;3;3;3;0;3;3;3;0;3;3;3;3;3;3;0;3;3;3;3;3;3;3;3;3;3;3;3;3;1;3;3;3;0;3;3;3;3;3;3;0;3;3;3;3;3;3;2;3;1;3;0,0656039870751;0,117018171826;0,338878411586;0,133447698092;0,191488647494;0,933302302729;0;0;0;0
1;1;1;1;1;1;1;1;1;1;1;1;1;1;1;1;1;1;1;1;1;1;1;1;1;1;1;1;1;1;1;1;1;1;1;1;1;1;1;1;1;1;1;1;1;1;1;1;1;1;1;1;1;1;1;1;1;1;1;1;1;1;1;1;1;1;1;1;1;1;1;1;1;1;1;1;1;1;1;1;1;1;1;1;1;1;1;1;1;1;1;1;1;1;1;1;1;1;1;1;1;1;0;1;1;1;1;1;1;1;1;0;1;1;1;1;1;1;1;1;1;1;1;1;1;1;1;1;1;1;1;1;1;1;1;1;1;1;1;1;1;1;1;1;1;1;1;1;1;1;1;1;1;1;1;1;1;1;1;1;1;1;1;1;1;1;1;1;1;1;1;1;1;1;1;1;1;1;0,000962588241076;0,00502948265497;0,203492889651;0,0115433552186;0,0218473933185;1,00893862285;0;0;0;0
1;1;1;1;1;1;1;1;1;1;1;1;1;1;1;1;1;1;1;1;1;1;1;1;1;1;1;1;1;1;1;1;1;1;1;1;1;1;1;1;1;1;1;1;1;1;1;1;1;1;1;1;1;1;1;1;1;1;1;1;1;1;1;1;1;1;1;1;1;1;1;1;1;1;1;1;1;1;1;1;1;1;1;1;1;1;1;1;1;1;1;1;1;1;1;1;1;1;1;1;1;1;0;1;1;1;1;1;1;1;1;0;1;1;1;1;1;1;1;1;1;1;1;1;1;1;1;1;1;1;1;1;1;1;1;1;1;1;1;1;1;1;1;1;1;1;1;1;1;1;1;1;1;1;1;1;1;1;1;1;1;1;1;1;1;1;1;1;1;1;1;1;1;1;1;1;1;1;0,000962588241076;0,00502948265497;0,203492889651;0,0115433552186;0,0218473933185;1,00893862285;0;0;0;0
1;1;1;1;1;1;1;1;1;1;1;1;1;1;1;1;1;1;1;1;1;1;1;1;1;1;1;1;1;1;1;1;1;1;1;1;1;1;1;1;1;1;1;1;1;1;1;1;1;1;1;1;1;1;1;1;1;1;1;1;1;1;1;1;1;1;1;1;1;1;1;1;1;1;1;1;1;1;1;1;1;1;1;1;1;1;1;1;1;1;1;1;1;1;1;1;1;1;1;1;1;1;0;1;1;1;1;1;1;1;1;0;1;1;1;1;1;1;1;1;1;1;1;1;1;1;1;1;1;1;1;1;1;1;1;1;1;1;1;1;1;1;1;1;1;1;1;1;1;1;1;1;1;1;1;1;1;1;1;1;1;1;1;1;1;1;1;1;1;1;1;1;1;1;1;1;1;1;0,000962588241076;0,00502948265497;0,203492889651;0,0115433552186;0,0218473933185;1,00893862285;0;0;0;0
1;1;1;1;1;1;1;1;1;1;1;1;1;1;1;1;1;1;1;1;1;1;1;1;1;1;1;1;1;1;1;1;1;1;1;1;1;1;1;1;1;1;1;1;1;1;1;1;1;1;1;1;1;1;1;1;1;1;1;1;1;1;1;1;1;1;1;1;1;1;1;1;1;1;1;1;1;1;1;1;1;1;1;1;1;1;1;1;1;1;1;1;1;1;1;1;1;1;1;1;1;1;0;1;1;1;1;1;1;1;1;0;1;1;1;1;1;1;1;1;1;1;1;1;1;1;1;1;1;1;1;1;1;1;1;1;1;1;1;1;1;1;1;1;1;1;1;1;1;1;1;1;1;1;1;1;1;1;1;1;1;1;1;1;1;1;1;1;1;1;1;1;1;1;1;1;1;1;0,000962588241076;0,00502948265497;0,203492889651;0,0115433552186;0,0218473933185;1,00893862285;0;0;0;0
1;1;1;1;1;1;1;1;1;1;1;1;1;1;1;1;1;1;1;1;1;1;1;1;1;1;1;1;1;1;1;1;1;1;1;1;1;1;1;1;1;1;1;1;1;1;1;1;1;1;1;1;1;1;1;1;1;1;1;1;1;1;1;1;1;1;1;1;1;1;1;1;1;1;1;1;1;1;1;1;1;1;1;1;1;1;1;1;1;1;1;1;1;1;1;1;1;1;1;1;1;1;0;1;1;1;1;1;1;1;1;0;1;1;1;1;1;1;1;1;1;1;1;1;1;1;1;1;1;1;1;1;1;1;1;1;1;1;1;1;1;1;1;1;1;1;1;1;1;1;1;1;1;1;1;1;1;1;1;1;1;1;1;1;1;1;1;1;1;1;1;1;1;1;1;1;1;1;0,000962588241076;0,00502948265497;0,203492889651;0,0115433552186;0,0218473933185;1,00893862285;0;0;0;0
1;1;1;1;1;1;1;1;1;1;1;1;1;1;1;1;1;1;1;1;1;1;1;1;1;1;1;1;1;1;1;1;1;1;1;1;1;1;1;1;1;1;1;1;1;1;1;1;1;1;1;1;1;1;1;1;1;1;1;1;1;1;1;1;1;1;1;1;1;1;1;1;1;1;1;1;1;1;1;1;1;1;1;1;1;1;1;1;1;1;1;1;1;1;1;1;1;1;1;1;1;1;0;1;1;1;1;1;1;1;1;0;1;1;1;1;1;1;1;1;1;1;1;1;1;1;1;1;1;1;1;1;1;1;1;1;1;1;1;1;1;1;1;1;1;1;1;1;1;1;1;1;1;1;1;1;1;1;1;1;1;1;1;1;1;1;1;1;1;1;1;1;1;1;1;1;1;1;0,000962588241076;0,00502948265497;0,203492889651;0,0115433552186;0,0218473933185;1,00893862285;0;0;0;0
1;1;1;1;1;1;1;1;1;1;1;1;1;1;1;1;1;1;1;1;1;1;1;1;1;1;1;1;1;1;1;1;1;1;1;1;1;1;1;1;1;1;1;1;1;1;1;1;1;1;1;1;1;1;1;1;1;1;1;1;1;1;1;1;1;1;1;1;1;1;1;1;1;1;1;1;1;1;1;1;1;1;1;1;1;1;1;1;1;1;1;1;1;1;1;1;1;1;1;1;1;1;0;1;1;1;1;1;1;1;1;0;1;1;1;1;1;1;1;1;1;1;1;1;1;1;1;1;1;1;1;1;1;1;1;1;1;1;1;1;1;1;1;1;1;1;1;1;1;1;1;1;1;1;1;1;1;1;1;1;1;1;1;1;1;1;1;1;1;1;1;1;1;1;1;1;1;1;0,000962588241076;0,00502948265497;0,203492889651;0,0115433552186;0,0218473933185;1,00893862285;0;0;0;0
1;1;1;1;1;1;1;1;1;1;1;1;1;1;1;1;1;1;1;1;1;1;1;1;1;1;1;1;1;1;1;1;1;1;1;1;1;1;1;1;1;1;1;1;1;1;1;1;1;1;1;1;1;1;1;1;1;1;1;1;1;1;1;1;1;1;1;1;1;1;1;1;1;1;1;1;1;1;1;1;1;1;1;1;1;1;1;1;1;1;1;1;1;1;1;1;1;1;1;1;1;1;0;1;1;1;1;1;1;1;1;0;1;1;1;1;1;1;1;1;1;1;1;1;1;1;1;1;1;1;1;1;1;1;1;1;1;1;1;1;1;1;1;1;1;1;1;1;1;1;1;1;1;1;1;1;1;1;1;1;1;1;1;1;1;1;1;1;1;1;1;1;1;1;1;1;1;1;0,000962588241076;0,00502948265497;0,203492889651;0,0115433552186;0,0218473933185;1,00893862285;0;0;0;0
1;1;1;1;1;1;1;1;1;1;1;1;1;1;1;1;1;1;1;1;1;1;1;1;1;1;1;1;1;1;1;1;1;1;1;1;1;1;1;1;1;1;1;1;1;1;1;1;1;1;1;1;1;1;1;1;1;1;1;1;1;1;1;1;1;1;1;1;1;1;1;1;1;1;1;1;1;1;1;1;1;1;1;1;1;1;1;1;1;1;1;1;1;1;1;1;1;1;1;1;1;1;0;1;1;1;1;1;1;1;1;0;1;1;1;1;1;1;1;1;1;1;1;1;1;1;1;1;1;1;1;1;1;1;1;1;1;1;1;1;1;1;1;1;1;1;1;1;1;1;1;1;1;1;1;1;1;1;1;1;1;1;1;1;1;1;1;1;1;1;1;1;1;1;1;1;1;1;0,000962588241076;0,00502948265497;0,203492889651;0,0115433552186;0,0218473933185;1,00893862285;0;0;0;0
1;1;1;1;1;1;1;1;1;1;1;1;1;1;1;1;1;1;1;1;1;1;1;1;1;1;1;1;1;1;1;1;1;1;1;1;1;1;1;1;1;1;1;1;1;1;1;1;1;1;1;1;1;1;1;1;1;1;1;1;1;1;1;1;1;1;1;1;1;1;1;1;1;1;1;1;1;1;1;1;1;1;1;1;1;1;1;1;1;1;1;1;1;1;1;1;1;1;1;1;1;1;0;1;1;1;1;1;1;1;1;0;1;1;1;1;1;1;1;1;1;1;1;1;1;1;1;1;1;1;1;1;1;1;1;1;1;1;1;1;1;1;1;1;1;1;1;1;1;1;1;1;1;1;1;1;1;1;1;1;1;1;1;1;1;1;1;1;1;1;1;1;1;1;1;1;1;1;0,000962588241076;0,00502948265497;0,203492889651;0,0115433552186;0,0218473933185;1,00893862285;0;0;0;0
1;1;1;1;1;1;1;1;1;1;1;1;1;1;1;1;1;1;1;1;1;1;1;1;1;1;1;1;1;1;1;1;1;1;1;1;1;1;1;1;1;1;1;1;1;1;1;1;1;1;1;1;1;1;1;1;1;1;1;1;1;1;1;1;1;1;1;1;1;1;1;1;1;1;1;1;1;1;1;1;1;1;1;1;1;1;1;1;1;1;1;1;1;1;1;1;1;1;1;1;1;1;0;1;1;1;1;1;1;1;1;0;1;1;1;1;1;1;1;1;1;1;1;1;1;1;1;1;1;1;1;1;1;1;1;1;1;1;1;1;1;1;1;1;1;1;1;1;1;1;1;1;1;1;1;1;1;1;1;1;1;1;1;1;1;1;1;1;1;1;1;1;1;1;1;1;1;1;0,000962588241076;0,00502948265497;0,203492889651;0,0115433552186;0,0218473933185;1,00893862285;0;0;0;0
1;1;1;1;1;1;1;1;1;1;1;1;1;1;1;1;1;1;1;1;1;1;1;1;1;1;1;1;1;1;1;1;1;1;1;1;1;1;1;1;1;1;1;1;1;1;1;1;1;1;1;1;1;1;1;1;1;1;1;1;1;1;1;1;1;1;1;1;1;1;1;1;1;1;1;1;1;1;1;1;1;1;1;1;1;1;1;1;1;1;1;1;1;1;1;1;1;1;1;1;1;1;0;1;1;1;1;1;1;1;1;0;1;1;1;1;1;1;1;1;1;1;1;1;1;1;1;1;1;1;1;1;1;1;1;1;1;1;1;1;1;1;1;1;1;1;1;1;1;1;1;1;1;1;1;1;1;1;1;1;1;1;1;1;1;1;1;1;1;1;1;1;1;1;1;1;1;1;0,000962588241076;0,00502948265497;0,203492889651;0,0115433552186;0,0218473933185;1,00893862285;0;0;0;0
