10;40;30;db;Cosine;4;2
1;1;1;4;1;3;2;4;1;4;1;2;3;3;1;4;4;4;1;1;3;4;4;4;1;4;4;4;3;4;4;4;4;4;3;1;4;4;2;4;4;4;4;4;3;4;4;4;4;4;4;1;3;4;4;4;4;4;1;1;4;3;4;4;1;4;2;4;4;1;3;0;1;4;1;1;4;4;2;1;3;4;1;4;2;4;1;4;1;4;4;1;2;4;1;1;4;4;3;4;1;1;4;1;1;4;4;4;4;1;4;4;4;1;1;1;4;4;4;1;1;2;1;4;1;4;4;4;1;4;1;3;4;1;1;4;1;1;4;4;0;4;4;4;4;4;4;4;4;3;1;4;4;4;4;0;3;4;4;1;2;4;1;1;4;4;4;1;4;1;4;0;1;4;3;2;4;4;0,477911649938;0,554937681795;0,5645546013;0,599132328699;0,581329744685;4,16762269907;0;0;0;0
1;1;1;4;1;3;2;4;1;4;1;2;3;3;1;4;4;4;1;1;3;4;4;4;1;4;4;4;3;4;4;4;4;4;3;1;4;4;2;4;4;4;4;4;3;4;4;4;4;4;4;1;3;4;4;4;4;4;1;1;4;3;4;4;1;4;2;4;4;1;3;0;1;4;1;1;4;4;2;1;3;4;1;4;2;4;1;4;1;4;4;1;2;4;1;1;4;4;3;4;1;1;4;1;1;4;4;4;4;1;4;4;4;1;1;1;4;4;4;1;1;2;1;4;1;4;4;4;1;4;1;3;4;1;1;4;1;1;4;4;0;4;4;4;4;4;4;4;4;3;1;4;4;4;4;0;3;4;4;1;2;4;1;1;4;4;4;1;4;1;4;0;1;4;3;2;4;4;0,477911649938;0,554937681795;0,5645546013;0,599132328699;0,581329744685;4,16762269907;0;0;0;0
1;1;1;4;1;3;2;4;1;4;1;2;3;3;1;4;4;4;1;1;3;4;4;4;1;4;4;4;3;4;4;4;4;4;3;1;4;4;2;4;4;4;4;4;3;4;4;4;4;4;4;1;3;4;4;4;4;4;1;1;4;3;4;4;1;4;2;4;4;1;3;0;1;4;1;1;4;4;2;1;3;4;1;4;2;4;1;4;1;4;4;1;2;4;1;1;4;4;3;4;1;1;4;1;1;4;4;4;4;1;4;4;4;1;1;1;4;4;4;1;1;2;1;4;1;4;4;4;1;4;1;3;4;1;1;4;1;1;4;4;0;4;4;4;4;4;4;4;4;3;1;4;4;4;4;0;3;4;4;1;2;4;1;1;4;4;4;1;4;1;4;0;1;4;3;2;4;4;0,477911649938;0,554937681795;0,5645546013;0,599132328699;0,581329744685;4,16762269907;0;0;0;0
1;1;1;4;1;3;2;4;1;4;1;2;3;3;1;4;4;4;1;1;3;4;4;4;1;4;4;4;3;4;4;4;4;4;3;1;4;4;2;4;4;4;4;4;3;4;4;4;4;4;4;1;3;4;4;4;4;4;1;1;4;3;4;4;1;4;2;4;4;1;3;0;1;4;1;1;4;4;2;1;3;4;1;4;2;4;1;4;1;4;4;1;2;4;1;1;4;4;3;4;1;1;4;1;1;4;4;4;4;1;4;4;4;1;1;1;4;4;4;1;1;2;1;4;1;4;4;4;1;4;1;3;4;1;1;4;1;1;4;4;0;4;4;4;4;4;4;4;4;3;1;4;4;4;4;0;3;4;4;1;2;4;1;1;4;4;4;1;4;1;4;0;1;4;3;2;4;4;0,477911649938;0,554937681795;0,5645546013;0,599132328699;0,581329744685;4,16762269907;0;0;0;0
1;1;1;4;1;3;2;4;1;4;1;2;3;3;1;4;4;4;1;1;3;4;4;4;1;4;4;4;3;4;4;4;4;4;3;1;4;4;2;4;4;4;4;4;3;4;4;4;4;4;4;1;3;4;4;4;4;4;1;1;4;3;4;4;1;4;2;4;4;1;3;0;1;4;1;1;4;4;2;1;3;4;1;4;2;4;1;4;1;4;4;1;2;4;1;1;4;4;3;4;1;1;4;1;1;4;4;4;4;1;4;4;4;1;1;1;4;4;4;1;1;2;1;4;1;4;4;4;1;4;1;3;4;1;1;4;1;1;4;4;0;4;4;4;4;4;4;4;4;3;1;4;4;4;4;0;3;4;4;1;2;4;1;1;4;4;4;1;4;1;4;0;1;4;3;2;4;4;0,477911649938;0,554937681795;0,5645546013;0,599132328699;0,581329744685;4,16762269907;0;0;0;0
1;1;3;3;1;2;3;3;1;3;1;3;2;2;1;3;3;2;1;1;2;3;3;3;1;3;3;3;2;3;3;3;3;3;2;1;3;3;2;3;3;3;3;3;2;3;3;3;3;3;3;1;2;3;3;3;3;0;1;1;3;2;2;3;1;3;2;0;3;1;2;0;1;3;1;3;3;3;3;1;2;3;1;3;3;3;1;3;1;3;3;1;3;3;1;1;3;3;2;3;1;1;2;1;1;3;3;3;2;1;3;3;3;1;1;1;3;3;3;1;1;3;1;3;1;3;3;3;3;3;1;2;3;1;1;3;1;1;3;3;0;3;3;3;3;3;3;3;3;2;1;3;3;3;3;3;2;3;3;1;3;3;1;1;3;3;3;1;3;1;3;0;1;3;2;3;2;3;0,510211861963;0,587649052079;0,622613375476;0,594638818241;0,608304645044;4,81872661309;0;0;0;0
1;1;3;3;1;2;3;3;1;3;1;3;2;2;1;3;3;2;1;1;2;3;3;3;1;3;3;3;2;3;3;3;3;3;2;1;3;3;2;3;3;3;3;3;2;3;3;3;3;3;3;1;2;3;3;3;3;0;1;1;3;2;2;3;1;3;2;0;3;1;2;0;1;3;1;3;3;3;3;1;2;3;1;3;3;3;1;3;1;3;3;1;3;3;1;1;3;3;2;3;1;1;2;1;1;3;3;3;2;1;3;3;3;1;1;1;3;3;3;1;1;3;1;3;1;3;3;3;3;3;1;2;3;1;1;3;1;1;3;3;0;3;3;3;3;3;3;3;3;2;1;3;3;3;3;3;2;3;3;1;3;3;1;1;3;3;3;1;3;1;3;0;1;3;2;3;2;3;0,510211861963;0,587649052079;0,622613375476;0,594638818241;0,608304645044;4,81872661309;0;0;0;0
1;1;3;3;1;2;3;3;1;3;1;3;2;2;1;3;3;2;1;1;2;3;3;3;1;3;3;3;2;3;3;3;3;3;2;1;3;3;2;3;3;3;3;3;2;3;3;3;3;3;3;1;2;3;3;3;3;0;1;1;3;2;2;3;1;3;2;0;3;1;2;0;1;3;1;3;3;3;3;1;2;3;1;3;3;3;1;3;1;3;3;1;3;3;1;1;3;3;2;3;1;1;2;1;1;3;3;3;2;1;3;3;3;1;1;1;3;3;3;1;1;3;1;3;1;3;3;3;3;3;1;2;3;1;1;3;1;1;3;3;0;3;3;3;3;3;3;3;3;2;1;3;3;3;3;3;2;3;3;1;3;3;1;1;3;3;3;1;3;1;3;0;1;3;2;3;2;3;0,510211861963;0,587649052079;0,622613375476;0,594638818241;0,608304645044;4,81872661309;0;0;0;0
1;1;3;3;1;2;3;3;1;3;1;3;2;2;1;3;3;2;1;1;2;3;3;3;1;3;3;3;2;3;3;3;3;3;2;1;3;3;2;3;3;3;3;3;2;3;3;3;3;3;3;1;2;3;3;3;3;0;1;1;3;2;2;3;1;3;2;0;3;1;2;0;1;3;1;3;3;3;3;1;2;3;1;3;3;3;1;3;1;3;3;1;3;3;1;1;3;3;2;3;1;1;2;1;1;3;3;3;2;1;3;3;3;1;1;1;3;3;3;1;1;3;1;3;1;3;3;3;3;3;1;2;3;1;1;3;1;1;3;3;0;3;3;3;3;3;3;3;3;2;1;3;3;3;3;3;2;3;3;1;3;3;1;1;3;3;3;1;3;1;3;0;1;3;2;3;2;3;0,510211861963;0,587649052079;0,622613375476;0,594638818241;0,608304645044;4,81872661309;0;0;0;0
1;1;3;3;1;2;3;3;1;3;1;3;2;2;1;3;3;2;1;1;2;3;3;3;1;3;3;3;2;3;3;3;3;3;2;1;3;3;2;3;3;3;3;3;2;3;3;3;3;3;3;1;2;3;3;3;3;0;1;1;3;2;2;3;1;3;2;0;3;1;2;0;1;3;1;3;3;3;3;1;2;3;1;3;3;3;1;3;1;3;3;1;3;3;1;1;3;3;2;3;1;1;2;1;1;3;3;3;2;1;3;3;3;1;1;1;3;3;3;1;1;3;1;3;1;3;3;3;3;3;1;2;3;1;1;3;1;1;3;3;0;3;3;3;3;3;3;3;3;2;1;3;3;3;3;3;2;3;3;1;3;3;1;1;3;3;3;1;3;1;3;0;1;3;2;3;2;3;0,510211861963;0,587649052079;0,622613375476;0,594638818241;0,608304645044;4,81872661309;0;0;0;0
1;1;1;3;1;2;2;2;1;3;1;2;2;2;1;3;3;2;1;1;2;2;3;2;1;3;3;3;2;3;3;2;2;3;2;1;2;2;2;3;3;2;3;3;2;3;3;3;3;3;3;1;2;2;3;3;3;2;1;1;3;2;2;3;1;2;2;2;3;1;2;0;1;3;1;1;2;2;2;1;2;2;1;3;1;2;1;3;1;3;2;1;2;2;1;1;2;3;2;1;1;1;2;1;1;2;2;2;2;1;3;3;3;1;1;1;2;3;3;1;1;2;1;3;1;2;3;3;1;2;1;2;3;1;1;3;1;1;3;3;0;3;3;3;3;3;2;3;3;2;1;3;3;2;3;3;2;3;2;1;2;3;1;1;1;3;3;1;2;1;3;0;1;3;2;2;2;2;0,807629945737;0,742679608339;0,746798804094;0,800564475967;0,77274755186;5,01689565779;0;0;0;0
1;1;1;3;1;2;2;2;1;3;1;2;2;2;1;3;3;2;1;1;2;2;3;2;1;3;3;3;2;3;3;2;2;3;2;1;2;2;2;3;3;2;3;3;2;3;3;3;3;3;3;1;2;2;3;3;3;2;1;1;3;2;2;3;1;2;2;2;3;1;2;0;1;3;1;1;2;2;2;1;2;2;1;3;1;2;1;3;1;3;2;1;2;2;1;1;2;3;2;1;1;1;2;1;1;2;2;2;2;1;3;3;3;1;1;1;2;3;3;1;1;2;1;3;1;2;3;3;1;2;1;2;3;1;1;3;1;1;3;3;0;3;3;3;3;3;2;3;3;2;1;3;3;2;3;3;2;3;2;1;2;3;1;1;1;3;3;1;2;1;3;0;1;3;2;2;2;2;0,807629945737;0,742679608339;0,746798804094;0,800564475967;0,77274755186;5,01689565779;0;0;0;0
1;1;1;3;1;2;2;2;1;3;1;2;2;2;1;3;3;2;1;1;2;2;3;2;1;3;3;3;2;3;3;2;2;3;2;1;2;2;2;3;3;2;3;3;2;3;3;3;3;3;3;1;2;2;3;3;3;2;1;1;3;2;2;3;1;2;2;2;3;1;2;0;1;3;1;1;2;2;2;1;2;2;1;3;1;2;1;3;1;3;2;1;2;2;1;1;2;3;2;1;1;1;2;1;1;2;2;2;2;1;3;3;3;1;1;1;2;3;3;1;1;2;1;3;1;2;3;3;1;2;1;2;3;1;1;3;1;1;3;3;0;3;3;3;3;3;2;3;3;2;1;3;3;2;3;3;2;3;2;1;2;3;1;1;1;3;3;1;2;1;3;0;1;3;2;2;2;2;0,807629945737;0,742679608339;0,746798804094;0,800564475967;0,77274755186;5,01689565779;0;0;0;0
1;1;1;3;1;2;2;2;1;3;1;2;2;2;1;3;3;2;1;1;2;2;3;2;1;3;3;3;2;3;3;2;2;3;2;1;2;2;2;3;3;2;3;3;2;3;3;3;3;3;3;1;2;2;3;3;3;2;1;1;3;2;2;3;1;2;2;2;3;1;2;0;1;3;1;1;2;2;2;1;2;2;1;3;1;2;1;3;1;3;2;1;2;2;1;1;2;3;2;1;1;1;2;1;1;2;2;2;2;1;3;3;3;1;1;1;2;3;3;1;1;2;1;3;1;2;3;3;1;2;1;2;3;1;1;3;1;1;3;3;0;3;3;3;3;3;2;3;3;2;1;3;3;2;3;3;2;3;2;1;2;3;1;1;1;3;3;1;2;1;3;0;1;3;2;2;2;2;0,807629945737;0,742679608339;0,746798804094;0,800564475967;0,77274755186;5,01689565779;0;0;0;0
1;1;1;3;1;2;2;2;1;3;1;2;2;2;1;3;3;2;1;1;2;2;3;2;1;3;3;3;2;3;3;2;2;3;2;1;2;2;2;3;3;2;3;3;2;3;3;3;3;3;3;1;2;2;3;3;3;2;1;1;3;2;2;3;1;2;2;2;3;1;2;0;1;3;1;1;2;2;2;1;2;2;1;3;1;2;1;3;1;3;2;1;2;2;1;1;2;3;2;1;1;1;2;1;1;2;2;2;2;1;3;3;3;1;1;1;2;3;3;1;1;2;1;3;1;2;3;3;1;2;1;2;3;1;1;3;1;1;3;3;0;3;3;3;3;3;2;3;3;2;1;3;3;2;3;3;2;3;2;1;2;3;1;1;1;3;3;1;2;1;3;0;1;3;2;2;2;2;0,807629945737;0,742679608339;0,746798804094;0,800564475967;0,77274755186;5,01689565779;0;0;0;0
1;1;1;3;1;2;2;2;1;3;1;2;2;2;1;3;3;2;1;1;2;2;3;2;1;3;3;3;2;3;3;2;2;3;2;1;2;2;2;3;3;2;3;3;2;3;3;3;3;3;3;1;2;2;3;3;3;2;1;1;3;2;2;3;1;2;2;2;3;1;2;0;1;3;1;1;2;2;2;1;2;2;1;3;1;2;1;3;1;3;2;1;2;2;1;1;2;3;2;1;1;1;2;1;1;2;2;2;2;1;3;3;3;1;1;1;2;3;3;1;1;2;1;3;1;2;3;3;1;2;1;2;3;1;1;3;1;1;3;3;0;3;3;3;3;3;2;3;3;2;1;3;3;2;3;3;2;3;2;1;2;3;1;1;1;3;3;1;2;1;3;0;1;3;2;2;2;2;0,807629945737;0,742679608339;0,746798804094;0,800564475967;0,77274755186;5,01689565779;0;0;0;0
1;1;1;3;1;2;2;2;1;3;1;2;2;2;1;3;3;2;1;1;2;2;3;2;1;3;3;3;2;3;3;2;2;3;2;1;2;2;2;3;3;2;3;3;2;3;3;3;3;3;3;1;2;2;3;3;3;2;1;1;3;2;2;3;1;2;2;2;3;1;2;0;1;3;1;1;2;2;2;1;2;2;1;3;1;2;1;3;1;3;2;1;2;2;1;1;2;3;2;1;1;1;2;1;1;2;2;2;2;1;3;3;3;1;1;1;2;3;3;1;1;2;1;3;1;2;3;3;1;2;1;2;3;1;1;3;1;1;3;3;0;3;3;3;3;3;2;3;3;2;1;3;3;2;3;3;2;3;2;1;2;3;1;1;1;3;3;1;2;1;3;0;1;3;2;2;2;2;0,807629945737;0,742679608339;0,746798804094;0,800564475967;0,77274755186;5,01689565779;0;0;0;0
1;1;1;3;1;2;2;2;1;3;1;2;2;2;1;3;3;2;1;1;2;2;3;2;1;3;3;3;2;3;3;2;2;3;2;1;2;2;2;3;3;2;3;3;2;3;3;3;3;3;3;1;2;2;3;3;3;2;1;1;3;2;2;3;1;2;2;2;3;1;2;0;1;3;1;1;2;2;2;1;2;2;1;3;1;2;1;3;1;3;2;1;2;2;1;1;2;3;2;1;1;1;2;1;1;2;2;2;2;1;3;3;3;1;1;1;2;3;3;1;1;2;1;3;1;2;3;3;1;2;1;2;3;1;1;3;1;1;3;3;0;3;3;3;3;3;2;3;3;2;1;3;3;2;3;3;2;3;2;1;2;3;1;1;1;3;3;1;2;1;3;0;1;3;2;2;2;2;0,807629945737;0,742679608339;0,746798804094;0,800564475967;0,77274755186;5,01689565779;0;0;0;0
1;1;1;3;1;2;2;2;1;3;1;2;2;2;1;3;3;2;1;1;2;2;3;2;1;3;3;3;2;3;3;2;2;3;2;1;2;2;2;3;3;2;3;3;2;3;3;3;3;3;3;1;2;2;3;3;3;2;1;1;3;2;2;3;1;2;2;2;3;1;2;0;1;3;1;1;2;2;2;1;2;2;1;3;1;2;1;3;1;3;2;1;2;2;1;1;2;3;2;1;1;1;2;1;1;2;2;2;2;1;3;3;3;1;1;1;2;3;3;1;1;2;1;3;1;2;3;3;1;2;1;2;3;1;1;3;1;1;3;3;0;3;3;3;3;3;2;3;3;2;1;3;3;2;3;3;2;3;2;1;2;3;1;1;1;3;3;1;2;1;3;0;1;3;2;2;2;2;0,807629945737;0,742679608339;0,746798804094;0,800564475967;0,77274755186;5,01689565779;0;0;0;0
1;1;1;3;1;2;2;2;1;3;1;2;2;2;1;3;3;2;1;1;2;2;3;2;1;3;3;3;2;3;3;2;2;3;2;1;2;2;2;3;3;2;3;3;2;3;3;3;3;3;3;1;2;2;3;3;3;2;1;1;3;2;2;3;1;2;2;2;3;1;2;0;1;3;1;1;2;2;2;1;2;2;1;3;1;2;1;3;1;3;2;1;2;2;1;1;2;3;2;1;1;1;2;1;1;2;2;2;2;1;3;3;3;1;1;1;2;3;3;1;1;2;1;3;1;2;3;3;1;2;1;2;3;1;1;3;1;1;3;3;0;3;3;3;3;3;2;3;3;2;1;3;3;2;3;3;2;3;2;1;2;3;1;1;1;3;3;1;2;1;3;0;1;3;2;2;2;2;0,807629945737;0,742679608339;0,746798804094;0,800564475967;0,77274755186;5,01689565779;0;0;0;0
1;1;1;3;1;2;2;2;1;3;1;2;2;2;1;3;3;2;1;1;2;2;3;2;1;3;3;3;2;3;3;2;2;3;2;1;2;2;2;3;3;2;3;3;2;3;3;3;3;3;3;1;2;2;3;3;3;2;1;1;3;2;2;3;1;2;2;2;3;1;2;0;1;3;1;1;2;2;2;1;2;2;1;3;3;2;1;3;1;3;2;1;2;2;1;1;2;3;2;2;1;1;2;1;1;2;2;2;2;1;3;3;3;1;1;1;2;3;3;1;1;2;1;3;1;2;3;3;1;2;1;2;3;1;1;3;1;1;2;3;0;3;3;3;3;3;2;3;3;2;1;3;3;2;3;3;2;3;2;1;2;3;1;1;2;3;3;1;2;1;3;0;1;3;2;2;2;2;0,820364292627;0,766910531472;0,77065066527;0,824240824306;0,796545399791;5,01720929789;0;0;0;0
1;1;1;3;1;2;2;2;1;3;1;2;2;2;1;3;3;2;1;1;2;2;3;2;1;3;3;3;2;3;3;2;2;3;2;1;2;2;2;3;3;2;3;3;2;3;3;3;3;3;3;1;2;2;3;3;3;2;1;1;3;2;2;3;1;2;2;2;3;1;2;0;1;3;1;1;2;2;2;1;2;2;1;3;3;2;1;3;1;3;2;1;2;2;1;1;2;3;2;2;1;1;2;1;1;2;2;2;2;1;3;3;3;1;1;1;2;3;3;1;1;2;1;3;1;2;3;3;1;2;1;2;3;1;1;3;1;1;2;3;0;3;3;3;3;3;2;3;3;2;1;3;3;2;3;3;2;3;2;1;2;3;1;1;2;3;3;1;2;1;3;0;1;3;2;2;2;2;0,820364292627;0,766910531472;0,77065066527;0,824240824306;0,796545399791;5,01720929789;0;0;0;0
1;1;1;3;1;2;2;2;1;3;1;2;2;2;1;3;3;2;1;1;2;2;3;2;1;3;3;3;2;3;3;2;2;3;2;1;2;2;2;3;3;2;3;3;2;3;3;3;3;3;3;1;2;2;3;3;3;2;1;1;3;2;2;3;1;2;2;2;3;1;2;0;1;3;1;1;2;2;2;1;2;2;1;3;3;2;1;3;1;3;2;1;2;2;1;1;2;3;2;2;1;1;2;1;1;2;2;2;2;1;3;3;3;1;1;1;2;3;3;1;1;2;1;3;1;2;3;3;1;2;1;2;3;1;1;3;1;1;2;3;0;3;3;3;3;3;2;3;3;2;1;3;3;2;3;3;2;3;2;1;2;3;1;1;2;3;3;1;2;1;3;0;1;3;2;2;2;2;0,820364292627;0,766910531472;0,77065066527;0,824240824306;0,796545399791;5,01720929789;0;0;0;0
1;1;1;3;1;2;2;2;1;3;1;2;2;2;1;3;3;2;1;1;2;2;3;2;1;3;3;3;2;3;3;2;2;3;2;1;2;2;2;3;3;2;3;3;2;3;3;3;3;3;3;1;2;2;3;3;3;2;1;1;3;2;2;3;1;2;2;2;3;1;2;0;1;3;1;1;2;2;2;1;2;2;1;3;3;2;1;3;1;3;2;1;2;2;1;1;2;3;2;2;1;1;2;1;1;2;2;2;2;1;3;3;3;1;1;1;2;3;3;1;1;2;1;3;1;2;3;3;1;2;1;2;3;1;1;3;1;1;2;3;0;3;3;3;3;3;2;3;3;2;1;3;3;2;3;3;2;3;2;1;2;3;1;1;2;3;3;1;2;1;3;0;1;3;2;2;2;2;0,820364292627;0,766910531472;0,77065066527;0,824240824306;0,796545399791;5,01720929789;0;0;0;0
1;1;1;3;1;2;2;2;1;3;1;2;2;2;1;3;3;2;1;1;2;2;3;2;1;3;3;3;2;3;3;2;2;3;2;1;2;2;2;3;3;2;3;3;2;3;3;3;3;3;3;1;2;2;3;3;3;2;1;1;3;2;2;3;1;2;2;2;3;1;2;0;1;3;1;1;2;2;2;1;2;2;1;3;3;2;1;3;1;3;2;1;2;2;1;1;2;3;2;2;1;1;2;1;1;2;2;2;2;1;3;3;3;1;1;1;2;3;3;1;1;2;1;3;1;2;3;3;1;2;1;2;3;1;1;3;1;1;2;3;0;3;3;3;3;3;2;3;3;2;1;3;3;2;3;3;2;3;2;1;2;3;1;1;2;3;3;1;2;1;3;0;1;3;2;2;2;2;0,820364292627;0,766910531472;0,77065066527;0,824240824306;0,796545399791;5,01720929789;0;0;0;0
1;1;1;3;1;2;2;2;1;3;1;2;2;2;1;3;3;2;1;1;2;2;3;2;1;3;3;3;2;3;3;2;2;3;2;1;2;2;2;3;3;2;3;3;2;3;3;3;3;3;3;1;2;2;3;3;3;2;1;1;3;2;2;3;1;2;2;2;3;1;2;0;1;3;1;1;2;2;2;1;2;2;1;3;3;2;1;3;1;3;2;1;2;2;1;1;2;3;2;1;1;1;2;1;1;2;2;2;2;1;3;3;3;1;1;1;2;3;3;1;1;2;1;3;1;2;3;3;1;2;1;2;3;1;1;3;1;1;2;3;0;3;3;3;3;3;2;3;3;2;1;3;3;2;3;3;2;3;2;1;2;3;1;1;1;3;3;1;2;1;3;0;1;3;2;2;2;2;0,806399118888;0,741284421759;0,745428483932;0,798621343104;0,771108660617;5,03070477769;0;0;0;0
1;1;1;3;1;2;2;2;1;3;1;2;2;2;1;3;3;2;1;1;2;2;3;2;1;3;3;3;2;3;3;2;2;3;2;1;2;2;2;3;3;2;3;3;2;3;3;3;3;3;3;1;2;2;3;3;3;2;1;1;3;2;2;3;1;2;2;2;3;1;2;0;1;3;1;1;2;2;2;1;2;2;1;3;3;2;1;3;1;3;2;1;2;2;1;1;2;3;2;1;1;1;2;1;1;2;2;2;2;1;3;3;3;1;1;1;2;3;3;1;1;2;1;3;1;2;3;3;1;2;1;2;3;1;1;3;1;1;2;3;0;3;3;3;3;3;2;3;3;2;1;3;3;2;3;3;2;3;2;1;2;3;1;1;1;3;3;1;2;1;3;0;1;3;2;2;2;2;0,806399118888;0,741284421759;0,745428483932;0,798621343104;0,771108660617;5,03070477769;0;0;0;0
1;1;1;3;1;2;2;2;1;3;1;2;2;2;1;3;3;2;1;1;2;2;3;2;1;3;3;3;2;3;3;2;2;3;2;1;2;2;2;3;3;2;3;3;2;3;3;3;3;3;3;1;2;2;3;3;3;2;1;1;3;2;2;3;1;2;2;2;3;1;2;0;1;3;1;1;2;2;2;1;2;2;1;3;3;2;1;3;1;3;2;1;2;2;1;1;2;3;2;1;1;1;2;1;1;2;2;2;2;1;3;3;3;1;1;1;2;3;3;1;1;2;1;3;1;2;3;3;1;2;1;2;3;1;1;3;1;1;2;3;0;3;3;3;3;3;2;3;3;2;1;3;3;2;3;3;2;3;2;1;2;3;1;1;1;3;3;1;2;1;3;0;1;3;2;2;2;2;0,806399118888;0,741284421759;0,745428483932;0,798621343104;0,771108660617;5,03070477769;0;0;0;0
1;1;1;3;1;2;2;2;1;3;1;2;2;2;1;3;3;2;1;1;2;2;3;2;1;3;3;3;2;3;3;2;2;3;2;1;2;2;2;3;3;2;3;3;2;3;3;3;3;3;3;1;2;2;3;3;3;2;1;1;3;2;2;3;1;2;2;2;3;1;2;0;1;3;1;1;2;2;2;1;2;2;1;3;3;2;1;3;1;3;2;1;2;2;1;1;2;3;2;1;1;1;2;1;1;2;2;2;2;1;3;3;3;1;1;1;2;3;3;1;1;2;1;3;1;2;3;3;1;2;1;2;3;1;1;3;1;1;2;3;0;3;3;3;3;3;2;3;3;2;1;3;3;2;3;3;2;3;2;1;2;3;1;1;1;3;3;1;2;1;3;0;1;3;2;2;2;2;0,806399118888;0,741284421759;0,745428483932;0,798621343104;0,771108660617;5,03070477769;0;0;0;0
1;1;1;3;1;2;2;2;1;3;1;2;2;2;1;3;3;2;1;1;2;2;3;2;1;3;3;3;2;3;3;2;2;3;2;1;2;2;2;3;3;2;3;3;2;3;3;3;3;3;3;1;2;2;3;3;3;2;1;1;3;2;2;3;1;2;2;2;3;1;2;0;1;3;1;1;2;2;2;1;2;2;1;3;3;2;1;3;1;3;2;1;2;2;1;1;2;3;2;1;1;1;2;1;1;2;2;2;2;1;3;3;3;1;1;1;2;3;3;1;1;2;1;3;1;2;3;3;1;2;1;2;3;1;1;3;1;1;2;3;0;3;3;3;3;3;2;3;3;2;1;3;3;2;3;3;2;3;2;1;2;3;1;1;1;3;3;1;2;1;3;0;1;3;2;2;2;2;0,806399118888;0,741284421759;0,745428483932;0,798621343104;0,771108660617;5,03070477769;0;0;0;0
