10;40;30;db;Cosine;2;4
7;5;4;4;4;4;6;4;4;7;7;7;6;6;4;0;2;2;0;0;7;4;6;2;7;4;7;4;0;4;7;7;2;6;5;6;7;6;4;4;7;4;4;7;4;7;6;2;2;6;4;4;4;0;4;0;2;7;4;7;2;4;4;2;4;5;4;4;4;4;6;7;4;7;2;6;2;4;1;4;4;2;4;2;7;6;7;4;7;4;3;2;4;7;7;1;7;2;6;2;5;6;6;2;7;0;2;7;4;4;7;0;4;6;2;0;4;4;7;2;4;4;2;4;6;4;0;4;4;4;0;6;2;7;0;7;7;4;0;2;7;6;4;6;6;6;7;0;5;4;6;4;4;2;0;4;4;2;2;4;3;6;7;7;4;2;0;0;7;4;4;4;2;4;4;2;4;6;0,248420984505;0,302688134233;0,321039360237;0,497871599261;0,390363269298;3,3055234923;0;0;0;0
0;4;1;5;5;3;5;5;5;0;0;0;5;5;5;3;0;0;3;5;0;3;5;0;4;3;0;3;3;2;4;4;0;5;0;5;4;5;0;5;0;5;5;5;5;0;5;0;0;5;3;3;5;3;3;0;0;5;3;5;0;3;5;0;5;0;0;0;5;5;5;0;1;5;0;5;0;0;2;1;5;0;1;0;0;5;0;3;0;5;5;0;5;4;4;2;0;0;5;0;0;5;5;0;5;3;0;0;0;3;5;3;5;5;0;5;2;1;0;0;5;5;0;3;5;5;3;4;5;3;3;5;0;5;3;0;5;5;3;2;0;5;3;5;5;5;0;3;0;5;5;5;5;0;3;5;3;0;5;4;4;5;0;4;3;0;3;1;5;4;5;3;2;5;5;0;5;5;0,430061804471;0,404921445719;0,417699809873;0,554106333772;0,476329794331;3,31398528926;0;0;0;0
1;2;4;0;0;4;0;0;0;1;2;2;0;0;0;0;0;0;4;0;2;4;0;1;2;0;1;4;0;0;1;2;4;3;1;0;0;0;4;0;2;0;0;0;0;2;0;2;2;0;4;4;0;4;0;0;1;0;0;0;1;0;0;2;0;1;0;4;0;0;0;1;0;0;4;0;1;4;0;0;0;1;0;0;1;0;2;4;1;0;3;1;0;2;2;0;2;1;0;2;2;0;0;0;0;4;0;3;0;4;0;4;0;0;1;0;0;4;1;1;0;0;1;4;0;0;4;0;0;4;4;3;2;0;0;2;0;0;4;0;3;0;0;0;0;0;1;4;2;0;0;0;0;1;4;0;0;1;0;0;0;0;2;0;4;1;4;0;0;4;0;0;0;0;0;1;0;0;0,4115806465;0,510489394317;0,520035538352;0,5963535189;0,555585924521;3,44251087988;0;0;0;0
1;2;4;0;0;4;0;0;0;1;2;2;0;0;0;0;0;0;4;0;2;4;0;1;2;0;1;4;0;0;1;2;4;3;1;0;0;0;4;0;2;0;0;0;0;2;0;2;2;0;4;4;0;4;0;0;1;0;0;0;1;0;0;2;0;1;0;4;0;0;0;1;0;0;4;0;1;4;0;0;0;1;0;0;1;0;2;4;1;0;3;1;0;2;2;0;2;1;0;2;2;0;0;0;0;4;0;3;0;4;0;4;0;0;1;0;0;4;1;1;0;0;1;4;0;0;4;0;0;4;4;3;2;0;0;2;0;0;4;0;3;0;0;0;0;0;1;4;2;0;0;0;0;1;4;0;0;1;0;0;0;0;2;0;4;1;4;0;0;4;0;0;0;0;0;1;0;0;0,4115806465;0,510489394317;0,520035538352;0,5963535189;0,555585924521;3,44251087988;0;0;0;0
1;2;4;0;0;4;0;0;0;1;2;2;0;0;0;0;0;0;4;0;2;4;0;1;2;0;1;4;0;0;1;2;4;3;1;0;0;0;4;0;2;0;0;0;0;2;0;2;2;0;4;4;0;4;0;0;1;0;0;0;1;0;0;2;0;1;0;4;0;0;0;1;0;0;4;0;1;4;0;0;0;1;0;0;1;0;2;4;1;0;3;1;0;2;2;0;2;1;0;2;2;0;0;0;0;4;0;3;0;4;0;4;0;0;1;0;0;4;1;1;0;0;1;4;0;0;4;0;0;4;4;3;2;0;0;2;0;0;4;0;3;0;0;0;0;0;1;4;2;0;0;0;0;1;4;0;0;1;0;0;0;0;2;0;4;1;4;0;0;4;0;0;0;0;0;1;0;0;0,4115806465;0,510489394317;0,520035538352;0,5963535189;0,555585924521;3,44251087988;0;0;0;0
1;2;4;0;0;4;0;0;0;1;2;2;0;0;0;0;0;0;4;0;2;4;0;1;2;0;1;4;0;0;1;2;4;3;1;0;0;0;4;0;2;0;0;0;0;2;0;2;2;0;4;4;0;4;0;0;1;0;0;0;1;0;0;2;0;1;0;4;0;0;0;1;0;0;4;0;1;4;0;0;0;1;0;0;1;0;2;4;1;0;3;1;0;2;2;0;2;1;0;2;2;0;0;0;0;4;0;3;0;4;0;4;0;0;1;0;0;4;1;1;0;0;1;4;0;0;4;0;0;4;4;3;2;0;0;2;0;0;4;0;3;0;0;0;0;0;1;4;2;0;0;0;0;1;4;0;0;1;0;0;0;0;2;0;4;1;4;0;0;4;0;0;0;0;0;1;0;0;0,4115806465;0,510489394317;0,520035538352;0,5963535189;0,555585924521;3,44251087988;0;0;0;0
0;0;1;5;5;1;5;0;5;0;0;0;5;5;3;3;0;0;3;5;0;1;5;0;0;3;0;1;3;5;4;4;0;5;0;5;0;5;1;5;0;1;1;5;1;0;5;0;0;5;1;1;5;3;3;0;0;5;1;5;0;1;1;0;1;0;0;0;5;5;5;0;1;5;0;5;0;1;2;1;5;0;1;0;0;5;0;3;0;5;5;0;5;0;0;0;0;0;5;0;0;5;5;0;5;3;0;0;1;3;5;3;5;5;0;3;2;1;0;0;0;1;0;1;5;5;3;4;1;1;1;5;0;5;3;0;5;5;3;0;1;5;1;5;5;5;0;1;0;5;5;1;5;0;1;1;3;0;5;4;4;5;0;0;3;0;3;1;5;1;5;3;0;5;5;0;5;1;0,428755300505;0,404192800569;0,417179227794;0,551983851194;0,475206292498;3,86165844863;0;0;0;0
0;0;1;5;5;1;5;0;5;0;0;0;5;5;3;3;0;0;3;5;0;1;5;0;0;3;0;1;3;5;4;4;0;5;0;5;0;5;1;5;0;1;1;5;1;0;5;0;0;5;1;1;5;3;3;0;0;5;1;5;0;1;1;0;1;0;0;0;5;5;5;0;1;5;0;5;0;1;2;1;5;0;1;0;0;5;0;3;0;5;5;0;5;0;0;0;0;0;5;0;0;5;5;0;5;3;0;0;1;3;5;3;5;5;0;3;2;1;0;0;0;1;0;1;5;5;3;4;1;1;1;5;0;5;3;0;5;5;3;0;1;5;1;5;5;5;0;1;0;5;5;1;5;0;1;1;3;0;5;4;4;5;0;0;3;0;3;1;5;1;5;3;0;5;5;0;5;1;0,428755300505;0,404192800569;0,417179227794;0,551983851194;0,475206292498;3,86165844863;0;0;0;0
0;0;1;5;5;1;5;0;5;0;0;0;5;5;3;3;0;0;3;5;0;1;5;0;0;3;0;1;3;5;4;4;0;5;0;5;0;5;1;5;0;1;1;5;1;0;5;0;0;5;1;1;5;3;3;0;0;5;1;5;0;1;1;0;1;0;0;0;5;5;5;0;1;5;0;5;0;1;2;1;5;0;1;0;0;5;0;3;0;5;5;0;5;0;0;0;0;0;5;0;0;5;5;0;5;3;0;0;1;3;5;3;5;5;0;3;2;1;0;0;0;1;0;1;5;5;3;4;1;1;1;5;0;5;3;0;5;5;3;0;1;5;1;5;5;5;0;1;0;5;5;1;5;0;1;1;3;0;5;4;4;5;0;0;3;0;3;1;5;1;5;3;0;5;5;0;5;1;0,428755300505;0,404192800569;0,417179227794;0,551983851194;0,475206292498;3,86165844863;0;0;0;0
0;0;1;5;5;1;5;0;5;0;0;0;5;5;3;3;0;0;3;5;0;1;5;0;0;3;0;1;3;5;4;4;0;5;0;5;0;5;1;5;0;1;1;5;1;0;5;0;0;5;1;1;5;3;3;0;0;5;1;5;0;1;1;0;1;0;0;0;5;5;5;0;1;5;0;5;0;1;2;1;5;0;1;0;0;5;0;3;0;5;5;0;5;0;0;0;0;0;5;0;0;5;5;0;5;3;0;0;1;3;5;3;5;5;0;3;2;1;0;0;0;1;0;1;5;5;3;4;1;1;1;5;0;5;3;0;5;5;3;0;1;5;1;5;5;5;0;1;0;5;5;1;5;0;1;1;3;0;5;4;4;5;0;0;3;0;3;1;5;1;5;3;0;5;5;0;5;1;0,428755300505;0,404192800569;0,417179227794;0,551983851194;0,475206292498;3,86165844863;0;0;0;0
0;0;1;5;5;1;5;0;5;0;0;0;5;5;3;3;0;0;3;5;0;1;5;0;0;3;0;1;3;5;4;4;0;5;0;5;0;5;1;5;0;1;1;5;1;0;5;0;0;5;1;1;5;3;3;0;0;5;1;5;0;1;1;0;1;0;0;0;5;5;5;0;1;5;0;5;0;1;2;1;5;0;1;0;0;5;0;3;0;5;5;0;5;0;0;0;0;0;5;0;0;5;5;0;5;3;0;0;1;3;5;3;5;5;0;3;2;1;0;0;0;1;0;1;5;5;3;4;1;1;1;5;0;5;3;0;5;5;3;0;1;5;1;5;5;5;0;1;0;5;5;1;5;0;1;1;3;0;5;4;4;5;0;0;3;0;3;1;5;1;5;3;0;5;5;0;5;1;0,428755300505;0,404192800569;0,417179227794;0,551983851194;0,475206292498;3,86165844863;0;0;0;0
0;0;1;5;5;1;5;0;5;0;0;0;5;5;3;3;0;0;3;5;0;1;5;0;0;3;0;1;3;5;4;4;0;5;0;5;0;5;1;5;0;1;1;5;1;0;5;0;0;5;1;1;5;3;3;0;0;5;1;5;0;1;1;0;1;0;0;0;5;5;5;0;1;5;0;5;0;1;2;1;5;0;1;0;0;5;0;3;0;5;5;0;5;0;0;0;0;0;5;0;0;5;5;0;5;3;0;0;1;3;5;3;5;5;0;3;2;1;0;0;0;1;0;1;5;5;3;4;1;1;1;5;0;5;3;0;5;5;3;0;1;5;1;5;5;5;0;1;0;5;5;1;5;0;1;1;3;0;5;4;4;5;0;0;1;0;3;1;5;1;5;3;0;5;5;0;5;5;0,43937497096;0,411179442925;0,424076328173;0,558660188889;0,482152759132;3,92443189838;0;0;0;0
0;0;1;5;5;1;5;0;5;0;0;0;5;5;3;3;0;0;3;5;0;1;5;0;0;3;0;1;3;5;4;4;0;5;0;5;0;5;1;5;0;1;1;5;1;0;5;0;0;5;1;1;5;3;3;0;0;5;1;5;0;1;1;0;1;0;0;0;5;5;5;0;1;5;0;5;0;1;2;1;5;0;1;0;0;5;0;3;0;5;5;0;5;0;0;0;0;0;5;0;0;5;5;0;5;3;0;0;1;3;5;3;5;5;0;3;2;1;0;0;0;1;0;1;5;5;3;4;1;1;1;5;0;5;3;0;5;5;3;0;1;5;1;5;5;5;0;1;0;5;5;1;5;0;1;1;3;0;5;4;4;5;0;0;1;0;3;1;5;1;5;3;0;5;5;0;5;5;0,43937497096;0,411179442925;0,424076328173;0,558660188889;0,482152759132;3,92443189838;0;0;0;0
1;4;0;2;0;0;0;2;2;1;4;1;2;2;0;0;1;2;0;0;4;0;2;1;4;0;1;0;0;2;3;4;0;2;1;2;1;2;0;2;4;0;0;2;0;4;2;1;1;2;0;0;2;0;0;1;1;2;0;2;1;0;2;4;5;1;0;0;2;2;2;1;0;2;0;5;1;0;0;0;0;1;0;1;1;2;4;0;1;0;6;1;0;4;4;0;3;1;2;1;1;2;2;1;5;0;1;6;0;0;0;0;2;2;1;0;0;0;1;1;0;0;1;0;2;0;0;0;5;0;0;6;1;5;0;4;2;2;0;1;6;2;0;2;2;2;1;0;4;2;2;0;2;1;0;2;0;4;0;2;0;2;1;0;0;1;0;0;2;0;2;0;0;0;2;1;2;2;0,560684354815;0,514856782362;0,527469729956;0,719567794399;0,608723030035;3,96277639546;0;0;0;0
1;4;0;2;0;0;0;2;2;1;4;1;2;2;0;0;1;2;0;0;4;0;2;1;4;0;1;0;0;2;3;4;0;2;1;2;1;2;0;2;4;0;0;2;0;4;2;1;1;2;0;0;2;0;0;1;1;2;0;2;1;0;2;4;5;1;0;0;2;2;2;1;0;2;0;5;1;0;0;0;0;1;0;1;1;2;4;0;1;0;6;1;0;4;4;0;3;1;2;1;1;2;2;1;5;0;1;6;0;0;0;0;2;2;1;0;0;0;1;1;0;0;1;0;2;0;0;0;5;0;0;6;1;5;0;4;2;2;0;1;6;2;0;2;2;2;1;0;4;2;2;0;2;1;0;2;0;4;0;2;0;2;1;0;0;1;0;0;2;0;2;0;0;0;2;1;2;2;0,560684354815;0,514856782362;0,527469729956;0,719567794399;0,608723030035;3,96277639546;0;0;0;0
1;4;0;2;0;0;0;2;2;1;4;1;2;2;0;0;1;2;0;0;4;0;2;1;4;0;1;0;0;2;3;4;0;2;1;2;1;2;0;2;4;0;0;2;0;4;2;1;1;2;0;0;2;0;0;1;1;2;0;2;1;0;2;4;5;1;0;0;2;2;2;1;0;2;0;5;1;0;0;0;0;1;0;1;1;2;4;0;1;0;6;1;0;4;4;0;3;1;2;1;1;2;2;1;5;0;1;6;0;0;0;0;2;2;1;0;0;0;1;1;0;0;1;0;2;0;0;0;5;0;0;6;1;5;0;4;2;2;0;1;6;2;0;2;2;2;1;0;4;2;2;0;2;1;0;2;0;4;0;2;0;2;1;0;0;1;0;0;2;0;2;0;0;0;2;1;2;2;0,560684354815;0,514856782362;0,527469729956;0,719567794399;0,608723030035;3,96277639546;0;0;0;0
1;4;0;2;0;0;0;2;2;1;4;1;2;2;0;0;1;2;0;0;4;0;2;1;4;0;1;0;0;2;3;4;0;2;1;2;1;2;0;2;4;0;0;2;0;4;2;1;1;2;0;0;2;0;0;1;1;2;0;2;1;0;2;4;5;1;0;0;2;2;2;1;0;2;0;5;1;0;0;0;0;1;0;1;1;2;4;0;1;0;6;1;0;4;4;0;3;1;2;1;1;2;2;1;5;0;1;6;0;0;0;0;2;2;1;0;0;0;1;1;0;0;1;0;2;0;0;0;5;0;0;6;1;5;0;4;2;2;0;1;6;2;0;2;2;2;1;0;4;2;2;0;2;1;0;2;0;4;0;2;0;2;1;0;0;1;0;0;2;0;2;0;0;0;2;1;2;2;0,560684354815;0,514856782362;0,527469729956;0,719567794399;0,608723030035;3,96277639546;0;0;0;0
1;4;0;2;0;0;0;2;2;1;4;1;2;2;0;0;1;2;0;0;4;0;2;1;4;0;1;0;0;2;3;4;0;2;1;2;1;2;0;2;4;0;0;2;0;4;2;1;1;2;0;0;2;0;0;1;1;2;0;2;1;0;2;4;5;1;0;0;2;2;2;1;0;2;0;5;1;0;0;0;0;1;0;1;1;2;4;0;1;0;6;1;0;4;4;0;3;1;2;1;1;2;2;1;5;0;1;6;0;0;0;0;2;2;1;0;0;0;1;1;0;0;1;0;2;0;0;0;5;0;0;6;1;5;0;4;2;2;0;1;6;2;0;2;2;2;1;0;4;2;2;0;2;1;0;2;0;4;0;2;0;2;1;0;0;1;0;0;2;0;2;0;0;0;2;1;2;2;0,560684354815;0,514856782362;0,527469729956;0,719567794399;0,608723030035;3,96277639546;0;0;0;0
1;4;0;2;0;0;0;2;2;1;4;1;2;2;0;0;1;2;0;0;4;0;2;1;4;0;1;0;0;2;3;4;0;2;1;2;1;2;0;2;4;0;0;2;0;4;2;1;1;2;0;0;2;0;0;1;1;2;0;2;1;0;2;4;5;1;0;0;2;2;2;1;0;2;0;5;1;0;0;0;0;1;0;1;1;2;4;0;1;0;6;1;0;4;4;0;3;1;2;1;1;2;2;1;5;0;1;6;0;0;0;0;2;2;1;0;0;0;1;1;0;0;1;0;2;0;0;0;5;0;0;6;1;5;0;4;2;2;0;1;6;2;0;2;2;2;1;0;4;2;2;0;2;1;0;2;0;4;0;2;0;2;1;0;0;1;0;0;2;0;2;0;0;0;2;1;2;2;0,560684354815;0,514856782362;0,527469729956;0,719567794399;0,608723030035;3,96277639546;0;0;0;0
1;4;0;2;0;0;0;2;2;1;4;1;2;2;0;0;1;2;0;0;4;0;2;1;4;0;1;0;0;2;3;4;0;2;1;2;1;2;0;2;4;0;0;2;0;4;2;1;1;2;0;0;2;0;0;1;1;2;0;2;1;0;2;4;5;1;0;0;2;2;2;1;0;2;0;5;1;0;0;0;0;1;0;1;1;2;4;0;1;0;6;1;0;4;4;0;3;1;2;1;1;2;2;1;5;0;1;6;0;0;0;0;2;2;1;0;0;0;1;1;0;0;1;0;2;0;0;0;5;0;0;6;1;5;0;4;2;2;0;1;6;2;0;2;2;2;1;0;4;2;2;0;2;1;0;2;0;4;0;2;0;2;1;0;0;1;0;0;2;0;2;0;0;0;2;1;2;2;0,560684354815;0,514856782362;0,527469729956;0,719567794399;0,608723030035;3,96277639546;0;0;0;0
1;4;0;2;0;0;0;2;2;1;4;1;2;2;0;0;1;2;0;0;4;0;2;1;4;0;1;0;0;2;3;4;0;2;1;2;1;2;0;2;4;0;0;2;0;4;2;1;1;2;0;0;2;0;0;1;1;2;0;2;1;0;2;4;5;1;0;0;2;2;2;1;0;2;0;5;1;0;0;0;0;1;0;1;1;2;4;0;1;0;6;1;0;4;4;0;3;1;2;1;1;2;2;1;5;0;1;6;0;0;0;0;2;2;1;0;0;0;1;1;0;0;1;0;2;0;0;0;5;0;0;6;1;5;0;4;2;2;0;1;6;2;0;2;2;2;1;0;4;2;2;0;2;1;0;2;0;4;0;2;0;2;1;0;0;1;0;0;2;0;2;0;0;0;2;1;2;2;0,560684354815;0,514856782362;0,527469729956;0,719567794399;0,608723030035;3,96277639546;0;0;0;0
1;4;0;2;0;0;0;2;2;1;4;1;2;2;0;0;1;2;0;0;4;0;2;1;4;0;1;0;0;2;3;4;0;2;1;2;1;2;0;2;4;0;0;2;0;4;2;1;1;2;0;0;2;0;0;1;1;2;0;2;1;0;2;4;5;1;0;0;2;2;2;1;0;2;0;5;1;0;0;0;0;1;0;1;1;2;4;0;1;0;6;1;0;4;4;0;3;1;2;1;1;2;2;1;5;0;1;6;0;0;0;0;2;2;1;0;0;0;1;1;0;0;1;0;2;0;0;0;5;0;0;6;1;5;0;4;2;2;0;1;6;2;0;2;2;2;1;0;4;2;2;0;2;1;0;2;0;4;0;2;0;2;1;0;0;1;0;0;2;0;2;0;0;0;2;1;2;2;0,560684354815;0,514856782362;0,527469729956;0,719567794399;0,608723030035;3,96277639546;0;0;0;0
1;4;0;2;0;0;0;2;2;1;4;1;2;2;0;0;1;2;0;0;4;0;2;1;4;0;1;0;0;2;3;4;0;2;1;2;1;2;0;2;4;0;0;2;0;4;2;1;1;2;0;0;2;0;0;1;1;2;0;2;1;0;2;4;5;1;0;0;2;2;2;1;0;2;0;5;1;0;0;0;0;1;0;1;1;2;4;0;1;0;6;1;0;4;4;0;3;1;2;1;1;2;2;1;5;0;1;6;0;0;0;0;2;2;1;0;0;0;1;1;0;0;1;0;2;0;0;0;5;0;0;6;1;5;0;4;2;2;0;1;6;2;0;2;2;2;1;0;4;2;2;0;2;1;0;2;0;4;0;2;0;2;1;0;0;1;0;0;2;0;2;0;0;0;2;1;2;2;0,560684354815;0,514856782362;0,527469729956;0,719567794399;0,608723030035;3,96277639546;0;0;0;0
1;4;0;2;0;0;0;2;2;1;4;1;2;2;0;0;1;2;0;0;4;0;2;1;4;0;1;0;0;2;3;4;0;2;1;2;1;2;0;2;4;0;0;2;0;4;2;1;1;2;0;0;2;0;0;1;1;2;0;2;1;0;2;4;5;1;0;0;2;2;2;1;0;2;0;5;1;0;0;0;0;1;0;1;1;2;4;0;1;0;6;1;0;4;4;0;3;1;2;1;1;2;2;1;5;0;1;6;0;0;0;0;2;2;1;0;0;0;1;1;0;0;1;0;2;0;0;0;5;0;0;6;1;5;0;4;2;2;0;1;6;2;0;2;2;2;1;0;4;2;2;0;2;1;0;2;0;4;0;2;0;2;1;0;0;1;0;0;2;0;2;0;0;0;2;1;2;2;0,560684354815;0,514856782362;0,527469729956;0,719567794399;0,608723030035;3,96277639546;0;0;0;0
1;4;0;2;0;0;0;2;2;1;4;1;2;2;0;0;1;2;0;0;4;0;2;1;4;0;1;0;0;2;3;4;0;2;1;2;1;2;0;2;4;0;0;2;0;4;2;1;1;2;0;0;2;0;0;1;1;2;0;2;1;0;2;4;5;1;0;0;2;2;2;1;0;2;0;5;1;0;0;0;0;1;0;1;1;2;4;0;1;0;6;1;0;4;4;0;3;1;2;1;1;2;2;1;5;0;1;6;0;0;0;0;2;2;1;0;0;0;1;1;0;0;1;0;2;0;0;0;5;0;0;6;1;5;0;4;2;2;0;1;6;2;0;2;2;2;1;0;4;2;2;0;2;1;0;2;0;4;0;2;0;2;1;0;0;1;0;0;2;0;2;0;0;0;2;1;2;2;0,560684354815;0,514856782362;0,527469729956;0,719567794399;0,608723030035;3,96277639546;0;0;0;0
1;4;0;2;0;0;0;2;2;1;4;1;2;2;0;0;1;2;0;0;4;0;2;1;4;0;1;0;0;2;3;4;0;2;1;2;1;2;0;2;4;0;0;2;0;4;2;1;1;2;0;0;2;0;0;1;1;2;0;2;1;0;2;4;5;1;0;0;2;2;2;1;0;2;0;5;1;0;0;0;0;1;0;1;1;2;4;0;1;0;6;1;0;4;4;0;3;1;2;1;1;2;2;1;5;0;1;6;0;0;0;0;2;2;1;0;0;0;1;1;0;0;1;0;2;0;0;0;5;0;0;6;1;5;0;4;2;2;0;1;6;2;0;2;2;2;1;0;4;2;2;0;2;1;0;2;0;4;0;2;0;2;1;0;0;1;0;0;2;0;2;0;0;0;2;1;2;2;0,560684354815;0,514856782362;0,527469729956;0,719567794399;0,608723030035;3,96277639546;0;0;0;0
1;4;0;2;0;0;0;2;2;1;4;1;2;2;0;0;1;2;0;0;4;0;2;1;4;0;1;0;0;2;3;4;0;2;1;2;1;2;0;2;4;0;0;2;0;4;2;1;1;2;0;0;2;0;0;1;1;2;0;2;1;0;2;4;5;1;0;0;2;2;2;1;0;2;0;5;1;0;0;0;0;1;0;1;1;2;4;0;1;0;6;1;0;4;4;0;3;1;2;1;1;2;2;1;5;0;1;6;0;0;0;0;2;2;1;0;0;0;1;1;0;0;1;0;2;0;0;0;5;0;0;6;1;5;0;4;2;2;0;1;6;2;0;2;2;2;1;0;4;2;2;0;2;1;0;2;0;4;0;2;0;2;1;0;0;1;0;0;2;0;2;0;0;0;2;1;2;2;0,560684354815;0,514856782362;0,527469729956;0,719567794399;0,608723030035;3,96277639546;0;0;0;0
1;4;0;2;0;0;0;2;2;1;4;1;2;2;0;0;1;2;0;0;4;0;2;1;4;0;1;0;0;2;3;4;0;2;1;2;1;2;0;2;4;0;0;2;0;4;2;1;1;2;0;0;2;0;0;1;1;2;0;2;1;0;2;4;5;1;0;0;2;2;2;1;0;2;0;5;1;0;0;0;0;1;0;1;1;2;4;0;1;0;6;1;0;4;4;0;3;1;2;1;1;2;2;1;5;0;1;6;0;0;0;0;2;2;1;0;0;0;1;1;0;0;1;0;2;0;0;0;5;0;0;6;1;5;0;4;2;2;0;1;6;2;0;2;2;2;1;0;4;2;2;0;2;1;0;2;0;4;0;2;0;2;1;0;0;1;0;0;2;0;2;0;0;0;2;1;2;2;0,560684354815;0,514856782362;0,527469729956;0,719567794399;0,608723030035;3,96277639546;0;0;0;0
1;4;0;2;0;0;0;2;2;1;4;1;2;2;0;0;1;2;0;0;4;0;2;1;4;0;1;0;0;2;3;4;0;2;1;2;1;2;0;2;4;0;0;2;0;4;2;1;1;2;0;0;2;0;0;1;1;2;0;2;1;0;2;4;5;1;0;0;2;2;2;1;0;2;0;5;1;0;0;0;0;1;0;1;1;2;4;0;1;0;6;1;0;4;4;0;3;1;2;1;1;2;2;1;5;0;1;6;0;0;0;0;2;2;1;0;0;0;1;1;0;0;1;0;2;0;0;0;5;0;0;6;1;5;0;4;2;2;0;1;6;2;0;2;2;2;1;0;4;2;2;0;2;1;0;2;0;4;0;2;0;2;1;0;0;1;0;0;2;0;2;0;0;0;2;1;2;2;0,560684354815;0,514856782362;0,527469729956;0,719567794399;0,608723030035;3,96277639546;0;0;0;0
1;4;0;2;0;0;0;2;2;1;4;1;2;2;0;0;1;2;0;0;4;0;2;1;4;0;1;0;0;2;3;4;0;2;1;2;1;2;0;2;4;0;0;2;0;4;2;1;1;2;0;0;2;0;0;1;1;2;0;2;1;0;2;4;5;1;0;0;2;2;2;1;0;2;0;5;1;0;0;0;0;1;0;1;1;2;4;0;1;0;6;1;0;4;4;0;3;1;2;1;1;2;2;1;5;0;1;6;0;0;0;0;2;2;1;0;0;0;1;1;0;0;1;0;2;0;0;0;5;0;0;6;1;5;0;4;2;2;0;1;6;2;0;2;2;2;1;0;4;2;2;0;2;1;0;2;0;4;0;2;0;2;1;0;0;1;0;0;2;0;2;0;0;0;2;1;2;2;0,560684354815;0,514856782362;0,527469729956;0,719567794399;0,608723030035;3,96277639546;0;0;0;0
