10;40;30;cs;Cosine;1;1
5;5;4;4;0;4;0;0;0;5;0;4;1;4;5;0;5;4;4;4;0;4;0;5;4;5;5;4;4;0;4;4;4;3;0;4;5;4;0;5;4;5;5;5;3;4;0;4;3;4;5;0;0;5;4;4;3;0;4;3;4;0;4;0;5;0;5;4;5;5;3;5;4;4;5;5;5;4;4;4;0;0;0;2;0;0;4;0;4;0;5;5;5;5;3;4;0;3;5;4;2;4;4;5;0;5;5;5;5;3;4;5;4;4;0;5;0;4;5;5;0;3;3;5;4;4;4;1;5;5;4;4;4;4;5;0;4;4;4;5;3;4;5;0;0;4;5;5;5;0;4;4;3;4;5;4;4;4;0;0;0;4;4;4;0;4;4;5;4;4;0;3;4;3;0;5;4;4;0,3434845483;0,321277928538;0,336976098058;0,424133856127;0,375564584607;0,370091832181;0;0;0;0
5;5;4;4;0;4;0;0;0;5;0;4;1;4;5;0;5;4;4;4;0;4;0;5;4;5;5;4;4;0;4;4;4;3;0;4;5;4;0;5;4;5;5;5;3;4;0;4;3;4;5;0;0;5;4;4;3;0;4;3;4;0;4;0;5;0;5;4;5;5;3;5;4;4;5;5;5;4;4;4;0;0;0;2;0;0;4;0;4;0;5;5;5;5;3;4;0;3;5;4;2;4;4;5;0;5;5;5;5;3;4;5;4;4;0;5;0;4;5;5;0;3;3;5;4;4;4;1;5;5;4;4;4;4;5;0;4;4;4;5;3;4;5;0;0;4;5;5;5;0;4;4;3;4;5;4;4;4;0;0;0;4;4;4;0;4;4;5;4;4;0;3;4;3;0;5;4;4;0,3434845483;0,321277928538;0,336976098058;0,424133856127;0,375564584607;0,370091832181;0;0;0;0
5;5;4;4;0;4;0;0;0;5;0;4;1;4;5;0;5;4;4;4;0;4;0;5;4;5;5;4;4;0;4;4;4;3;0;4;5;4;0;5;4;5;5;5;3;4;0;4;3;4;5;0;0;5;4;4;3;0;4;3;4;0;4;0;5;0;5;4;5;5;3;5;4;4;5;5;5;4;4;4;0;0;0;2;0;0;4;0;4;0;5;5;5;5;3;4;0;3;5;4;2;4;4;5;0;5;5;5;5;3;4;5;4;4;0;5;0;4;5;5;0;3;3;5;4;4;4;1;5;5;4;4;4;4;5;0;4;4;4;5;3;4;5;0;0;4;5;5;5;0;4;4;3;4;5;4;4;4;0;0;0;4;4;4;0;4;4;5;4;4;0;3;4;3;0;5;4;4;0,3434845483;0,321277928538;0,336976098058;0,424133856127;0,375564584607;0,370091832181;0;0;0;0
5;5;4;4;0;4;0;0;0;5;0;4;1;4;5;0;5;4;4;4;0;4;0;5;4;5;5;4;4;0;4;4;4;3;0;4;5;4;0;5;4;5;5;5;3;4;0;4;3;4;5;0;0;5;4;4;3;0;4;3;4;0;4;0;5;0;5;4;5;5;3;5;4;4;5;5;5;4;4;4;0;0;0;2;0;0;4;0;4;0;5;5;5;5;3;4;0;3;5;4;2;4;4;5;0;5;5;5;5;3;4;5;4;4;0;5;0;4;5;5;0;3;3;5;4;4;4;1;5;5;4;4;4;4;5;0;4;4;4;5;3;4;5;0;0;4;5;5;5;0;4;4;3;4;5;4;4;4;0;0;0;4;4;4;0;4;4;5;4;4;0;3;4;3;0;5;4;4;0,3434845483;0,321277928538;0,336976098058;0,424133856127;0,375564584607;0,370091832181;0;0;0;0
5;5;4;4;0;4;0;0;0;5;0;4;1;4;5;0;5;4;4;4;0;4;0;5;4;5;5;4;4;0;4;4;4;3;0;4;5;4;0;5;4;5;5;5;3;4;0;4;3;4;5;0;0;5;4;4;3;0;4;3;4;0;4;0;5;0;5;4;5;5;3;5;4;4;5;5;5;4;4;4;0;0;0;2;0;0;4;0;4;0;5;5;5;5;3;4;0;3;5;4;2;4;4;5;0;5;5;5;5;3;4;5;4;4;0;5;0;4;5;5;0;3;3;5;4;4;4;1;5;5;4;4;4;4;5;0;4;4;4;5;3;4;5;0;0;4;5;5;5;0;4;4;3;4;5;4;4;4;0;0;0;4;4;4;0;4;4;5;4;4;0;3;4;3;0;5;4;4;0,3434845483;0,321277928538;0,336976098058;0,424133856127;0,375564584607;0,370091832181;0;0;0;0
2;3;2;2;0;2;0;0;3;3;0;0;0;0;3;0;1;0;2;2;0;2;0;3;2;3;3;2;0;0;3;2;0;0;0;2;3;2;0;3;2;3;3;3;0;0;0;2;0;2;3;0;0;2;2;0;0;3;3;3;2;0;2;0;2;0;3;2;2;3;0;3;2;0;2;2;2;2;2;2;0;0;0;0;0;0;2;3;2;0;3;3;3;3;0;3;0;0;3;0;0;2;2;3;0;3;3;3;3;0;2;0;2;2;0;3;0;0;3;3;0;3;0;3;2;2;2;3;2;2;0;2;2;0;3;0;2;2;2;3;0;2;3;0;3;2;3;3;2;0;2;2;3;2;2;2;2;2;0;0;0;0;2;2;0;2;2;3;2;2;0;1;2;1;0;3;2;2;0,52665633233;0,507753753617;0,515692137406;0,548869948965;0,531764038497;0,378564103573;0;0;0;0
0;1;2;2;4;2;4;4;3;3;4;4;4;4;0;4;0;4;2;2;4;2;4;2;2;3;1;2;4;4;4;2;4;4;4;2;2;3;4;2;2;3;3;2;4;4;4;2;4;2;3;4;4;3;2;2;4;3;3;3;2;4;2;4;2;4;2;2;2;3;4;3;2;4;2;2;2;2;2;2;4;4;4;2;4;3;2;4;2;4;2;3;2;3;4;2;4;4;3;4;1;3;2;3;4;1;3;3;3;4;2;2;2;2;4;0;4;2;0;3;4;1;4;2;2;2;2;4;2;2;4;2;2;4;3;4;2;2;2;3;4;2;2;4;3;2;3;2;2;4;2;2;3;2;2;2;2;2;4;4;4;2;2;2;4;2;2;1;2;2;4;2;2;0;4;3;2;2;0,449444416717;0,478350295812;0,488713752285;0,563271482874;0,523350539057;0,396680818858;0;0;0;0
0;1;2;2;4;2;4;4;3;3;4;4;4;4;0;4;0;4;2;2;4;2;4;2;2;3;1;2;4;4;4;2;4;4;4;2;2;3;4;2;2;3;3;2;4;4;4;2;4;2;3;4;4;3;2;2;4;3;3;3;2;4;2;4;2;4;2;2;2;3;4;3;2;4;2;2;2;2;2;2;4;4;4;2;4;3;2;4;2;4;2;3;2;3;4;2;4;4;3;4;1;3;2;3;4;1;3;3;3;4;2;2;2;2;4;0;4;2;0;3;4;1;4;2;2;2;2;4;2;2;4;2;2;4;3;4;2;2;2;3;4;2;2;4;3;2;3;2;2;4;2;2;3;2;2;2;2;2;4;4;4;2;2;2;4;2;2;1;2;2;4;2;2;0;4;3;2;2;0,449444416717;0,478350295812;0,488713752285;0,563271482874;0,523350539057;0,396680818858;0;0;0;0
3;3;2;3;0;2;0;3;3;3;0;0;0;0;2;0;1;0;2;2;0;2;3;3;2;3;3;2;0;0;3;2;0;0;0;3;3;2;0;3;2;3;3;3;0;0;0;3;0;2;3;0;0;3;2;0;0;0;3;3;2;0;2;0;3;3;3;2;3;3;0;3;2;0;2;3;3;2;2;2;0;0;0;3;0;3;0;3;2;3;3;3;3;3;0;3;0;0;3;0;3;2;2;3;3;3;3;3;3;0;3;3;2;2;0;3;0;2;3;3;0;3;0;3;2;3;2;0;3;2;0;2;2;0;3;0;2;2;2;3;0;2;3;0;3;3;3;3;2;0;2;3;3;2;2;2;2;2;3;0;0;3;2;2;0;2;2;3;2;2;3;1;2;1;0;3;2;2;0,53693244727;0,511003604394;0,518888340081;0,552338313292;0,535091074601;0,401152011926;0;0;0;0
1;5;1;1;4;1;4;4;4;5;4;4;4;2;1;2;1;4;1;1;4;1;5;1;1;5;0;1;4;4;4;1;4;2;4;1;1;1;4;4;1;0;3;1;2;4;0;5;4;1;5;4;4;1;1;1;4;3;5;1;1;4;1;4;1;0;1;1;4;5;4;5;1;4;1;1;1;1;1;1;2;4;4;0;4;4;1;5;1;4;1;4;1;4;4;1;4;4;4;4;0;1;1;5;4;5;1;4;5;2;1;1;1;1;2;4;4;0;1;4;4;0;2;4;1;1;1;4;1;1;2;1;1;2;4;4;1;1;1;4;2;1;5;4;4;1;4;1;1;4;1;1;1;1;1;1;1;1;4;2;4;4;1;1;2;1;1;0;1;1;4;1;1;3;4;5;4;1;0,340035935725;0,402921461592;0,416750881141;0,516447773112;0,461273842449;0,408625244887;0;0;0;0
1;5;1;1;4;1;4;4;4;5;4;4;4;2;1;4;1;4;1;1;4;1;5;1;1;5;0;1;4;4;4;1;4;2;4;1;1;1;4;4;1;5;3;1;2;4;0;5;4;1;5;4;4;1;1;1;4;3;5;1;1;4;1;4;1;0;1;1;5;5;4;5;1;4;1;1;1;1;1;1;4;4;4;0;4;4;4;4;1;4;4;4;4;4;4;1;4;4;4;4;0;1;1;5;4;5;5;5;5;2;1;4;1;1;2;4;4;0;1;5;4;0;2;4;1;1;1;4;1;1;4;1;1;2;5;4;1;1;1;4;4;1;5;4;4;1;4;1;1;4;1;1;1;1;1;1;1;1;4;4;4;4;1;1;4;1;1;0;1;1;4;1;1;3;4;5;4;1;0,348329034661;0,397578519544;0,412110295509;0,498570522475;0,451236132993;0,480674361946;0;0;0;0
1;5;1;1;4;1;4;4;4;5;4;4;4;2;1;4;1;4;1;1;4;1;5;1;1;5;0;1;4;4;4;1;4;2;4;1;1;1;4;4;1;5;3;1;2;4;0;5;4;1;5;4;4;1;1;1;4;3;5;1;1;4;1;4;1;0;1;1;5;5;4;5;1;4;1;1;1;1;1;1;4;4;4;0;4;4;4;4;1;4;4;4;4;4;4;1;4;4;4;4;0;1;1;5;4;5;5;5;5;2;1;4;1;1;2;4;4;0;1;5;4;0;2;4;1;1;1;4;1;1;4;1;1;2;5;4;1;1;1;4;4;1;5;4;4;1;4;1;1;4;1;1;1;1;1;1;1;1;4;4;4;4;1;1;4;1;1;0;1;1;4;1;1;3;4;5;4;1;0,348329034661;0,397578519544;0,412110295509;0,498570522475;0,451236132993;0,480674361946;0;0;0;0
1;5;1;1;4;1;4;4;4;5;4;4;4;2;1;4;1;4;1;1;4;1;5;1;1;5;0;1;4;4;4;1;4;2;4;1;1;1;4;4;1;5;3;1;2;4;0;5;4;1;5;4;4;1;1;1;4;3;5;1;1;4;1;4;1;0;1;1;5;5;4;5;1;4;1;1;1;1;1;1;4;4;4;0;4;4;4;4;1;4;4;4;4;4;4;1;4;4;4;4;0;1;1;5;4;5;5;5;5;2;1;4;1;1;2;4;4;0;1;5;4;0;2;4;1;1;1;4;1;1;4;1;1;2;5;4;1;1;1;4;4;1;5;4;4;1;4;1;1;4;1;1;1;1;1;1;1;1;4;4;4;4;1;1;4;1;1;0;1;1;4;1;1;3;4;5;4;1;0,348329034661;0,397578519544;0,412110295509;0,498570522475;0,451236132993;0,480674361946;0;0;0;0
1;0;1;1;2;1;2;2;2;2;2;2;2;2;1;2;1;2;1;1;2;1;2;1;1;1;0;1;2;2;2;1;2;3;2;1;1;1;2;1;1;1;1;1;3;2;2;1;2;1;1;2;2;1;1;1;2;2;1;1;1;2;1;2;1;2;1;1;1;2;2;1;1;2;1;1;1;1;1;1;2;2;2;0;2;2;2;2;1;2;1;1;1;1;3;1;2;2;1;2;0;1;1;1;2;2;1;2;1;2;1;1;1;1;2;2;2;2;1;1;2;1;3;1;1;1;1;2;1;1;2;1;1;2;1;2;1;1;1;2;2;1;1;2;2;1;2;1;1;2;1;1;1;1;1;1;1;1;2;2;2;1;1;1;2;1;1;2;1;1;2;1;1;1;2;1;2;1;0,331529781926;0,375872313409;0,488194091184;0,387281257714;0,431921748295;0,487799100708;0;0;0;0
1;0;1;1;2;1;2;2;2;2;2;2;2;2;1;2;1;2;1;1;2;1;2;1;1;1;0;1;2;2;2;1;2;3;2;1;1;1;2;1;1;1;1;1;3;2;2;1;2;1;1;2;2;1;1;1;2;2;1;1;1;2;1;2;1;2;1;1;1;2;2;1;1;2;1;1;1;1;1;1;2;2;2;0;2;2;2;2;1;2;1;1;1;1;3;1;2;2;1;2;0;1;1;1;2;2;1;2;1;2;1;1;1;1;2;2;2;2;1;1;2;1;3;1;1;1;1;2;1;1;2;1;1;2;1;2;1;1;1;2;2;1;1;2;2;1;2;1;1;2;1;1;1;1;1;1;1;1;2;2;2;1;1;1;2;1;1;2;1;1;2;1;1;1;2;1;2;1;0,331529781926;0,375872313409;0,488194091184;0,387281257714;0,431921748295;0,487799100708;0;0;0;0
1;0;1;1;2;1;2;2;2;2;2;2;2;2;1;2;1;2;1;1;2;1;2;1;1;1;0;1;2;2;2;1;2;3;2;1;1;1;2;1;1;1;1;1;3;2;2;1;2;1;1;2;2;1;1;1;2;2;1;1;1;2;1;2;1;2;1;1;1;2;2;1;1;2;1;1;1;1;1;1;2;2;2;0;2;2;2;2;1;2;1;1;1;1;3;1;2;2;1;2;0;1;1;1;2;2;1;2;1;2;1;1;1;1;2;2;2;2;1;1;2;1;3;1;1;1;1;2;1;1;2;1;1;2;1;2;1;1;1;2;2;1;1;2;2;1;2;1;1;2;1;1;1;1;1;1;1;1;2;2;2;1;1;1;2;1;1;2;1;1;2;1;1;1;2;1;2;1;0,331529781926;0,375872313409;0,488194091184;0,387281257714;0,431921748295;0,487799100708;0;0;0;0
1;0;1;1;2;1;2;2;2;2;2;2;2;2;1;2;1;2;1;1;2;1;2;1;1;1;0;1;2;2;2;1;2;3;2;1;1;1;2;1;1;1;1;1;3;2;2;1;2;1;1;2;2;1;1;1;2;2;1;1;1;2;1;2;1;2;1;1;1;2;2;1;1;2;1;1;1;1;1;1;2;2;2;0;2;2;2;2;1;2;1;1;1;1;3;1;2;2;1;2;0;1;1;1;2;2;1;2;1;2;1;1;1;1;2;2;2;2;1;1;2;1;3;1;1;1;1;2;1;1;2;1;1;2;1;2;1;1;1;2;2;1;1;2;2;1;2;1;1;2;1;1;1;1;1;1;1;1;2;2;2;1;1;1;2;1;1;2;1;1;2;1;1;1;2;1;2;1;0,331529781926;0,375872313409;0,488194091184;0,387281257714;0,431921748295;0,487799100708;0;0;0;0
1;1;1;1;2;1;2;2;2;2;2;2;2;2;1;2;1;2;1;1;2;1;2;1;1;3;2;1;2;2;2;1;2;2;2;1;1;1;2;1;1;1;1;1;2;2;2;3;2;1;3;2;2;1;1;2;2;2;2;1;1;2;1;2;1;2;1;1;3;2;2;3;1;2;1;1;1;1;1;1;2;2;2;0;2;2;2;2;1;2;1;2;2;3;2;1;2;2;3;2;0;2;1;2;2;2;1;2;3;2;1;1;1;1;2;2;2;2;1;3;2;1;2;2;1;1;1;2;1;1;2;1;1;2;3;2;1;1;1;2;2;1;1;2;2;1;2;1;1;2;1;1;3;1;1;1;1;1;2;2;2;2;1;1;2;1;1;2;1;1;2;1;1;1;2;1;2;1;0,31898824985;0,36346670571;0,43493288333;0,374557085274;0,402493420273;0,517225153141;0;0;0;0
1;1;1;1;2;1;2;2;2;2;2;2;2;2;1;2;1;2;1;1;2;1;2;1;1;3;2;1;2;2;2;1;2;2;2;1;1;1;2;1;1;1;1;1;2;2;2;3;2;1;3;2;2;1;1;2;2;2;2;1;1;2;1;2;1;2;1;1;3;2;2;3;1;2;1;1;1;1;1;1;2;2;2;0;2;2;2;2;1;2;1;2;2;3;2;1;2;2;3;2;0;2;1;2;2;2;1;2;3;2;1;1;1;1;2;2;2;2;1;3;2;1;2;2;1;1;1;2;1;1;2;1;1;2;3;2;1;1;1;2;2;1;1;2;2;1;2;1;1;2;1;1;3;1;1;1;1;1;2;2;2;2;1;1;2;1;1;2;1;1;2;1;1;1;2;1;2;1;0,31898824985;0,36346670571;0,43493288333;0,374557085274;0,402493420273;0,517225153141;0;0;0;0
1;1;1;1;2;1;2;2;2;2;2;2;2;2;1;2;1;2;1;1;2;1;2;1;1;3;2;1;2;2;2;1;2;2;2;1;1;1;2;1;1;1;1;1;2;2;2;3;2;1;3;2;2;1;1;2;2;2;2;1;1;2;1;2;1;2;1;1;3;2;2;3;1;2;1;1;1;1;1;1;2;2;2;0;2;2;2;2;1;2;1;2;2;3;2;1;2;2;3;2;0;2;1;2;2;2;1;2;3;2;1;1;1;1;2;2;2;2;1;3;2;1;2;2;1;1;1;2;1;1;2;1;1;2;3;2;1;1;1;2;2;1;1;2;2;1;2;1;1;2;1;1;3;1;1;1;1;1;2;2;2;2;1;1;2;1;1;2;1;1;2;1;1;1;2;1;2;1;0,31898824985;0,36346670571;0,43493288333;0,374557085274;0,402493420273;0,517225153141;0;0;0;0
1;1;1;1;2;1;2;2;2;2;2;2;2;2;1;2;1;2;1;1;2;1;2;1;1;3;2;1;2;2;2;1;2;2;2;1;1;1;2;1;1;1;1;1;2;2;2;3;2;1;3;2;2;1;1;2;2;2;2;1;1;2;1;2;1;2;1;1;3;2;2;3;1;2;1;1;1;1;1;1;2;2;2;0;2;2;2;2;1;2;1;2;2;3;2;1;2;2;3;2;0;2;1;2;2;2;1;2;3;2;1;1;1;1;2;2;2;2;1;3;2;1;2;2;1;1;1;2;1;1;2;1;1;2;3;2;1;1;1;2;2;1;1;2;2;1;2;1;1;2;1;1;3;1;1;1;1;1;2;2;2;2;1;1;2;1;1;2;1;1;2;1;1;1;2;1;2;1;0,31898824985;0,36346670571;0,43493288333;0,374557085274;0,402493420273;0,517225153141;0;0;0;0
1;1;1;1;2;1;2;2;2;2;2;2;2;2;1;2;1;2;1;1;2;1;2;1;1;3;2;1;2;2;2;1;2;2;2;1;1;1;2;1;1;1;1;1;2;2;2;3;2;1;3;2;2;1;1;2;2;2;2;1;1;2;1;2;1;2;1;1;3;2;2;3;1;2;1;1;1;1;1;1;2;2;2;0;2;2;2;2;1;2;1;2;2;3;2;1;2;2;3;2;0;2;1;2;2;2;1;2;3;2;1;1;1;1;2;2;2;2;1;3;2;1;2;2;1;1;1;2;1;1;2;1;1;2;3;2;1;1;1;2;2;1;1;2;2;1;2;1;1;2;1;1;3;1;1;1;1;1;2;2;2;2;1;1;2;1;1;2;1;1;2;1;1;1;2;1;2;1;0,31898824985;0,36346670571;0,43493288333;0,374557085274;0,402493420273;0,517225153141;0;0;0;0
1;1;1;1;2;1;2;2;2;2;2;2;2;2;1;2;1;2;1;1;2;1;2;1;1;3;2;1;2;2;2;1;2;2;2;1;1;1;2;1;1;1;1;1;2;2;2;3;2;1;3;2;2;1;1;2;2;2;2;1;1;2;1;2;1;2;1;1;3;2;2;3;1;2;1;1;1;1;1;1;2;2;2;0;2;2;2;2;1;2;1;2;2;3;2;1;2;2;3;2;0;2;1;2;2;2;1;2;3;2;1;1;1;1;2;2;2;2;1;3;2;1;2;2;1;1;1;2;1;1;2;1;1;2;3;2;1;1;1;2;2;1;1;2;2;1;2;1;1;2;1;1;3;1;1;1;1;1;2;2;2;2;1;1;2;1;1;2;1;1;2;1;1;1;2;1;2;1;0,31898824985;0,36346670571;0,43493288333;0,374557085274;0,402493420273;0,517225153141;0;0;0;0
1;1;1;1;2;1;2;2;2;2;2;2;2;2;1;2;1;2;1;1;2;1;2;1;1;3;2;1;2;2;2;1;2;2;2;1;1;1;2;1;1;1;1;1;2;2;2;3;2;1;3;2;2;1;1;2;2;2;2;1;1;2;1;2;1;2;1;1;3;2;2;3;1;2;1;1;1;1;1;1;2;2;2;0;2;2;2;2;1;2;1;2;2;3;2;1;2;2;3;2;0;2;1;2;2;2;1;2;3;2;1;1;1;1;2;2;2;2;1;3;2;1;2;2;1;1;1;2;1;1;2;1;1;2;3;2;1;1;1;2;2;1;1;2;2;1;2;1;1;2;1;1;3;1;1;1;1;1;2;2;2;2;1;1;2;1;1;2;1;1;2;1;1;1;2;1;2;1;0,31898824985;0,36346670571;0,43493288333;0,374557085274;0,402493420273;0,517225153141;0;0;0;0
1;1;1;1;2;1;2;2;2;2;2;2;2;2;1;2;1;2;1;1;2;1;2;1;1;3;2;1;2;2;2;1;2;2;2;1;1;1;2;1;1;1;1;1;2;2;2;3;2;1;3;2;2;1;1;2;2;2;2;1;1;2;1;2;1;2;1;1;3;2;2;3;1;2;1;1;1;1;1;1;2;2;2;0;2;2;2;2;1;2;1;2;2;3;2;1;2;2;3;2;0;2;1;2;2;2;1;2;3;2;1;1;1;1;2;2;2;2;1;3;2;1;2;2;1;1;1;2;1;1;2;1;1;2;3;2;1;1;1;2;2;1;1;2;2;1;2;1;1;2;1;1;3;1;1;1;1;1;2;2;2;2;1;1;2;1;1;2;1;1;2;1;1;1;2;1;2;1;0,31898824985;0,36346670571;0,43493288333;0,374557085274;0,402493420273;0,517225153141;0;0;0;0
1;1;1;1;2;1;2;2;2;2;2;2;2;2;1;2;1;2;1;1;2;1;2;1;1;3;2;1;2;2;2;1;2;2;2;1;1;1;2;1;1;1;1;1;2;2;2;3;2;1;3;2;2;1;1;2;2;2;2;1;1;2;1;2;1;2;1;1;3;2;2;3;1;2;1;1;1;1;1;1;2;2;2;0;2;2;2;2;1;2;1;2;2;3;2;1;2;2;3;2;0;2;1;2;2;2;1;2;3;2;1;1;1;1;2;2;2;2;1;3;2;1;2;2;1;1;1;2;1;1;2;1;1;2;3;2;1;1;1;2;2;1;1;2;2;1;2;1;1;2;1;1;3;1;1;1;1;1;2;2;2;2;1;1;2;1;1;2;1;1;2;1;1;1;2;1;2;1;0,31898824985;0,36346670571;0,43493288333;0,374557085274;0,402493420273;0,517225153141;0;0;0;0
1;1;1;1;2;1;2;2;2;2;2;2;2;2;1;2;1;2;1;1;2;1;2;1;1;3;2;1;2;2;2;1;2;2;2;1;1;1;2;1;1;1;1;1;2;2;2;3;2;1;3;2;2;1;1;2;2;2;2;1;1;2;1;2;1;2;1;1;3;2;2;3;1;2;1;1;1;1;1;1;2;2;2;0;2;2;2;2;1;2;1;2;2;3;2;1;2;2;3;2;0;2;1;2;2;2;1;2;3;2;1;1;1;1;2;2;2;2;1;3;2;1;2;2;1;1;1;2;1;1;2;1;1;2;3;2;1;1;1;2;2;1;1;2;2;1;2;1;1;2;1;1;3;1;1;1;1;1;2;2;2;2;1;1;2;1;1;2;1;1;2;1;1;1;2;1;2;1;0,31898824985;0,36346670571;0,43493288333;0,374557085274;0,402493420273;0,517225153141;0;0;0;0
1;1;1;1;2;1;2;2;2;2;2;2;2;2;1;2;1;2;1;1;2;1;2;1;1;3;2;1;2;2;2;1;2;2;2;1;1;1;2;1;1;1;1;1;2;2;2;3;2;1;3;2;2;1;1;2;2;2;2;1;1;2;1;2;1;2;1;1;3;2;2;3;1;2;1;1;1;1;1;1;2;2;2;0;2;2;2;2;1;2;1;2;2;3;2;1;2;2;3;2;0;2;1;2;2;2;1;2;3;2;1;1;1;1;2;2;2;2;1;3;2;1;2;2;1;1;1;2;1;1;2;1;1;2;3;2;1;1;1;2;2;1;1;2;2;1;2;1;1;2;1;1;3;1;1;1;1;1;2;2;2;2;1;1;2;1;1;2;1;1;2;1;1;1;2;1;2;1;0,31898824985;0,36346670571;0,43493288333;0,374557085274;0,402493420273;0,517225153141;0;0;0;0
1;1;1;1;2;1;2;2;2;2;2;2;2;2;1;2;1;2;1;1;2;1;2;1;1;3;1;1;2;2;2;1;2;2;2;1;1;1;2;1;1;1;1;1;2;2;2;3;2;1;3;2;2;1;1;2;2;2;3;1;1;2;1;2;1;2;1;1;3;2;2;3;1;2;1;1;1;1;1;1;2;2;2;0;2;2;2;2;1;2;1;2;2;3;2;1;2;2;3;2;0;2;1;2;2;2;1;2;3;2;1;1;1;1;2;2;2;2;1;3;2;1;2;2;1;1;1;2;1;1;2;1;1;2;3;2;1;1;1;2;2;1;1;2;2;1;2;1;1;2;1;1;3;1;1;1;1;1;2;2;2;2;1;1;2;1;1;1;1;1;2;1;1;1;2;1;2;1;0,320350165628;0,368113461458;0,435171499472;0,379089140164;0,405198978137;0,520270971905;0;0;0;0
1;1;1;1;2;1;2;2;2;2;2;2;2;2;1;2;1;2;1;1;2;1;2;1;1;3;1;1;2;2;2;1;2;2;2;1;1;1;2;1;1;1;1;1;2;2;2;3;2;1;3;2;2;1;1;2;2;2;3;1;1;2;1;2;1;2;1;1;3;2;2;3;1;2;1;1;1;1;1;1;2;2;2;0;2;2;2;2;1;2;1;2;2;3;2;1;2;2;3;2;0;2;1;2;2;2;1;2;3;2;1;1;1;1;2;2;2;2;1;3;2;1;2;2;1;1;1;2;1;1;2;1;1;2;3;2;1;1;1;2;2;1;1;2;2;1;2;1;1;2;1;1;3;1;1;1;1;1;2;2;2;2;1;1;2;1;1;1;1;1;2;1;1;1;2;1;2;1;0,320350165628;0,368113461458;0,435171499472;0,379089140164;0,405198978137;0,520270971905;0;0;0;0
