10;40;30;db;Cosine;2;2
4;2;4;4;0;0;0;1;3;4;0;4;0;6;0;3;4;6;3;3;0;2;1;4;4;7;3;0;6;0;6;3;6;1;6;1;6;0;4;4;0;0;8;1;4;4;0;4;7;5;4;0;0;2;1;0;7;0;4;7;4;0;0;0;1;6;0;3;6;4;4;0;0;0;4;7;4;4;4;4;0;6;6;4;4;6;3;3;5;0;7;4;4;3;1;3;4;0;0;0;5;0;4;7;0;0;4;3;0;6;0;4;6;6;0;0;0;4;7;2;4;0;0;3;0;0;3;4;0;7;6;0;4;6;4;4;4;4;3;3;4;3;4;0;4;1;0;4;4;6;4;0;8;0;0;7;0;0;3;1;0;1;4;0;6;0;4;7;1;4;4;1;0;0;0;1;5;3;0,494700237428;0,423012341621;0,439399795522;0,724055264733;0,546905069459;4,43143142257;0;0;0;0
1;4;1;1;3;3;3;3;1;1;3;1;3;3;3;1;1;3;1;3;3;1;1;1;1;1;1;4;3;3;3;3;1;4;3;1;3;3;1;0;3;3;3;3;1;1;4;1;1;1;1;3;3;4;3;1;1;4;1;1;1;3;3;3;3;1;3;1;3;1;1;3;3;4;1;1;1;1;1;1;3;1;3;1;1;1;1;1;2;3;3;1;1;1;3;1;1;3;4;3;2;4;1;1;4;3;1;1;4;3;4;1;3;3;4;3;3;1;3;1;1;3;3;1;4;4;3;1;3;1;3;4;1;3;1;1;1;1;3;3;1;2;1;4;1;1;3;1;0;3;1;3;3;3;3;1;3;3;1;1;4;3;0;4;3;3;1;1;3;1;0;3;3;3;4;3;2;3;0,266716168099;0,391047452145;0,404730812051;0,426283490264;0,415227662624;5,49870706903;0;0;0;0
1;4;1;1;3;3;3;3;1;1;3;1;3;3;3;1;1;3;1;3;3;1;1;1;1;1;1;4;3;3;3;3;1;4;3;1;3;3;1;0;3;3;3;3;1;1;4;1;1;1;1;3;3;4;3;1;1;4;1;1;1;3;3;3;3;1;3;1;3;1;1;3;3;4;1;1;1;1;1;1;3;1;3;1;1;1;1;1;2;3;3;1;1;1;3;1;1;3;4;3;2;4;1;1;4;3;1;1;4;3;4;1;3;3;4;3;3;1;3;1;1;3;3;1;4;4;3;1;3;1;3;4;1;3;1;1;1;1;3;3;1;2;1;4;1;1;3;1;0;3;1;3;3;3;3;1;3;3;1;1;4;3;0;4;3;3;1;1;3;1;0;3;3;3;4;3;2;3;0,266716168099;0,391047452145;0,404730812051;0,426283490264;0,415227662624;5,49870706903;0;0;0;0
1;4;1;1;3;3;3;3;1;1;3;1;3;3;3;1;1;3;1;3;3;1;1;1;1;1;1;4;3;3;3;3;1;4;3;1;3;3;1;0;3;3;3;3;1;1;4;1;1;1;1;3;3;4;3;1;1;4;1;1;1;3;3;3;3;1;3;1;3;1;1;3;3;4;1;1;1;1;1;1;3;1;3;1;1;1;1;1;2;3;3;1;1;1;3;1;1;3;4;3;2;4;1;1;4;3;1;1;4;3;4;1;3;3;4;3;3;1;3;1;1;3;3;1;4;4;3;1;3;1;3;4;1;3;1;1;1;1;3;3;1;2;1;4;1;1;3;1;0;3;1;3;3;3;3;1;3;3;1;1;4;3;0;4;3;3;1;1;3;1;0;3;3;3;4;3;2;3;0,266716168099;0,391047452145;0,404730812051;0,426283490264;0,415227662624;5,49870706903;0;0;0;0
1;4;1;1;3;3;3;3;1;1;3;1;3;3;3;1;1;3;1;3;3;1;1;1;1;1;1;4;3;3;3;3;1;4;3;1;3;3;1;0;3;3;3;3;1;1;4;1;1;1;1;3;3;4;3;1;1;4;1;1;1;3;3;3;3;1;3;1;3;1;1;3;3;4;1;1;1;1;1;1;3;1;3;1;1;1;1;1;2;3;3;1;1;1;3;1;1;3;4;3;2;4;1;1;4;3;1;1;4;3;4;1;3;3;4;3;3;1;3;1;1;3;3;1;4;4;3;1;3;1;3;4;1;3;1;1;1;1;3;3;1;2;1;4;1;1;3;1;0;3;1;3;3;3;3;1;3;3;1;1;4;3;0;4;3;3;1;1;3;1;0;3;3;3;4;3;2;3;0,266716168099;0,391047452145;0,404730812051;0,426283490264;0,415227662624;5,49870706903;0;0;0;0
2;0;2;2;0;0;0;4;4;2;0;2;0;0;0;2;2;5;4;0;0;1;2;2;2;4;4;0;4;0;0;1;4;0;0;4;4;0;2;2;0;0;0;0;2;2;0;2;4;3;2;0;0;1;4;4;4;0;2;4;2;2;0;0;4;4;0;4;0;2;2;0;0;0;2;4;2;2;2;2;0;0;0;2;2;4;4;4;3;0;4;2;2;4;0;0;2;0;0;0;3;0;2;4;0;0;2;4;0;5;0;2;0;0;0;0;0;2;4;0;2;0;0;1;0;0;0;2;0;4;0;0;2;0;2;2;2;2;0;0;2;2;2;0;2;4;0;2;2;1;2;0;5;0;0;4;0;0;4;4;0;4;2;0;0;0;2;4;0;2;2;4;0;0;0;4;3;0;0,527705765082;0,526581662019;0,538500247479;0,642872923111;0,586075994971;6,49834368438;0;0;0;0
2;0;2;2;0;0;0;4;4;2;0;2;0;0;0;2;2;5;4;0;0;1;2;2;2;4;4;0;4;0;0;1;4;0;0;4;4;0;2;2;0;0;0;0;2;2;0;2;4;3;2;0;0;1;4;4;4;0;2;4;2;2;0;0;4;4;0;4;0;2;2;0;0;0;2;4;2;2;2;2;0;0;0;2;2;4;4;4;3;0;4;2;2;4;0;0;2;0;0;0;3;0;2;4;0;0;2;4;0;5;0;2;0;0;0;0;0;2;4;0;2;0;0;1;0;0;0;2;0;4;0;0;2;0;2;2;2;2;0;0;2;2;2;0;2;4;0;2;2;1;2;0;5;0;0;4;0;0;4;4;0;4;2;0;0;0;2;4;0;2;2;4;0;0;0;4;3;0;0,527705765082;0,526581662019;0,538500247479;0,642872923111;0,586075994971;6,49834368438;0;0;0;0
2;0;2;2;0;0;0;4;4;2;0;2;0;0;0;2;2;5;4;0;0;1;2;2;2;4;4;0;4;0;0;1;4;0;0;4;4;0;2;2;0;0;0;0;2;2;0;2;4;3;2;0;0;1;4;4;4;0;2;4;2;2;0;0;4;4;0;4;0;2;2;0;0;0;2;4;2;2;2;2;0;0;0;2;2;4;4;4;3;0;4;2;2;4;0;0;2;0;0;0;3;0;2;4;0;0;2;4;0;5;0;2;0;0;0;0;0;2;4;0;2;0;0;1;0;0;0;2;0;4;0;0;2;0;2;2;2;2;0;0;2;2;2;0;2;4;0;2;2;1;2;0;5;0;0;4;0;0;4;4;0;4;2;0;0;0;2;4;0;2;2;4;0;0;0;4;3;0;0,527705765082;0,526581662019;0,538500247479;0,642872923111;0,586075994971;6,49834368438;0;0;0;0
2;0;2;2;0;0;0;4;4;2;0;2;0;0;0;2;2;5;4;0;0;1;2;2;2;4;4;0;4;0;0;1;4;0;0;4;4;0;2;2;0;0;0;0;2;2;0;2;4;3;2;0;0;1;4;4;4;0;2;4;2;2;0;0;4;4;0;4;0;2;2;0;0;0;2;4;2;2;2;2;0;0;0;2;2;4;4;4;3;0;4;2;2;4;0;0;2;0;0;0;3;0;2;4;0;0;2;4;0;5;0;2;0;0;0;0;0;2;4;0;2;0;0;1;0;0;0;2;0;4;0;0;2;0;2;2;2;2;0;0;2;2;2;0;2;4;0;2;2;1;2;0;5;0;0;4;0;0;4;4;0;4;2;0;0;0;2;4;0;2;2;4;0;0;0;4;3;0;0,527705765082;0,526581662019;0,538500247479;0,642872923111;0,586075994971;6,49834368438;0;0;0;0
2;0;2;2;0;0;0;4;4;2;0;2;0;0;0;2;2;5;4;0;0;1;2;2;2;4;4;0;4;0;0;1;4;0;0;4;4;0;2;2;0;0;0;0;2;2;0;2;4;3;2;0;0;1;4;4;4;0;2;4;2;2;0;0;4;4;0;4;0;2;2;0;0;0;2;4;2;2;2;2;0;0;0;2;2;4;4;4;3;0;4;2;2;4;0;0;2;0;0;0;3;0;2;4;0;0;2;4;0;5;0;2;0;0;0;0;0;2;4;0;2;0;0;1;0;0;0;2;0;4;0;0;2;0;2;2;2;2;0;0;2;2;2;0;2;4;0;2;2;1;2;0;5;0;0;4;0;0;4;4;0;4;2;0;0;0;2;4;0;2;2;4;0;0;0;4;3;0;0,527705765082;0,526581662019;0,538500247479;0,642872923111;0,586075994971;6,49834368438;0;0;0;0
2;0;2;2;0;0;0;4;4;2;0;2;0;0;0;2;2;5;4;0;0;1;2;2;2;4;4;0;4;0;0;1;4;0;0;4;4;0;2;2;0;0;0;0;2;2;0;2;4;3;2;0;0;1;4;4;4;0;2;4;2;2;0;0;4;4;0;4;0;2;2;0;0;0;2;4;2;2;2;2;0;0;0;2;2;4;4;4;3;0;4;2;2;4;0;0;2;0;0;0;3;0;2;4;0;0;2;4;0;5;0;2;0;0;0;0;0;2;4;0;2;0;0;1;0;0;0;2;0;4;0;0;2;0;2;2;2;2;0;0;2;2;2;0;2;4;0;2;2;1;2;0;5;0;0;4;0;0;4;4;0;4;2;0;0;0;2;4;0;2;2;4;0;0;0;4;3;0;0,527705765082;0,526581662019;0,538500247479;0,642872923111;0,586075994971;6,49834368438;0;0;0;0
2;0;2;2;0;0;0;4;4;2;0;2;0;0;0;2;2;5;4;0;0;1;2;2;2;4;4;0;4;0;0;1;4;0;0;4;4;0;2;2;0;0;0;0;2;2;0;2;4;3;2;0;0;1;4;4;4;0;2;4;2;2;0;0;4;4;0;4;0;2;2;0;0;0;2;4;2;2;2;2;0;0;0;2;2;4;4;4;3;0;4;2;2;4;0;0;2;0;0;0;3;0;2;4;0;0;2;4;0;5;0;2;0;0;0;0;0;2;4;0;2;0;0;1;0;0;0;2;0;4;0;0;2;0;2;2;2;2;0;0;2;2;2;0;2;4;0;2;2;1;2;0;5;0;0;4;0;0;4;4;0;4;2;0;0;0;2;4;0;2;2;4;0;0;0;4;3;0;0,527705765082;0,526581662019;0,538500247479;0,642872923111;0,586075994971;6,49834368438;0;0;0;0
2;0;2;2;0;0;0;4;4;2;0;2;0;0;0;2;2;5;4;0;0;1;2;2;2;4;4;0;4;0;0;1;4;0;0;4;4;0;2;2;0;0;0;0;2;2;0;2;4;3;2;0;0;1;4;4;4;0;2;4;2;2;0;0;4;4;0;4;0;2;2;0;0;0;2;4;2;2;2;2;0;0;0;2;2;4;4;4;3;0;4;2;2;4;0;0;2;0;0;0;3;0;2;4;0;0;2;4;0;5;0;2;0;0;0;0;0;2;4;0;2;0;0;1;0;0;0;2;0;4;0;0;2;0;2;2;2;2;0;0;2;2;2;0;2;4;0;2;2;1;2;0;5;0;0;4;0;0;4;4;0;4;2;0;0;0;2;4;0;2;2;4;0;0;0;4;3;0;0,527705765082;0,526581662019;0,538500247479;0,642872923111;0,586075994971;6,49834368438;0;0;0;0
2;0;2;2;0;0;0;4;4;2;0;2;0;0;0;2;2;5;4;0;0;1;2;2;2;4;4;0;4;0;0;1;4;0;0;4;4;0;2;2;0;0;0;0;2;2;0;2;4;3;2;0;0;1;4;4;4;0;2;4;2;2;0;0;4;4;0;4;0;2;2;0;0;0;2;4;2;2;2;2;0;0;0;2;2;4;4;4;3;0;4;2;2;4;0;0;2;0;0;0;3;0;2;4;0;0;2;4;0;5;0;2;0;0;0;0;0;2;4;0;2;0;0;1;0;0;0;2;0;4;0;0;2;0;2;2;2;2;0;0;2;2;2;0;2;4;0;2;2;1;2;0;5;0;0;4;0;0;4;4;0;4;2;0;0;0;2;4;0;2;2;4;0;0;0;4;3;0;0,527705765082;0,526581662019;0,538500247479;0,642872923111;0,586075994971;6,49834368438;0;0;0;0
2;0;2;2;0;0;0;4;4;2;0;2;0;0;0;2;2;5;4;0;0;1;2;2;2;4;4;0;4;0;0;1;4;0;0;4;4;0;2;2;0;0;0;0;2;2;0;2;4;3;2;0;0;1;4;4;4;0;2;4;2;2;0;0;4;4;0;4;0;2;2;0;0;0;2;4;2;2;2;2;0;0;0;2;2;4;4;4;3;0;4;2;2;4;0;0;2;0;0;0;3;0;2;4;0;0;2;4;0;5;0;2;0;0;0;0;0;2;4;0;2;0;0;1;0;0;0;2;0;4;0;0;2;0;2;2;2;2;0;0;2;2;2;0;2;4;0;2;2;1;2;0;5;0;0;4;0;0;4;4;0;4;2;0;0;0;2;4;0;2;2;4;0;0;0;4;3;0;0,527705765082;0,526581662019;0,538500247479;0,642872923111;0,586075994971;6,49834368438;0;0;0;0
2;0;2;2;0;0;0;4;4;2;0;2;0;4;0;2;2;0;4;4;0;1;2;2;4;2;4;0;4;0;0;1;4;0;0;4;4;0;2;2;0;0;0;4;2;2;0;2;4;3;2;0;0;0;4;4;4;0;2;4;2;2;0;0;4;4;0;4;0;2;2;0;0;0;2;4;2;2;2;2;0;0;4;2;2;4;4;4;3;0;4;2;2;4;0;0;2;0;0;0;3;0;2;4;0;0;4;4;0;5;0;2;0;0;0;0;0;2;4;0;2;0;0;4;0;0;0;2;0;4;4;0;2;0;2;2;2;2;0;4;2;2;4;0;2;4;0;2;2;1;2;0;5;0;0;4;0;0;4;4;0;4;2;0;0;0;2;4;0;2;2;4;0;0;0;4;3;0;0,549571013672;0,521169890319;0,533524155189;0,625392147113;0,57581693568;6,77146475825;0;0;0;0
2;0;2;2;0;0;0;4;4;2;0;2;0;4;4;2;2;4;4;4;0;4;2;2;2;4;4;0;4;0;0;1;4;0;4;4;4;0;2;2;0;0;0;4;2;2;0;2;4;3;2;0;0;1;4;4;4;0;2;4;2;2;0;0;4;4;0;4;4;2;2;0;0;0;2;4;2;2;2;2;0;4;4;2;2;4;4;4;3;0;4;2;2;4;0;4;2;0;0;0;3;0;2;4;0;0;2;4;0;4;0;2;4;4;0;0;0;2;4;4;2;0;0;4;0;0;0;2;0;4;4;0;2;4;2;2;2;2;0;4;2;2;2;0;2;4;0;2;2;1;2;0;0;0;4;4;0;0;4;4;0;4;2;0;0;0;2;4;4;2;2;4;0;0;0;4;3;0;0,670314336453;0,607772721384;0,615869980359;0,70658393395;0,658115687534;6,99406649218;0;0;0;0
2;0;2;2;0;0;0;4;4;2;0;2;0;4;4;2;2;4;4;4;0;4;2;2;2;4;4;0;4;0;0;1;4;0;4;4;4;0;2;2;0;0;0;4;2;2;0;2;4;3;2;0;0;1;4;4;4;0;2;4;2;2;0;0;4;4;0;4;4;2;2;0;0;0;2;4;2;2;2;2;0;4;4;2;2;4;4;4;3;0;4;2;2;4;0;4;2;0;0;0;3;0;2;4;0;0;2;4;0;4;0;2;4;4;0;0;0;2;4;4;2;0;0;4;0;0;0;2;0;4;4;0;2;4;2;2;2;2;0;4;2;2;2;0;2;4;0;2;2;1;2;0;0;0;4;4;0;0;4;4;0;4;2;0;0;0;2;4;4;2;2;4;0;0;0;4;3;0;0,670314336453;0,607772721384;0,615869980359;0,70658393395;0,658115687534;6,99406649218;0;0;0;0
2;0;2;2;0;0;0;4;4;2;0;2;0;4;4;2;2;4;4;4;0;1;2;2;4;2;4;0;4;0;0;1;4;0;0;4;4;0;2;2;0;0;0;4;2;2;0;2;4;3;2;0;0;0;4;4;4;0;2;4;2;2;0;0;4;4;0;4;0;2;2;0;0;0;2;4;2;2;2;2;0;4;4;2;2;4;4;4;3;0;4;2;2;4;0;4;2;0;0;0;3;0;2;4;0;0;4;4;0;5;0;2;4;0;0;0;0;2;4;0;2;0;0;4;0;0;0;2;0;4;4;0;2;0;2;2;2;2;0;4;2;2;2;0;2;4;0;2;2;1;2;0;5;0;0;4;0;0;4;4;0;4;2;0;0;0;2;4;0;2;2;4;0;0;0;4;3;0;0,569649002691;0,528001918529;0,540066391348;0,638907015255;0,585343493251;7,18981800051;0;0;0;0
2;0;2;2;0;0;0;4;4;2;0;2;0;4;4;2;2;4;4;4;0;1;2;2;4;2;4;0;4;0;0;1;4;0;0;4;4;0;2;2;0;0;0;4;2;2;0;2;4;3;2;0;0;0;4;4;4;0;2;4;2;2;0;0;4;4;0;4;0;2;2;0;0;0;2;4;2;2;2;2;0;4;4;2;2;4;4;4;3;0;4;2;2;4;0;4;2;0;0;0;3;0;2;4;0;0;4;4;0;5;0;2;4;0;0;0;0;2;4;0;2;0;0;4;0;0;0;2;0;4;4;0;2;0;2;2;2;2;0;4;2;2;2;0;2;4;0;2;2;1;2;0;5;0;0;4;0;0;4;4;0;4;2;0;0;0;2;4;0;2;2;4;0;0;0;4;3;0;0,569649002691;0,528001918529;0,540066391348;0,638907015255;0,585343493251;7,18981800051;0;0;0;0
2;0;2;2;0;0;0;4;4;2;0;2;0;4;4;2;2;4;4;4;0;1;2;2;4;2;4;0;4;0;0;1;4;0;0;4;4;0;2;2;0;0;0;4;2;2;0;2;4;3;2;0;0;0;4;4;4;0;2;4;2;2;0;0;4;4;0;4;0;2;2;0;0;0;2;4;2;2;2;2;0;4;4;2;2;4;4;4;3;0;4;2;2;4;0;4;2;0;0;0;3;0;2;4;0;0;4;4;0;5;0;2;4;0;0;0;0;2;4;0;2;0;0;4;0;0;0;2;0;4;4;0;2;0;2;2;2;2;0;4;2;2;2;0;2;4;0;2;2;1;2;0;5;0;0;4;0;0;4;4;0;4;2;0;0;0;2;4;0;2;2;4;0;0;0;4;3;0;0,569649002691;0,528001918529;0,540066391348;0,638907015255;0,585343493251;7,18981800051;0;0;0;0
2;0;2;2;0;0;0;4;4;2;0;2;0;4;4;2;2;4;4;4;0;1;2;2;4;2;4;0;4;0;0;1;4;0;0;4;4;0;2;2;0;0;0;4;2;2;0;2;4;3;2;0;0;0;4;4;4;0;2;4;2;2;0;0;4;4;0;4;0;2;2;0;0;0;2;4;2;2;2;2;0;4;4;2;2;4;4;4;3;0;4;2;2;4;0;4;2;0;0;0;3;0;2;4;0;0;4;4;0;5;0;2;4;0;0;0;0;2;4;0;2;0;0;4;0;0;0;2;0;4;4;0;2;0;2;2;2;2;0;4;2;2;2;0;2;4;0;2;2;1;2;0;5;0;0;4;0;0;4;4;0;4;2;0;0;0;2;4;0;2;2;4;0;0;0;4;3;0;0,569649002691;0,528001918529;0,540066391348;0,638907015255;0,585343493251;7,18981800051;0;0;0;0
2;0;2;2;0;0;0;4;4;2;0;2;0;4;4;2;2;4;4;4;0;4;2;2;2;4;4;0;4;0;0;1;4;0;2;4;4;0;2;2;0;0;0;4;2;2;0;2;4;3;2;0;0;0;4;4;4;0;2;4;2;2;0;0;4;4;0;4;4;2;2;0;0;0;2;4;2;2;2;2;0;4;4;2;2;4;4;4;3;0;4;2;2;4;0;4;2;0;0;0;3;0;2;4;0;0;2;4;0;4;0;2;4;4;0;0;0;2;4;4;2;0;0;4;0;0;0;2;0;4;4;0;2;4;2;2;2;2;0;4;2;2;2;0;2;4;0;2;2;1;2;0;0;0;4;4;0;0;4;4;0;4;2;0;0;0;2;4;4;2;2;4;0;0;0;4;3;0;0,665128565627;0,614859498079;0,622892080299;0,704365153685;0,661128023468;7,24887325756;0;0;0;0
2;0;2;2;0;0;0;4;4;2;0;2;0;4;4;2;2;4;4;4;0;4;2;2;2;4;4;0;4;0;0;1;4;0;2;4;4;0;2;2;0;0;0;4;2;2;0;2;4;3;2;0;0;0;4;4;4;0;2;4;2;2;0;0;4;4;0;4;4;2;2;0;0;0;2;4;2;2;2;2;0;4;4;2;2;4;4;4;3;0;4;2;2;4;0;4;2;0;0;0;3;0;2;4;0;0;2;4;0;4;0;2;4;4;0;0;0;2;4;4;2;0;0;4;0;0;0;2;0;4;4;0;2;4;2;2;2;2;0;4;2;2;2;0;2;4;0;2;2;1;2;0;0;0;4;4;0;0;4;4;0;4;2;0;0;0;2;4;4;2;2;4;0;0;0;4;3;0;0,665128565627;0,614859498079;0,622892080299;0,704365153685;0,661128023468;7,24887325756;0;0;0;0
2;0;2;2;0;0;0;4;4;2;0;2;0;4;4;2;2;4;4;4;0;4;2;2;4;4;4;0;4;0;0;1;4;0;4;4;4;0;2;2;0;0;0;4;2;2;0;2;4;3;2;0;0;0;4;4;4;0;2;4;2;2;0;0;4;4;0;4;4;2;2;0;0;0;2;4;2;2;2;2;0;4;4;2;2;4;4;4;3;0;4;2;2;4;0;4;2;0;0;0;3;0;2;4;0;0;2;4;0;4;0;2;4;4;0;0;0;2;4;4;2;0;0;4;0;0;0;2;0;4;4;0;2;4;2;2;2;2;0;4;2;2;2;0;2;4;0;2;2;1;2;0;0;0;4;4;0;0;4;4;0;4;2;0;4;0;2;4;4;2;2;4;0;0;0;4;3;0;0,705552909765;0,645942399162;0,653327652931;0,738691241102;0,693392046413;7,28278758596;0;0;0;0
2;0;2;2;0;0;0;4;4;2;0;2;0;4;4;2;2;4;4;4;0;4;2;2;2;2;4;0;4;0;0;1;4;0;4;4;4;0;2;2;0;0;0;4;2;2;0;2;4;3;2;0;0;0;4;4;4;0;2;4;2;2;0;0;4;4;0;4;4;2;2;0;0;0;2;4;2;2;2;2;0;4;4;2;2;4;4;4;3;0;4;2;2;4;0;4;2;0;0;0;3;0;2;4;0;0;2;4;0;4;0;2;4;4;0;0;0;2;4;4;2;0;0;4;0;0;0;2;0;4;4;0;2;4;2;2;2;2;0;4;2;2;2;0;2;4;0;2;2;1;2;0;0;0;4;4;0;0;4;4;0;4;2;0;4;0;2;4;0;2;2;4;0;0;0;4;3;0;0,665128565627;0,614859498079;0,622892080299;0,704365153685;0,661128023468;7,53040322988;0;0;0;0
2;0;2;2;0;0;0;4;4;2;0;2;0;4;4;2;2;4;4;4;0;4;2;2;2;2;4;0;4;0;0;1;4;0;4;4;4;0;2;2;0;0;0;4;2;2;0;2;4;3;2;0;0;0;4;4;4;0;2;4;2;2;0;0;4;4;0;4;4;2;2;0;0;0;2;4;2;2;2;2;0;4;4;2;2;4;4;4;3;0;4;2;2;4;0;4;2;0;0;0;3;0;2;4;0;0;2;4;0;4;0;2;4;4;0;0;0;2;4;4;2;0;0;4;0;0;0;2;0;4;4;0;2;4;2;2;2;2;0;4;2;2;2;0;2;4;0;2;2;1;2;0;0;0;4;4;0;0;4;4;0;4;2;0;4;0;2;4;0;2;2;4;0;0;0;4;3;0;0,665128565627;0,614859498079;0,622892080299;0,704365153685;0,661128023468;7,53040322988;0;0;0;0
2;0;2;2;0;0;0;4;4;2;0;2;0;4;4;2;2;4;4;4;0;4;2;2;2;2;4;0;4;0;0;1;4;0;4;4;4;0;2;2;0;0;0;4;2;2;0;2;4;3;2;0;0;0;4;4;4;0;2;4;2;2;0;0;4;4;0;4;4;2;2;0;0;0;2;4;2;2;2;2;0;4;4;2;2;4;4;4;3;0;4;2;2;4;0;4;2;0;0;0;3;0;2;4;0;0;2;4;0;4;0;2;4;4;0;0;0;2;4;4;2;0;0;4;0;0;0;2;0;4;4;0;2;4;2;2;2;2;0;4;2;2;2;0;2;4;0;2;2;1;2;0;0;0;4;4;0;0;4;4;0;4;2;0;4;0;2;4;0;2;2;4;0;0;0;4;3;0;0,665128565627;0,614859498079;0,622892080299;0,704365153685;0,661128023468;7,53040322988;0;0;0;0
2;0;2;2;0;0;0;4;4;2;0;2;0;4;4;2;2;4;4;4;0;4;2;2;2;2;4;0;4;0;0;1;4;0;4;4;4;0;2;2;0;0;0;4;2;2;0;2;4;3;2;0;0;0;4;4;4;0;2;4;2;2;0;0;4;4;0;4;4;2;2;0;0;0;2;4;2;2;2;2;0;4;4;2;2;4;4;4;3;0;4;2;2;4;0;4;2;0;0;0;3;0;2;4;0;0;2;4;0;4;0;2;4;4;0;0;0;2;4;4;2;0;0;4;0;0;0;2;0;4;4;0;2;4;2;2;2;2;0;4;2;2;2;0;2;4;0;2;2;1;2;0;0;0;4;4;0;0;4;4;0;4;2;0;4;0;2;4;0;2;2;4;0;0;0;4;3;0;0,665128565627;0,614859498079;0,622892080299;0,704365153685;0,661128023468;7,53040322988;0;0;0;0
2;0;2;2;0;0;0;4;4;2;0;2;0;4;4;2;2;4;4;4;0;4;2;2;2;2;4;0;4;0;0;1;4;0;4;4;4;0;2;2;0;0;0;4;2;2;0;2;4;3;2;0;0;0;4;4;4;0;2;4;2;2;0;0;4;4;0;4;4;2;2;0;0;0;2;4;2;2;2;2;0;4;4;2;2;4;4;4;3;0;4;2;2;4;0;4;2;0;0;0;3;0;2;4;0;0;2;4;0;4;0;2;4;4;0;0;0;2;4;4;2;0;0;4;0;0;0;2;0;4;4;0;2;4;2;2;2;2;0;4;2;2;2;0;2;4;0;2;2;1;2;0;0;0;4;4;0;0;4;4;0;4;2;0;4;0;2;4;0;2;2;4;0;0;0;4;3;0;0,665128565627;0,614859498079;0,622892080299;0,704365153685;0,661128023468;7,53040322988;0;0;0;0
